,Lat,Lon,Ele,YR--MODAHRMN,DIR,SPD,GUS,TEMP,ALT
0,60.255,25.043,17.4,191801010600,270,14,***,30,*****
1,60.255,25.043,17.4,191801011300,270,14,***,28,*****
2,60.255,25.043,17.4,191801012000,290,14,***,26,*****
3,60.255,25.043,17.4,191801020600,270,7,***,21,*****
4,60.255,25.043,17.4,191801021300,020,9,***,17,*****
5,60.255,25.043,17.4,191801022000,020,14,***,16,*****
6,60.255,25.043,17.4,191801030600,360,19,***,15,*****
7,60.255,25.043,17.4,191801031300,320,22,***,9,*****
8,60.255,25.043,17.4,191801032000,290,22,***,4,*****
9,60.255,25.043,17.4,191801040600,320,18,***,2,*****
10,60.255,25.043,17.4,191801041300,340,11,***,0,*****
11,60.255,25.043,17.4,191801042000,320,5,***,-3,*****
12,60.255,25.043,17.4,191801050600,020,9,***,1,*****
13,60.255,25.043,17.4,191801051300,200,14,***,15,*****
14,60.255,25.043,17.4,191801052000,200,19,***,22,*****
15,60.255,25.043,17.4,191801060600,290,22,***,22,*****
16,60.255,25.043,17.4,191801061300,340,18,***,5,*****
17,60.255,25.043,17.4,191801062000,320,9,***,-4,*****
18,60.255,25.043,17.4,191801070600,020,7,***,-10,*****
19,60.255,25.043,17.4,191801071300,020,11,***,-8,*****
20,60.255,25.043,17.4,191801072000,070,14,***,1,*****
21,60.255,25.043,17.4,191801080600,070,22,***,4,*****
22,60.255,25.043,17.4,191801081300,070,19,***,6,*****
23,60.255,25.043,17.4,191801082000,050,19,***,1,*****
24,60.255,25.043,17.4,191801090600,020,9,***,-2,*****
25,60.255,25.043,17.4,191801091300,320,11,***,-4,*****
26,60.255,25.043,17.4,191801092000,340,9,***,-12,*****
27,60.255,25.043,17.4,191801100600,090,2,***,-22,*****
28,60.255,25.043,17.4,191801101300,230,16,***,18,*****
29,60.255,25.043,17.4,191801102000,230,19,***,23,*****
30,60.255,25.043,17.4,191801110600,180,18,***,19,*****
31,60.255,25.043,17.4,191801111300,070,18,***,16,*****
32,60.255,25.043,17.4,191801112000,050,18,***,6,*****
33,60.255,25.043,17.4,191801120600,020,9,***,5,*****
34,60.255,25.043,17.4,191801121300,340,7,***,1,*****
35,60.255,25.043,17.4,191801122000,320,5,***,-4,*****
36,60.255,25.043,17.4,191801130600,320,5,***,-5,*****
37,60.255,25.043,17.4,191801131300,320,2,***,-3,*****
38,60.255,25.043,17.4,191801132000,050,5,***,-9,*****
39,60.255,25.043,17.4,191801140600,050,5,***,-6,*****
40,60.255,25.043,17.4,191801141300,050,5,***,-1,*****
41,60.255,25.043,17.4,191801142000,200,7,***,0,*****
42,60.255,25.043,17.4,191801150600,230,16,***,22,*****
43,60.255,25.043,17.4,191801151300,200,26,***,22,*****
44,60.255,25.043,17.4,191801152000,180,16,***,20,*****
45,60.255,25.043,17.4,191801160600,050,9,***,20,*****
46,60.255,25.043,17.4,191801161300,320,18,***,11,*****
47,60.255,25.043,17.4,191801162000,320,9,***,4,*****
48,60.255,25.043,17.4,191801170600,050,5,***,1,*****
49,60.255,25.043,17.4,191801171300,050,5,***,6,*****
50,60.255,25.043,17.4,191801172000,050,7,***,6,*****
51,60.255,25.043,17.4,191801180600,070,2,***,5,*****
52,60.255,25.043,17.4,191801181300,090,7,***,14,*****
53,60.255,25.043,17.4,191801182000,200,11,***,26,*****
54,60.255,25.043,17.4,191801190600,140,14,***,23,*****
55,60.255,25.043,17.4,191801191300,270,16,***,26,*****
56,60.255,25.043,17.4,191801192000,290,24,***,22,*****
57,60.255,25.043,17.4,191801200600,250,7,***,17,*****
58,60.255,25.043,17.4,191801201300,270,2,***,19,*****
59,60.255,25.043,17.4,191801202000,160,16,***,26,*****
60,60.255,25.043,17.4,191801210600,200,9,***,35,*****
61,60.255,25.043,17.4,191801211300,200,9,***,35,*****
62,60.255,25.043,17.4,191801212000,180,9,***,35,*****
63,60.255,25.043,17.4,191801220600,230,9,***,34,*****
64,60.255,25.043,17.4,191801221300,230,9,***,34,*****
65,60.255,25.043,17.4,191801222000,230,5,***,33,*****
66,60.255,25.043,17.4,191801230600,360,7,***,32,*****
67,60.255,25.043,17.4,191801231300,020,11,***,25,*****
68,60.255,25.043,17.4,191801232000,050,11,***,22,*****
69,60.255,25.043,17.4,191801240600,020,11,***,11,*****
70,60.255,25.043,17.4,191801241300,050,7,***,14,*****
71,60.255,25.043,17.4,191801242000,050,5,***,8,*****
72,60.255,25.043,17.4,191801250600,180,11,***,23,*****
73,60.255,25.043,17.4,191801251300,200,14,***,34,*****
74,60.255,25.043,17.4,191801252000,270,9,***,35,*****
75,60.255,25.043,17.4,191801260600,270,9,***,34,*****
76,60.255,25.043,17.4,191801261300,230,9,***,35,*****
77,60.255,25.043,17.4,191801262000,250,9,***,35,*****
78,60.255,25.043,17.4,191801270600,270,9,***,34,*****
79,60.255,25.043,17.4,191801271300,230,9,***,35,*****
80,60.255,25.043,17.4,191801272000,230,11,***,36,*****
81,60.255,25.043,17.4,191801280600,270,14,***,36,*****
82,60.255,25.043,17.4,191801281300,230,9,***,39,*****
83,60.255,25.043,17.4,191801282000,230,11,***,32,*****
84,60.255,25.043,17.4,191801290600,270,9,***,36,*****
85,60.255,25.043,17.4,191801291300,230,9,***,37,*****
86,60.255,25.043,17.4,191801292000,290,11,***,36,*****
87,60.255,25.043,17.4,191801300600,340,5,***,35,*****
88,60.255,25.043,17.4,191801301300,140,5,***,33,*****
89,60.255,25.043,17.4,191801302000,050,2,***,30,*****
90,60.255,25.043,17.4,191801310600,200,7,***,32,*****
91,60.255,25.043,17.4,191801311300,230,11,***,35,*****
92,60.255,25.043,17.4,191801312000,290,7,***,33,*****
93,60.255,25.043,17.4,191802010600,230,9,***,29,*****
94,60.255,25.043,17.4,191802011300,230,11,***,31,*****
95,60.255,25.043,17.4,191802012000,290,9,***,31,*****
96,60.255,25.043,17.4,191802020600,290,2,***,28,*****
97,60.255,25.043,17.4,191802021300,200,5,***,33,*****
98,60.255,25.043,17.4,191802022000,230,7,***,30,*****
99,60.255,25.043,17.4,191802030600,200,14,***,33,*****
100,60.255,25.043,17.4,191802031300,230,16,***,31,*****
101,60.255,25.043,17.4,191802032000,270,9,***,28,*****
102,60.255,25.043,17.4,191802040600,270,7,***,25,*****
103,60.255,25.043,17.4,191802041300,230,7,***,30,*****
104,60.255,25.043,17.4,191802042000,200,14,***,31,*****
105,60.255,25.043,17.4,191802050600,200,14,***,31,*****
106,60.255,25.043,17.4,191802051300,230,14,***,31,*****
107,60.255,25.043,17.4,191802052000,200,11,***,33,*****
108,60.255,25.043,17.4,191802060600,200,18,***,34,*****
109,60.255,25.043,17.4,191802061300,200,16,***,34,*****
110,60.255,25.043,17.4,191802062000,200,16,***,32,*****
111,60.255,25.043,17.4,191802070600,200,16,***,34,*****
112,60.255,25.043,17.4,191802071300,200,11,***,32,*****
113,60.255,25.043,17.4,191802072000,160,7,***,32,*****
114,60.255,25.043,17.4,191802080600,270,9,***,32,*****
115,60.255,25.043,17.4,191802081300,320,11,***,26,*****
116,60.255,25.043,17.4,191802082000,050,5,***,20,*****
117,60.255,25.043,17.4,191802090600,320,5,***,30,*****
118,60.255,25.043,17.4,191802091300,320,11,***,16,*****
119,60.255,25.043,17.4,191802092000,320,5,***,14,*****
120,60.255,25.043,17.4,191802100600,070,11,***,27,*****
121,60.255,25.043,17.4,191802101300,090,18,***,25,*****
122,60.255,25.043,17.4,191802102000,050,14,***,20,*****
123,60.255,25.043,17.4,191802110600,360,11,***,14,*****
124,60.255,25.043,17.4,191802111300,340,9,***,13,*****
125,60.255,25.043,17.4,191802112000,020,9,***,5,*****
126,60.255,25.043,17.4,191802120600,020,7,***,-5,*****
127,60.255,25.043,17.4,191802121300,***,0,***,5,*****
128,60.255,25.043,17.4,191802122000,250,5,***,15,*****
129,60.255,25.043,17.4,191802130600,320,11,***,27,*****
130,60.255,25.043,17.4,191802131300,290,14,***,28,*****
131,60.255,25.043,17.4,191802132000,320,14,***,22,*****
132,60.255,25.043,17.4,191802140600,340,14,***,20,*****
133,60.255,25.043,17.4,191802141300,340,16,***,19,*****
134,60.255,25.043,17.4,191802142000,360,9,***,12,*****
135,60.255,25.043,17.4,191802150600,050,7,***,4,*****
136,60.255,25.043,17.4,191802151300,***,0,***,14,*****
137,60.255,25.043,17.4,191802152000,250,7,***,13,*****
138,60.255,25.043,17.4,191802160600,250,14,***,27,*****
139,60.255,25.043,17.4,191802161300,270,14,***,28,*****
140,60.255,25.043,17.4,191802162000,270,11,***,27,*****
141,60.255,25.043,17.4,191802170600,270,11,***,26,*****
142,60.255,25.043,17.4,191802171300,270,5,***,27,*****
143,60.255,25.043,17.4,191802172000,050,5,***,20,*****
144,60.255,25.043,17.4,191802180600,180,9,***,28,*****
145,60.255,25.043,17.4,191802181300,160,11,***,27,*****
146,60.255,25.043,17.4,191802182000,070,7,***,16,*****
147,60.255,25.043,17.4,191802190600,070,7,***,9,*****
148,60.255,25.043,17.4,191802191300,090,9,***,17,*****
149,60.255,25.043,17.4,191802192000,050,7,***,13,*****
150,60.255,25.043,17.4,191802200600,050,9,***,13,*****
151,60.255,25.043,17.4,191802201300,070,7,***,15,*****
152,60.255,25.043,17.4,191802202000,090,9,***,15,*****
153,60.255,25.043,17.4,191802210600,140,9,***,11,*****
154,60.255,25.043,17.4,191802211300,070,9,***,12,*****
155,60.255,25.043,17.4,191802212000,070,7,***,9,*****
156,60.255,25.043,17.4,191802220600,050,5,***,2,*****
157,60.255,25.043,17.4,191802221300,320,2,***,11,*****
158,60.255,25.043,17.4,191802222000,250,5,***,1,*****
159,60.255,25.043,17.4,191802230600,160,5,***,4,*****
160,60.255,25.043,17.4,191802231300,140,9,***,12,*****
161,60.255,25.043,17.4,191802232000,200,9,***,15,*****
162,60.255,25.043,17.4,191802240600,200,11,***,22,*****
163,60.255,25.043,17.4,191802241300,200,11,***,30,*****
164,60.255,25.043,17.4,191802242000,270,9,***,30,*****
165,60.255,25.043,17.4,191802250600,270,5,***,15,*****
166,60.255,25.043,17.4,191802251300,270,5,***,29,*****
167,60.255,25.043,17.4,191802252000,270,5,***,18,*****
168,60.255,25.043,17.4,191802260600,250,7,***,23,*****
169,60.255,25.043,17.4,191802261300,230,7,***,30,*****
170,60.255,25.043,17.4,191802262000,200,22,***,32,*****
171,60.255,25.043,17.4,191802270600,230,9,***,30,*****
172,60.255,25.043,17.4,191802271300,230,11,***,33,*****
173,60.255,25.043,17.4,191802272000,290,9,***,33,*****
174,60.255,25.043,17.4,191802280600,320,9,***,22,*****
175,60.255,25.043,17.4,191802281300,290,16,***,22,*****
176,60.255,25.043,17.4,191802282000,290,14,***,19,*****
177,60.255,25.043,17.4,191803010600,270,9,***,12,*****
178,60.255,25.043,17.4,191803011300,290,14,***,24,*****
179,60.255,25.043,17.4,191803012000,320,7,***,17,*****
180,60.255,25.043,17.4,191803020600,320,5,***,17,*****
181,60.255,25.043,17.4,191803021300,360,2,***,24,*****
182,60.255,25.043,17.4,191803022000,230,5,***,17,*****
183,60.255,25.043,17.4,191803030600,230,7,***,15,*****
184,60.255,25.043,17.4,191803031300,230,9,***,28,*****
185,60.255,25.043,17.4,191803032000,230,7,***,23,*****
186,60.255,25.043,17.4,191803040600,250,5,***,17,*****
187,60.255,25.043,17.4,191803041300,230,5,***,30,*****
188,60.255,25.043,17.4,191803042000,090,5,***,23,*****
189,60.255,25.043,17.4,191803050600,180,9,***,23,*****
190,60.255,25.043,17.4,191803051300,200,9,***,30,*****
191,60.255,25.043,17.4,191803052000,230,5,***,28,*****
192,60.255,25.043,17.4,191803060600,250,9,***,22,*****
193,60.255,25.043,17.4,191803061300,250,7,***,36,*****
194,60.255,25.043,17.4,191803062000,320,7,***,29,*****
195,60.255,25.043,17.4,191803070600,320,5,***,17,*****
196,60.255,25.043,17.4,191803071300,320,7,***,32,*****
197,60.255,25.043,17.4,191803072000,270,9,***,25,*****
198,60.255,25.043,17.4,191803080600,320,7,***,19,*****
199,60.255,25.043,17.4,191803081300,320,5,***,40,*****
200,60.255,25.043,17.4,191803082000,320,5,***,32,*****
201,60.255,25.043,17.4,191803090600,320,5,***,23,*****
202,60.255,25.043,17.4,191803091300,230,7,***,36,*****
203,60.255,25.043,17.4,191803092000,320,7,***,29,*****
204,60.255,25.043,17.4,191803100600,050,7,***,20,*****
205,60.255,25.043,17.4,191803101300,140,5,***,31,*****
206,60.255,25.043,17.4,191803102000,090,5,***,21,*****
207,60.255,25.043,17.4,191803110600,090,2,***,11,*****
208,60.255,25.043,17.4,191803111300,180,9,***,31,*****
209,60.255,25.043,17.4,191803112000,230,7,***,32,*****
210,60.255,25.043,17.4,191803120600,340,9,***,28,*****
211,60.255,25.043,17.4,191803121300,050,9,***,26,*****
212,60.255,25.043,17.4,191803122000,050,7,***,20,*****
213,60.255,25.043,17.4,191803130600,070,9,***,11,*****
214,60.255,25.043,17.4,191803131300,140,5,***,25,*****
215,60.255,25.043,17.4,191803132000,140,5,***,16,*****
216,60.255,25.043,17.4,191803140600,250,9,***,27,*****
217,60.255,25.043,17.4,191803141300,250,9,***,34,*****
218,60.255,25.043,17.4,191803142000,250,9,***,33,*****
219,60.255,25.043,17.4,191803150600,290,9,***,32,*****
220,60.255,25.043,17.4,191803151300,250,9,***,43,*****
221,60.255,25.043,17.4,191803152000,290,11,***,38,*****
222,60.255,25.043,17.4,191803160600,290,11,***,37,*****
223,60.255,25.043,17.4,191803161300,320,14,***,44,*****
224,60.255,25.043,17.4,191803162000,320,7,***,36,*****
225,60.255,25.043,17.4,191803170600,320,2,***,23,*****
226,60.255,25.043,17.4,191803171300,290,7,***,38,*****
227,60.255,25.043,17.4,191803172000,270,5,***,30,*****
228,60.255,25.043,17.4,191803180600,230,9,***,21,*****
229,60.255,25.043,17.4,191803181300,250,9,***,31,*****
230,60.255,25.043,17.4,191803182000,250,11,***,28,*****
231,60.255,25.043,17.4,191803190600,250,9,***,30,*****
232,60.255,25.043,17.4,191803191300,250,7,***,35,*****
233,60.255,25.043,17.4,191803192000,200,5,***,29,*****
234,60.255,25.043,17.4,191803200600,***,0,***,31,*****
235,60.255,25.043,17.4,191803201300,250,2,***,37,*****
236,60.255,25.043,17.4,191803202000,230,7,***,32,*****
237,60.255,25.043,17.4,191803210600,230,5,***,32,*****
238,60.255,25.043,17.4,191803211300,200,7,***,38,*****
239,60.255,25.043,17.4,191803212000,***,0,***,30,*****
240,60.255,25.043,17.4,191803220600,230,9,***,30,*****
241,60.255,25.043,17.4,191803221300,230,9,***,39,*****
242,60.255,25.043,17.4,191803222000,200,9,***,35,*****
243,60.255,25.043,17.4,191803230600,250,11,***,39,*****
244,60.255,25.043,17.4,191803231300,290,29,***,45,*****
245,60.255,25.043,17.4,191803232000,290,18,***,40,*****
246,60.255,25.043,17.4,191803240600,320,9,***,34,*****
247,60.255,25.043,17.4,191803241300,340,11,***,35,*****
248,60.255,25.043,17.4,191803242000,020,16,***,19,*****
249,60.255,25.043,17.4,191803250600,320,9,***,6,*****
250,60.255,25.043,17.4,191803251300,340,19,***,20,*****
251,60.255,25.043,17.4,191803252000,340,11,***,16,*****
252,60.255,25.043,17.4,191803260600,340,11,***,12,*****
253,60.255,25.043,17.4,191803261300,360,18,***,22,*****
254,60.255,25.043,17.4,191803262000,340,11,***,19,*****
255,60.255,25.043,17.4,191803270600,340,11,***,17,*****
256,60.255,25.043,17.4,191803271300,020,11,***,18,*****
257,60.255,25.043,17.4,191803272000,090,2,***,16,*****
258,60.255,25.043,17.4,191803280600,230,9,***,17,*****
259,60.255,25.043,17.4,191803281300,230,14,***,27,*****
260,60.255,25.043,17.4,191803282000,230,16,***,27,*****
261,60.255,25.043,17.4,191803290600,230,18,***,33,*****
262,60.255,25.043,17.4,191803291300,230,18,***,35,*****
263,60.255,25.043,17.4,191803292000,230,18,***,34,*****
264,60.255,25.043,17.4,191803300600,230,14,***,33,*****
265,60.255,25.043,17.4,191803301300,200,11,***,35,*****
266,60.255,25.043,17.4,191803302000,140,5,***,32,*****
267,60.255,25.043,17.4,191803310600,180,11,***,29,*****
268,60.255,25.043,17.4,191803311300,070,11,***,34,*****
269,60.255,25.043,17.4,191803312000,090,11,***,35,*****
270,60.255,25.043,17.4,191804010600,110,9,***,31,*****
271,60.255,25.043,17.4,191804011300,110,11,***,32,*****
272,60.255,25.043,17.4,191804012000,180,9,***,31,*****
273,60.255,25.043,17.4,191804020600,090,5,***,31,*****
274,60.255,25.043,17.4,191804021300,090,5,***,38,*****
275,60.255,25.043,17.4,191804022000,090,7,***,36,*****
276,60.255,25.043,17.4,191804030600,090,7,***,34,*****
277,60.255,25.043,17.4,191804032000,160,9,***,40,*****
278,60.255,25.043,17.4,191804040600,200,5,***,35,*****
279,60.255,25.043,17.4,191804041300,180,2,***,37,*****
280,60.255,25.043,17.4,191804042000,***,0,***,35,*****
281,60.255,25.043,17.4,191804050600,050,2,***,34,*****
282,60.255,25.043,17.4,191804051300,090,9,***,35,*****
283,60.255,25.043,17.4,191804052000,070,9,***,34,*****
284,60.255,25.043,17.4,191804060600,340,9,***,35,*****
285,60.255,25.043,17.4,191804061300,050,5,***,44,*****
286,60.255,25.043,17.4,191804062000,230,2,***,35,*****
287,60.255,25.043,17.4,191804070600,090,5,***,32,*****
288,60.255,25.043,17.4,191804071300,090,7,***,40,*****
289,60.255,25.043,17.4,191804072000,090,9,***,35,*****
290,60.255,25.043,17.4,191804080600,090,7,***,31,*****
291,60.255,25.043,17.4,191804081300,090,11,***,39,*****
292,60.255,25.043,17.4,191804082000,090,9,***,33,*****
293,60.255,25.043,17.4,191804090600,110,9,***,36,*****
294,60.255,25.043,17.4,191804091300,090,16,***,38,*****
295,60.255,25.043,17.4,191804092000,090,9,***,36,*****
296,60.255,25.043,17.4,191804100600,090,5,***,34,*****
297,60.255,25.043,17.4,191804101300,090,7,***,39,*****
298,60.255,25.043,17.4,191804102000,090,7,***,36,*****
299,60.255,25.043,17.4,191804110600,180,5,***,36,*****
300,60.255,25.043,17.4,191804111300,140,2,***,48,*****
301,60.255,25.043,17.4,191804112000,090,5,***,40,*****
302,60.255,25.043,17.4,191804120600,090,9,***,37,*****
303,60.255,25.043,17.4,191804121300,110,7,***,41,*****
304,60.255,25.043,17.4,191804122000,090,9,***,39,*****
305,60.255,25.043,17.4,191804130600,090,5,***,38,*****
306,60.255,25.043,17.4,191804131300,140,5,***,52,*****
307,60.255,25.043,17.4,191804132000,140,5,***,43,*****
308,60.255,25.043,17.4,191804140600,270,5,***,35,*****
309,60.255,25.043,17.4,191804141300,340,11,***,41,*****
310,60.255,25.043,17.4,191804142000,360,14,***,36,*****
311,60.255,25.043,17.4,191804150600,050,14,***,33,*****
312,60.255,25.043,17.4,191804151300,070,9,***,36,*****
313,60.255,25.043,17.4,191804152000,090,5,***,30,*****
314,60.255,25.043,17.4,191804160600,050,5,***,30,*****
315,60.255,25.043,17.4,191804161300,140,7,***,36,*****
316,60.255,25.043,17.4,191804162000,***,0,***,30,*****
317,60.255,25.043,17.4,191804170600,320,2,***,34,*****
318,60.255,25.043,17.4,191804171300,180,7,***,42,*****
319,60.255,25.043,17.4,191804172000,***,0,***,35,*****
320,60.255,25.043,17.4,191804180600,070,9,***,33,*****
321,60.255,25.043,17.4,191804181300,070,14,***,42,*****
322,60.255,25.043,17.4,191804182000,070,14,***,39,*****
323,60.255,25.043,17.4,191804190600,070,14,***,37,*****
324,60.255,25.043,17.4,191804191300,070,14,***,41,*****
325,60.255,25.043,17.4,191804192000,070,5,***,39,*****
326,60.255,25.043,17.4,191804200600,090,5,***,40,*****
327,60.255,25.043,17.4,191804201300,090,2,***,46,*****
328,60.255,25.043,17.4,191804202000,***,0,***,43,*****
329,60.255,25.043,17.4,191804210600,070,9,***,41,*****
330,60.255,25.043,17.4,191804211300,090,5,***,48,*****
331,60.255,25.043,17.4,191804212000,070,5,***,42,*****
332,60.255,25.043,17.4,191804220600,070,11,***,38,*****
333,60.255,25.043,17.4,191804221300,070,16,***,44,*****
334,60.255,25.043,17.4,191804222000,070,11,***,39,*****
335,60.255,25.043,17.4,191804230600,070,9,***,38,*****
336,60.255,25.043,17.4,191804231300,070,11,***,48,*****
337,60.255,25.043,17.4,191804232000,070,2,***,41,*****
338,60.255,25.043,17.4,191804240600,050,2,***,41,*****
339,60.255,25.043,17.4,191804241300,140,7,***,51,*****
340,60.255,25.043,17.4,191804242000,***,0,***,45,*****
341,60.255,25.043,17.4,191804250600,***,0,***,44,*****
342,60.255,25.043,17.4,191804251300,140,7,***,52,*****
343,60.255,25.043,17.4,191804252000,***,0,***,45,*****
344,60.255,25.043,17.4,191804260600,***,0,***,44,*****
345,60.255,25.043,17.4,191804261300,140,7,***,55,*****
346,60.255,25.043,17.4,191804262000,***,0,***,45,*****
347,60.255,25.043,17.4,191804270600,***,0,***,47,*****
348,60.255,25.043,17.4,191804271300,140,5,***,54,*****
349,60.255,25.043,17.4,191804272000,180,5,***,48,*****
350,60.255,25.043,17.4,191804280600,270,5,***,45,*****
351,60.255,25.043,17.4,191804281300,340,14,***,49,*****
352,60.255,25.043,17.4,191804282000,340,14,***,44,*****
353,60.255,25.043,17.4,191804290600,360,16,***,37,*****
354,60.255,25.043,17.4,191804291300,360,16,***,38,*****
355,60.255,25.043,17.4,191804292000,360,11,***,35,*****
356,60.255,25.043,17.4,191804300600,340,7,***,32,*****
357,60.255,25.043,17.4,191804301300,200,11,***,38,*****
358,60.255,25.043,17.4,191804302000,320,2,***,37,*****
359,60.255,25.043,17.4,191805010600,320,7,***,40,*****
360,60.255,25.043,17.4,191805011300,320,11,***,57,*****
361,60.255,25.043,17.4,191805012000,320,9,***,48,*****
362,60.255,25.043,17.4,191805020600,270,7,***,43,*****
363,60.255,25.043,17.4,191805021300,340,18,***,63,*****
364,60.255,25.043,17.4,191805022000,340,14,***,51,*****
365,60.255,25.043,17.4,191805030600,340,11,***,40,*****
366,60.255,25.043,17.4,191805031300,050,16,***,45,*****
367,60.255,25.043,17.4,191805032000,020,9,***,35,*****
368,60.255,25.043,17.4,191805040600,020,9,***,30,*****
369,60.255,25.043,17.4,191805041300,200,11,***,36,*****
370,60.255,25.043,17.4,191805042000,200,9,***,34,*****
371,60.255,25.043,17.4,191805050600,270,7,***,34,*****
372,60.255,25.043,17.4,191805051300,230,18,***,40,*****
373,60.255,25.043,17.4,191805052000,340,9,***,44,*****
374,60.255,25.043,17.4,191805060600,340,9,***,41,*****
375,60.255,25.043,17.4,191805061300,200,14,***,46,*****
376,60.255,25.043,17.4,191805062000,250,9,***,45,*****
377,60.255,25.043,17.4,191805070600,320,7,***,41,*****
378,60.255,25.043,17.4,191805071300,140,11,***,43,*****
379,60.255,25.043,17.4,191805072000,***,0,***,36,*****
380,60.255,25.043,17.4,191805080600,020,9,***,36,*****
381,60.255,25.043,17.4,191805081300,160,11,***,39,*****
382,60.255,25.043,17.4,191805082000,200,5,***,36,*****
383,60.255,25.043,17.4,191805090600,***,0,***,35,*****
384,60.255,25.043,17.4,191805091300,090,9,***,33,*****
385,60.255,25.043,17.4,191805092000,110,9,***,33,*****
386,60.255,25.043,17.4,191805100600,070,9,***,34,*****
387,60.255,25.043,17.4,191805101300,140,9,***,37,*****
388,60.255,25.043,17.4,191805102000,090,5,***,35,*****
389,60.255,25.043,17.4,191805110600,070,2,***,37,*****
390,60.255,25.043,17.4,191805111300,110,7,***,39,*****
391,60.255,25.043,17.4,191805112000,090,2,***,36,*****
392,60.255,25.043,17.4,191805120600,090,2,***,39,*****
393,60.255,25.043,17.4,191805121300,140,9,***,46,*****
394,60.255,25.043,17.4,191805122000,140,7,***,42,*****
395,60.255,25.043,17.4,191805130600,090,5,***,44,*****
396,60.255,25.043,17.4,191805131300,140,7,***,51,*****
397,60.255,25.043,17.4,191805132000,110,7,***,44,*****
398,60.255,25.043,17.4,191805140600,200,9,***,47,*****
399,60.255,25.043,17.4,191805141300,160,5,***,52,*****
400,60.255,25.043,17.4,191805142000,110,5,***,46,*****
401,60.255,25.043,17.4,191805150600,200,5,***,47,*****
402,60.255,25.043,17.4,191805151300,200,9,***,54,*****
403,60.255,25.043,17.4,191805152000,230,5,***,49,*****
404,60.255,25.043,17.4,191805160600,230,5,***,49,*****
405,60.255,25.043,17.4,191805161300,200,11,***,58,*****
406,60.255,25.043,17.4,191805162000,250,7,***,55,*****
407,60.255,25.043,17.4,191805170600,***,0,***,50,*****
408,60.255,25.043,17.4,191805171300,200,14,***,55,*****
409,60.255,25.043,17.4,191805172000,250,9,***,58,*****
410,60.255,25.043,17.4,191805180600,***,0,***,51,*****
411,60.255,25.043,17.4,191805181300,200,11,***,58,*****
412,60.255,25.043,17.4,191805182000,270,7,***,62,*****
413,60.255,25.043,17.4,191805190600,200,9,***,50,*****
414,60.255,25.043,17.4,191805191300,340,18,***,70,*****
415,60.255,25.043,17.4,191805192000,320,11,***,57,*****
416,60.255,25.043,17.4,191805200600,320,2,***,53,*****
417,60.255,25.043,17.4,191805201300,230,7,***,58,*****
418,60.255,25.043,17.4,191805202000,320,11,***,56,*****
419,60.255,25.043,17.4,191805210600,320,5,***,54,*****
420,60.255,25.043,17.4,191805211300,200,7,***,58,*****
421,60.255,25.043,17.4,191805212000,320,2,***,55,*****
422,60.255,25.043,17.4,191805220600,200,9,***,51,*****
423,60.255,25.043,17.4,191805221300,200,5,***,49,*****
424,60.255,25.043,17.4,191805222000,340,11,***,51,*****
425,60.255,25.043,17.4,191805230600,320,11,***,52,*****
426,60.255,25.043,17.4,191805231300,340,16,***,63,*****
427,60.255,25.043,17.4,191805232000,340,9,***,50,*****
428,60.255,25.043,17.4,191805240600,340,7,***,51,*****
429,60.255,25.043,17.4,191805241300,200,9,***,56,*****
430,60.255,25.043,17.4,191805242000,020,9,***,48,*****
431,60.255,25.043,17.4,191805250600,050,9,***,47,*****
432,60.255,25.043,17.4,191805251300,140,7,***,51,*****
433,60.255,25.043,17.4,191805252000,070,7,***,48,*****
434,60.255,25.043,17.4,191805260600,070,11,***,41,*****
435,60.255,25.043,17.4,191805261300,140,9,***,47,*****
436,60.255,25.043,17.4,191805262000,270,2,***,44,*****
437,60.255,25.043,17.4,191805270600,340,9,***,48,*****
438,60.255,25.043,17.4,191805271300,230,9,***,51,*****
439,60.255,25.043,17.4,191805272000,110,9,***,42,*****
440,60.255,25.043,17.4,191805280600,020,7,***,42,*****
441,60.255,25.043,17.4,191805281300,200,9,***,45,*****
442,60.255,25.043,17.4,191805282000,270,5,***,46,*****
443,60.255,25.043,17.4,191805290600,***,0,***,51,*****
444,60.255,25.043,17.4,191805291300,290,9,***,64,*****
445,60.255,25.043,17.4,191805292000,320,9,***,55,*****
446,60.255,25.043,17.4,191805300600,200,14,***,51,*****
447,60.255,25.043,17.4,191805301300,230,11,***,55,*****
448,60.255,25.043,17.4,191805302000,270,7,***,54,*****
449,60.255,25.043,17.4,191805310600,320,7,***,49,*****
450,60.255,25.043,17.4,191805311300,320,22,***,56,*****
451,60.255,25.043,17.4,191805312000,320,14,***,50,*****
452,60.255,25.043,17.4,191806010600,340,16,***,50,*****
453,60.255,25.043,17.4,191806011300,340,16,***,52,*****
454,60.255,25.043,17.4,191806012000,320,14,***,46,*****
455,60.255,25.043,17.4,191806020600,320,7,***,45,*****
456,60.255,25.043,17.4,191806021300,340,11,***,52,*****
457,60.255,25.043,17.4,191806022000,360,9,***,45,*****
458,60.255,25.043,17.4,191806030600,020,11,***,46,*****
459,60.255,25.043,17.4,191806031300,050,18,***,50,*****
460,60.255,25.043,17.4,191806032000,360,18,***,51,*****
461,60.255,25.043,17.4,191806040600,340,22,***,41,*****
462,60.255,25.043,17.4,191806041300,050,19,***,47,*****
463,60.255,25.043,17.4,191806042000,050,18,***,44,*****
464,60.255,25.043,17.4,191806050600,020,14,***,43,*****
465,60.255,25.043,17.4,191806051300,360,7,***,63,*****
466,60.255,25.043,17.4,191806052000,020,11,***,53,*****
467,60.255,25.043,17.4,191806060600,250,5,***,52,*****
468,60.255,25.043,17.4,191806061300,020,9,***,65,*****
469,60.255,25.043,17.4,191806062000,270,7,***,57,*****
470,60.255,25.043,17.4,191806070600,340,7,***,58,*****
471,60.255,25.043,17.4,191806071300,200,11,***,64,*****
472,60.255,25.043,17.4,191806072000,110,2,***,53,*****
473,60.255,25.043,17.4,191806080600,160,7,***,52,*****
474,60.255,25.043,17.4,191806081300,140,9,***,56,*****
475,60.255,25.043,17.4,191806082000,090,2,***,51,*****
476,60.255,25.043,17.4,191806090600,340,2,***,59,*****
477,60.255,25.043,17.4,191806091300,200,7,***,59,*****
478,60.255,25.043,17.4,191806092000,110,2,***,56,*****
479,60.255,25.043,17.4,191806100600,320,11,***,56,*****
480,60.255,25.043,17.4,191806101300,320,11,***,63,*****
481,60.255,25.043,17.4,191806102000,020,2,***,56,*****
482,60.255,25.043,17.4,191806110600,320,11,***,50,*****
483,60.255,25.043,17.4,191806111300,320,9,***,58,*****
484,60.255,25.043,17.4,191806112000,320,7,***,55,*****
485,60.255,25.043,17.4,191806120600,320,5,***,53,*****
486,60.255,25.043,17.4,191806121300,230,14,***,60,*****
487,60.255,25.043,17.4,191806122000,290,9,***,55,*****
488,60.255,25.043,17.4,191806130600,270,5,***,53,*****
489,60.255,25.043,17.4,191806131300,230,11,***,57,*****
490,60.255,25.043,17.4,191806132000,320,2,***,55,*****
491,60.255,25.043,17.4,191806140600,320,5,***,57,*****
492,60.255,25.043,17.4,191806141300,230,14,***,58,*****
493,60.255,25.043,17.4,191806142000,180,9,***,49,*****
494,60.255,25.043,17.4,191806150600,250,14,***,53,*****
495,60.255,25.043,17.4,191806151300,230,19,***,53,*****
496,60.255,25.043,17.4,191806152000,230,14,***,50,*****
497,60.255,25.043,17.4,191806160600,200,11,***,51,*****
498,60.255,25.043,17.4,191806161300,230,19,***,55,*****
499,60.255,25.043,17.4,191806162000,230,14,***,49,*****
500,60.255,25.043,17.4,191806170600,230,9,***,51,*****
501,60.255,25.043,17.4,191806171300,230,14,***,61,*****
502,60.255,25.043,17.4,191806172000,200,7,***,52,*****
503,60.255,25.043,17.4,191806180600,200,7,***,46,*****
504,60.255,25.043,17.4,191806181300,090,2,***,54,*****
505,60.255,25.043,17.4,191806182000,050,16,***,49,*****
506,60.255,25.043,17.4,191806190600,230,14,***,48,*****
507,60.255,25.043,17.4,191806191300,230,16,***,50,*****
508,60.255,25.043,17.4,191806192000,200,14,***,47,*****
509,60.255,25.043,17.4,191806200600,200,2,***,54,*****
510,60.255,25.043,17.4,191806201300,230,14,***,59,*****
511,60.255,25.043,17.4,191806202000,290,9,***,60,*****
512,60.255,25.043,17.4,191806210600,230,5,***,56,*****
513,60.255,25.043,17.4,191806211300,160,5,***,64,*****
514,60.255,25.043,17.4,191806212000,070,7,***,55,*****
515,60.255,25.043,17.4,191806220600,090,5,***,54,*****
516,60.255,25.043,17.4,191806221300,070,5,***,53,*****
517,60.255,25.043,17.4,191806222000,230,5,***,52,*****
518,60.255,25.043,17.4,191806230600,070,9,***,52,*****
519,60.255,25.043,17.4,191806231300,110,5,***,56,*****
520,60.255,25.043,17.4,191806232000,070,9,***,55,*****
521,60.255,25.043,17.4,191806240600,140,5,***,53,*****
522,60.255,25.043,17.4,191806241300,180,9,***,61,*****
523,60.255,25.043,17.4,191806242000,180,7,***,58,*****
524,60.255,25.043,17.4,191806250600,320,5,***,58,*****
525,60.255,25.043,17.4,191806251300,230,7,***,59,*****
526,60.255,25.043,17.4,191806252000,230,5,***,55,*****
527,60.255,25.043,17.4,191806260600,180,2,***,55,*****
528,60.255,25.043,17.4,191806261300,090,7,***,56,*****
529,60.255,25.043,17.4,191806262000,140,7,***,53,*****
530,60.255,25.043,17.4,191806270600,180,9,***,53,*****
531,60.255,25.043,17.4,191806271300,140,7,***,56,*****
532,60.255,25.043,17.4,191806272000,320,5,***,52,*****
533,60.255,25.043,17.4,191806280600,200,14,***,53,*****
534,60.255,25.043,17.4,191806281300,200,7,***,54,*****
535,60.255,25.043,17.4,191806282000,180,2,***,54,*****
536,60.255,25.043,17.4,191806290600,180,2,***,54,*****
537,60.255,25.043,17.4,191806291300,140,5,***,61,*****
538,60.255,25.043,17.4,191806292000,020,7,***,55,*****
539,60.255,25.043,17.4,191806300600,320,5,***,56,*****
540,60.255,25.043,17.4,191806301300,200,2,***,62,*****
541,60.255,25.043,17.4,191806302000,230,2,***,60,*****
542,60.255,25.043,17.4,191807010600,090,2,***,57,*****
543,60.255,25.043,17.4,191807011300,090,2,***,69,*****
544,60.255,25.043,17.4,191807012000,***,0,***,66,*****
545,60.255,25.043,17.4,191807020600,140,7,***,65,*****
546,60.255,25.043,17.4,191807021300,090,5,***,76,*****
547,60.255,25.043,17.4,191807022000,090,5,***,72,*****
548,60.255,25.043,17.4,191807030600,090,9,***,70,*****
549,60.255,25.043,17.4,191807031300,090,7,***,79,*****
550,60.255,25.043,17.4,191807032000,090,5,***,72,*****
551,60.255,25.043,17.4,191807040600,***,0,***,73,*****
552,60.255,25.043,17.4,191807041300,110,5,***,81,*****
553,60.255,25.043,17.4,191807042000,090,2,***,72,*****
554,60.255,25.043,17.4,191807050600,180,2,***,73,*****
555,60.255,25.043,17.4,191807051300,200,7,***,69,*****
556,60.255,25.043,17.4,191807052000,***,0,***,66,*****
557,60.255,25.043,17.4,191807060600,250,2,***,68,*****
558,60.255,25.043,17.4,191807061300,200,9,***,71,*****
559,60.255,25.043,17.4,191807062000,230,7,***,65,*****
560,60.255,25.043,17.4,191807070600,320,7,***,56,*****
561,60.255,25.043,17.4,191807071300,090,9,***,65,*****
562,60.255,25.043,17.4,191807072000,070,9,***,60,*****
563,60.255,25.043,17.4,191807080600,230,7,***,57,*****
564,60.255,25.043,17.4,191807081300,230,9,***,54,*****
565,60.255,25.043,17.4,191807082000,***,0,***,55,*****
566,60.255,25.043,17.4,191807090600,***,0,***,57,*****
567,60.255,25.043,17.4,191807091300,110,7,***,62,*****
568,60.255,25.043,17.4,191807092000,110,9,***,57,*****
569,60.255,25.043,17.4,191807100600,***,0,***,61,*****
570,60.255,25.043,17.4,191807101300,230,9,***,64,*****
571,60.255,25.043,17.4,191807102000,230,7,***,58,*****
572,60.255,25.043,17.4,191807110600,320,7,***,59,*****
573,60.255,25.043,17.4,191807111300,320,7,***,71,*****
574,60.255,25.043,17.4,191807112000,320,5,***,65,*****
575,60.255,25.043,17.4,191807120600,320,9,***,60,*****
576,60.255,25.043,17.4,191807121300,320,9,***,72,*****
577,60.255,25.043,17.4,191807122000,320,9,***,65,*****
578,60.255,25.043,17.4,191807130600,320,11,***,64,*****
579,60.255,25.043,17.4,191807131300,230,11,***,68,*****
580,60.255,25.043,17.4,191807132000,250,9,***,65,*****
581,60.255,25.043,17.4,191807140600,200,7,***,61,*****
582,60.255,25.043,17.4,191807141300,200,18,***,67,*****
583,60.255,25.043,17.4,191807142000,230,7,***,59,*****
584,60.255,25.043,17.4,191807150600,200,7,***,58,*****
585,60.255,25.043,17.4,191807151300,230,9,***,63,*****
586,60.255,25.043,17.4,191807152000,230,5,***,59,*****
587,60.255,25.043,17.4,191807160600,320,2,***,58,*****
588,60.255,25.043,17.4,191807161300,340,7,***,62,*****
589,60.255,25.043,17.4,191807162000,340,7,***,58,*****
590,60.255,25.043,17.4,191807170600,360,9,***,57,*****
591,60.255,25.043,17.4,191807171300,360,9,***,62,*****
592,60.255,25.043,17.4,191807172000,340,7,***,58,*****
593,60.255,25.043,17.4,191807180600,020,2,***,59,*****
594,60.255,25.043,17.4,191807181300,200,11,***,64,*****
595,60.255,25.043,17.4,191807182000,230,7,***,59,*****
596,60.255,25.043,17.4,191807190600,***,0,***,59,*****
597,60.255,25.043,17.4,191807191300,230,7,***,66,*****
598,60.255,25.043,17.4,191807192000,200,7,***,61,*****
599,60.255,25.043,17.4,191807200600,230,5,***,62,*****
600,60.255,25.043,17.4,191807201300,200,11,***,66,*****
601,60.255,25.043,17.4,191807202000,200,9,***,60,*****
602,60.255,25.043,17.4,191807210600,200,5,***,62,*****
603,60.255,25.043,17.4,191807211300,180,9,***,66,*****
604,60.255,25.043,17.4,191807212000,140,5,***,62,*****
605,60.255,25.043,17.4,191807220600,070,5,***,64,*****
606,60.255,25.043,17.4,191807221300,140,7,***,68,*****
607,60.255,25.043,17.4,191807222000,***,0,***,65,*****
608,60.255,25.043,17.4,191807230600,320,5,***,65,*****
609,60.255,25.043,17.4,191807231300,340,14,***,77,*****
610,60.255,25.043,17.4,191807232000,050,5,***,69,*****
611,60.255,25.043,17.4,191807240600,070,9,***,63,*****
612,60.255,25.043,17.4,191807241300,360,9,***,68,*****
613,60.255,25.043,17.4,191807242000,360,9,***,64,*****
614,60.255,25.043,17.4,191807250600,320,7,***,60,*****
615,60.255,25.043,17.4,191807251300,340,9,***,64,*****
616,60.255,25.043,17.4,191807252000,360,5,***,63,*****
617,60.255,25.043,17.4,191807260600,360,7,***,61,*****
618,60.255,25.043,17.4,191807261300,020,11,***,64,*****
619,60.255,25.043,17.4,191807262000,360,2,***,64,*****
620,60.255,25.043,17.4,191807270600,020,5,***,61,*****
621,60.255,25.043,17.4,191807271300,140,5,***,65,*****
622,60.255,25.043,17.4,191807272000,***,0,***,61,*****
623,60.255,25.043,17.4,191807280600,180,2,***,62,*****
624,60.255,25.043,17.4,191807281300,200,9,***,67,*****
625,60.255,25.043,17.4,191807282000,270,5,***,62,*****
626,60.255,25.043,17.4,191807290600,***,0,***,64,*****
627,60.255,25.043,17.4,191807291300,230,5,***,69,*****
628,60.255,25.043,17.4,191807292000,***,0,***,62,*****
629,60.255,25.043,17.4,191807300600,020,7,***,63,*****
630,60.255,25.043,17.4,191807301300,070,14,***,75,*****
631,60.255,25.043,17.4,191807302000,020,9,***,64,*****
632,60.255,25.043,17.4,191807310600,020,16,***,57,*****
633,60.255,25.043,17.4,191807311300,020,18,***,59,*****
634,60.255,25.043,17.4,191807312000,020,16,***,57,*****
635,60.255,25.043,17.4,191808010600,020,9,***,53,*****
636,60.255,25.043,17.4,191808011300,020,11,***,56,*****
637,60.255,25.043,17.4,191808012000,020,9,***,53,*****
638,60.255,25.043,17.4,191808020600,020,9,***,53,*****
639,60.255,25.043,17.4,191808021300,020,11,***,58,*****
640,60.255,25.043,17.4,191808022000,360,7,***,55,*****
641,60.255,25.043,17.4,191808030600,020,7,***,56,*****
642,60.255,25.043,17.4,191808031300,020,5,***,61,*****
643,60.255,25.043,17.4,191808032000,050,5,***,61,*****
644,60.255,25.043,17.4,191808040600,050,2,***,58,*****
645,60.255,25.043,17.4,191808041300,160,7,***,64,*****
646,60.255,25.043,17.4,191808042000,***,0,***,61,*****
647,60.255,25.043,17.4,191808050600,***,0,***,60,*****
648,60.255,25.043,17.4,191808051300,200,5,***,63,*****
649,60.255,25.043,17.4,191808052000,230,5,***,61,*****
650,60.255,25.043,17.4,191808060600,360,5,***,61,*****
651,60.255,25.043,17.4,191808061300,230,9,***,64,*****
652,60.255,25.043,17.4,191808062000,320,5,***,60,*****
653,60.255,25.043,17.4,191808070600,050,7,***,57,*****
654,60.255,25.043,17.4,191808071300,070,5,***,62,*****
655,60.255,25.043,17.4,191808072000,070,2,***,61,*****
656,60.255,25.043,17.4,191808080600,180,2,***,62,*****
657,60.255,25.043,17.4,191808081300,180,7,***,64,*****
658,60.255,25.043,17.4,191808082000,140,5,***,62,*****
659,60.255,25.043,17.4,191808090600,160,2,***,62,*****
660,60.255,25.043,17.4,191808091300,140,7,***,61,*****
661,60.255,25.043,17.4,191808092000,090,5,***,62,*****
662,60.255,25.043,17.4,191808100600,***,0,***,62,*****
663,60.255,25.043,17.4,191808101300,200,9,***,68,*****
664,60.255,25.043,17.4,191808102000,070,5,***,62,*****
665,60.255,25.043,17.4,191808110600,320,7,***,59,*****
666,60.255,25.043,17.4,191808111300,320,7,***,65,*****
667,60.255,25.043,17.4,191808112000,020,11,***,58,*****
668,60.255,25.043,17.4,191808120600,020,5,***,55,*****
669,60.255,25.043,17.4,191808121300,230,9,***,64,*****
670,60.255,25.043,17.4,191808122000,270,7,***,58,*****
671,60.255,25.043,17.4,191808130600,320,2,***,58,*****
672,60.255,25.043,17.4,191808131300,230,9,***,66,*****
673,60.255,25.043,17.4,191808132000,250,5,***,61,*****
674,60.255,25.043,17.4,191808140600,320,2,***,58,*****
675,60.255,25.043,17.4,191808141300,200,9,***,66,*****
676,60.255,25.043,17.4,191808142000,230,7,***,62,*****
677,60.255,25.043,17.4,191808150600,290,9,***,58,*****
678,60.255,25.043,17.4,191808151300,230,11,***,60,*****
679,60.255,25.043,17.4,191808152000,230,11,***,62,*****
680,60.255,25.043,17.4,191808160600,250,11,***,62,*****
681,60.255,25.043,17.4,191808161300,230,9,***,59,*****
682,60.255,25.043,17.4,191808162000,250,9,***,57,*****
683,60.255,25.043,17.4,191808170600,320,9,***,50,*****
684,60.255,25.043,17.4,191808171300,320,7,***,53,*****
685,60.255,25.043,17.4,191808172000,360,7,***,51,*****
686,60.255,25.043,17.4,191808180600,360,7,***,50,*****
687,60.255,25.043,17.4,191808181300,090,9,***,55,*****
688,60.255,25.043,17.4,191808182000,050,5,***,51,*****
689,60.255,25.043,17.4,191808190600,360,5,***,49,*****
690,60.255,25.043,17.4,191808191300,270,5,***,56,*****
691,60.255,25.043,17.4,191808192000,320,7,***,51,*****
692,60.255,25.043,17.4,191808200600,340,7,***,51,*****
693,60.255,25.043,17.4,191808201300,230,5,***,55,*****
694,60.255,25.043,17.4,191808202000,140,5,***,53,*****
695,60.255,25.043,17.4,191808210600,200,5,***,58,*****
696,60.255,25.043,17.4,191808211300,200,11,***,59,*****
697,60.255,25.043,17.4,191808212000,200,14,***,55,*****
698,60.255,25.043,17.4,191808220600,320,11,***,54,*****
699,60.255,25.043,17.4,191808221300,320,9,***,62,*****
700,60.255,25.043,17.4,191808222000,320,2,***,55,*****
701,60.255,25.043,17.4,191808230600,230,2,***,57,*****
702,60.255,25.043,17.4,191808231300,180,11,***,61,*****
703,60.255,25.043,17.4,191808232000,230,18,***,60,*****
704,60.255,25.043,17.4,191808240600,270,24,***,53,*****
705,60.255,25.043,17.4,191808241300,270,24,***,58,*****
706,60.255,25.043,17.4,191808242000,320,14,***,53,*****
707,60.255,25.043,17.4,191808250600,***,0,***,52,*****
708,60.255,25.043,17.4,191808251300,140,5,***,55,*****
709,60.255,25.043,17.4,191808252000,090,7,***,50,*****
710,60.255,25.043,17.4,191808260600,020,5,***,49,*****
711,60.255,25.043,17.4,191808261300,200,7,***,59,*****
712,60.255,25.043,17.4,191808262000,320,5,***,51,*****
713,60.255,25.043,17.4,191808270600,320,2,***,48,*****
714,60.255,25.043,17.4,191808271300,200,9,***,55,*****
715,60.255,25.043,17.4,191808272000,270,7,***,51,*****
716,60.255,25.043,17.4,191808280600,320,5,***,45,*****
717,60.255,25.043,17.4,191808281300,200,7,***,55,*****
718,60.255,25.043,17.4,191808282000,230,7,***,51,*****
719,60.255,25.043,17.4,191808290600,***,0,***,51,*****
720,60.255,25.043,17.4,191808291300,230,7,***,56,*****
721,60.255,25.043,17.4,191808292000,360,2,***,53,*****
722,60.255,25.043,17.4,191808300600,320,5,***,49,*****
723,60.255,25.043,17.4,191808301300,200,2,***,56,*****
724,60.255,25.043,17.4,191808302000,270,5,***,53,*****
725,60.255,25.043,17.4,191808310600,230,2,***,54,*****
726,60.255,25.043,17.4,191808311300,110,7,***,56,*****
727,60.255,25.043,17.4,191808312000,110,11,***,55,*****
728,60.255,25.043,17.4,191809010600,140,9,***,52,*****
729,60.255,25.043,17.4,191809011300,160,9,***,55,*****
730,60.255,25.043,17.4,191809012000,200,7,***,56,*****
731,60.255,25.043,17.4,191809020600,160,5,***,53,*****
732,60.255,25.043,17.4,191809021300,230,7,***,55,*****
733,60.255,25.043,17.4,191809022000,180,5,***,53,*****
734,60.255,25.043,17.4,191809030600,200,9,***,54,*****
735,60.255,25.043,17.4,191809031300,180,9,***,57,*****
736,60.255,25.043,17.4,191809032000,180,7,***,55,*****
737,60.255,25.043,17.4,191809040600,180,9,***,54,*****
738,60.255,25.043,17.4,191809041300,180,9,***,55,*****
739,60.255,25.043,17.4,191809042000,230,5,***,53,*****
740,60.255,25.043,17.4,191809050600,340,11,***,49,*****
741,60.255,25.043,17.4,191809051300,290,14,***,53,*****
742,60.255,25.043,17.4,191809052000,290,11,***,47,*****
743,60.255,25.043,17.4,191809060600,230,7,***,52,*****
744,60.255,25.043,17.4,191809061300,250,16,***,54,*****
745,60.255,25.043,17.4,191809062000,250,7,***,51,*****
746,60.255,25.043,17.4,191809070600,320,9,***,46,*****
747,60.255,25.043,17.4,191809071300,320,14,***,53,*****
748,60.255,25.043,17.4,191809072000,320,9,***,47,*****
749,60.255,25.043,17.4,191809080600,320,2,***,45,*****
750,60.255,25.043,17.4,191809081300,230,11,***,55,*****
751,60.255,25.043,17.4,191809082000,230,5,***,47,*****
752,60.255,25.043,17.4,191809090600,140,9,***,53,*****
753,60.255,25.043,17.4,191809091300,090,11,***,57,*****
754,60.255,25.043,17.4,191809092000,140,16,***,55,*****
755,60.255,25.043,17.4,191809100600,140,11,***,51,*****
756,60.255,25.043,17.4,191809101300,200,11,***,54,*****
757,60.255,25.043,17.4,191809102000,160,7,***,54,*****
758,60.255,25.043,17.4,191809110600,140,16,***,54,*****
759,60.255,25.043,17.4,191809111300,180,16,***,54,*****
760,60.255,25.043,17.4,191809112000,200,9,***,54,*****
761,60.255,25.043,17.4,191809120600,200,7,***,52,*****
762,60.255,25.043,17.4,191809121300,160,11,***,55,*****
763,60.255,25.043,17.4,191809122000,180,14,***,53,*****
764,60.255,25.043,17.4,191809130600,250,9,***,50,*****
765,60.255,25.043,17.4,191809131300,230,9,***,56,*****
766,60.255,25.043,17.4,191809132000,250,9,***,50,*****
767,60.255,25.043,17.4,191809140600,200,7,***,49,*****
768,60.255,25.043,17.4,191809141300,230,11,***,55,*****
769,60.255,25.043,17.4,191809142000,230,9,***,52,*****
770,60.255,25.043,17.4,191809150600,250,11,***,48,*****
771,60.255,25.043,17.4,191809151300,290,5,***,44,*****
772,60.255,25.043,17.4,191809152000,320,9,***,44,*****
773,60.255,25.043,17.4,191809160600,290,14,***,49,*****
774,60.255,25.043,17.4,191809161300,290,14,***,52,*****
775,60.255,25.043,17.4,191809162000,270,5,***,46,*****
776,60.255,25.043,17.4,191809170600,050,5,***,44,*****
777,60.255,25.043,17.4,191809171300,050,5,***,53,*****
778,60.255,25.043,17.4,191809172000,230,2,***,45,*****
779,60.255,25.043,17.4,191809180600,110,11,***,46,*****
780,60.255,25.043,17.4,191809181300,110,14,***,46,*****
781,60.255,25.043,17.4,191809182000,090,2,***,48,*****
782,60.255,25.043,17.4,191809190600,140,5,***,49,*****
783,60.255,25.043,17.4,191809191300,200,9,***,55,*****
784,60.255,25.043,17.4,191809192000,230,7,***,53,*****
785,60.255,25.043,17.4,191809200600,200,18,***,55,*****
786,60.255,25.043,17.4,191809201300,230,22,***,55,*****
787,60.255,25.043,17.4,191809202000,230,18,***,53,*****
788,60.255,25.043,17.4,191809210600,230,16,***,48,*****
789,60.255,25.043,17.4,191809211300,230,24,***,50,*****
790,60.255,25.043,17.4,191809212000,250,16,***,47,*****
791,60.255,25.043,17.4,191809220600,270,9,***,47,*****
792,60.255,25.043,17.4,191809221300,270,7,***,51,*****
793,60.255,25.043,17.4,191809222000,250,5,***,47,*****
794,60.255,25.043,17.4,191809230600,180,9,***,48,*****
795,60.255,25.043,17.4,191809231300,110,11,***,55,*****
796,60.255,25.043,17.4,191809232000,140,9,***,54,*****
797,60.255,25.043,17.4,191809240600,180,11,***,51,*****
798,60.255,25.043,17.4,191809241300,180,7,***,56,*****
799,60.255,25.043,17.4,191809242000,230,7,***,53,*****
800,60.255,25.043,17.4,191809250600,180,7,***,51,*****
801,60.255,25.043,17.4,191809251300,200,11,***,55,*****
802,60.255,25.043,17.4,191809252000,200,14,***,53,*****
803,60.255,25.043,17.4,191809260600,230,16,***,49,*****
804,60.255,25.043,17.4,191809261300,250,16,***,52,*****
805,60.255,25.043,17.4,191809262000,230,11,***,49,*****
806,60.255,25.043,17.4,191809270600,230,11,***,48,*****
807,60.255,25.043,17.4,191809271300,230,14,***,52,*****
808,60.255,25.043,17.4,191809272000,250,5,***,46,*****
809,60.255,25.043,17.4,191809280600,250,5,***,42,*****
810,60.255,25.043,17.4,191809281300,250,18,***,52,*****
811,60.255,25.043,17.4,191809282000,230,9,***,47,*****
812,60.255,25.043,17.4,191809290600,160,11,***,48,*****
813,60.255,25.043,17.4,191809291300,200,16,***,47,*****
814,60.255,25.043,17.4,191809292000,180,11,***,46,*****
815,60.255,25.043,17.4,191809300600,320,11,***,44,*****
816,60.255,25.043,17.4,191809301300,200,7,***,49,*****
817,60.255,25.043,17.4,191809302000,090,2,***,45,*****
818,60.255,25.043,17.4,191810010600,090,9,***,47,*****
819,60.255,25.043,17.4,191810011300,200,11,***,51,*****
820,60.255,25.043,17.4,191810012000,200,16,***,47,*****
821,60.255,25.043,17.4,191810020600,340,16,***,40,*****
822,60.255,25.043,17.4,191810021300,360,14,***,47,*****
823,60.255,25.043,17.4,191810022000,270,5,***,41,*****
824,60.255,25.043,17.4,191810030600,250,5,***,44,*****
825,60.255,25.043,17.4,191810031300,230,16,***,50,*****
826,60.255,25.043,17.4,191810032000,200,14,***,47,*****
827,60.255,25.043,17.4,191810040600,230,14,***,47,*****
828,60.255,25.043,17.4,191810041300,230,14,***,51,*****
829,60.255,25.043,17.4,191810042000,180,7,***,48,*****
830,60.255,25.043,17.4,191810050600,110,9,***,45,*****
831,60.255,25.043,17.4,191810051300,090,11,***,48,*****
832,60.255,25.043,17.4,191810052000,200,14,***,49,*****
833,60.255,25.043,17.4,191810060600,230,16,***,47,*****
834,60.255,25.043,17.4,191810061300,230,19,***,51,*****
835,60.255,25.043,17.4,191810062000,230,14,***,49,*****
836,60.255,25.043,17.4,191810070600,230,14,***,50,*****
837,60.255,25.043,17.4,191810071300,230,16,***,53,*****
838,60.255,25.043,17.4,191810072000,250,14,***,49,*****
839,60.255,25.043,17.4,191810080600,200,14,***,48,*****
840,60.255,25.043,17.4,191810081300,160,9,***,50,*****
841,60.255,25.043,17.4,191810082000,200,14,***,52,*****
842,60.255,25.043,17.4,191810090600,200,7,***,49,*****
843,60.255,25.043,17.4,191810091300,230,5,***,52,*****
844,60.255,25.043,17.4,191810092000,230,9,***,48,*****
845,60.255,25.043,17.4,191810100600,250,11,***,48,*****
846,60.255,25.043,17.4,191810101300,230,16,***,51,*****
847,60.255,25.043,17.4,191810102000,230,16,***,50,*****
848,60.255,25.043,17.4,191810110600,230,14,***,50,*****
849,60.255,25.043,17.4,191810111300,230,14,***,51,*****
850,60.255,25.043,17.4,191810112000,200,9,***,47,*****
851,60.255,25.043,17.4,191810120600,160,2,***,48,*****
852,60.255,25.043,17.4,191810121300,180,5,***,51,*****
853,60.255,25.043,17.4,191810122000,***,0,***,50,*****
854,60.255,25.043,17.4,191810130600,***,0,***,49,*****
855,60.255,25.043,17.4,191810131300,090,2,***,51,*****
856,60.255,25.043,17.4,191810132000,110,7,***,53,*****
857,60.255,25.043,17.4,191810140600,230,5,***,53,*****
858,60.255,25.043,17.4,191810141300,***,0,***,54,*****
859,60.255,25.043,17.4,191810142000,320,5,***,53,*****
860,60.255,25.043,17.4,191810150600,360,9,***,49,*****
861,60.255,25.043,17.4,191810151300,020,11,***,43,*****
862,60.255,25.043,17.4,191810152000,070,9,***,43,*****
863,60.255,25.043,17.4,191810160600,070,9,***,48,*****
864,60.255,25.043,17.4,191810161300,090,9,***,48,*****
865,60.255,25.043,17.4,191810162000,070,9,***,49,*****
866,60.255,25.043,17.4,191810170600,070,7,***,49,*****
867,60.255,25.043,17.4,191810171300,070,9,***,49,*****
868,60.255,25.043,17.4,191810172000,070,7,***,49,*****
869,60.255,25.043,17.4,191810180600,070,5,***,49,*****
870,60.255,25.043,17.4,191810181300,070,2,***,50,*****
871,60.255,25.043,17.4,191810182000,050,5,***,50,*****
872,60.255,25.043,17.4,191810190600,020,5,***,48,*****
873,60.255,25.043,17.4,191810191300,050,5,***,51,*****
874,60.255,25.043,17.4,191810192000,320,5,***,49,*****
875,60.255,25.043,17.4,191810200600,320,9,***,40,*****
876,60.255,25.043,17.4,191810201300,340,14,***,42,*****
877,60.255,25.043,17.4,191810202000,320,11,***,35,*****
878,60.255,25.043,17.4,191810210600,320,7,***,29,*****
879,60.255,25.043,17.4,191810211300,320,7,***,42,*****
880,60.255,25.043,17.4,191810212000,270,9,***,39,*****
881,60.255,25.043,17.4,191810220600,320,2,***,37,*****
882,60.255,25.043,17.4,191810221300,270,7,***,42,*****
883,60.255,25.043,17.4,191810222000,250,9,***,39,*****
884,60.255,25.043,17.4,191810230600,270,9,***,45,*****
885,60.255,25.043,17.4,191810231300,230,9,***,48,*****
886,60.255,25.043,17.4,191810232000,230,14,***,47,*****
887,60.255,25.043,17.4,191810240600,200,14,***,46,*****
888,60.255,25.043,17.4,191810241300,270,9,***,46,*****
889,60.255,25.043,17.4,191810242000,290,11,***,42,*****
890,60.255,25.043,17.4,191810250600,270,7,***,37,*****
891,60.255,25.043,17.4,191810251300,270,2,***,41,*****
892,60.255,25.043,17.4,191810252000,140,9,***,45,*****
893,60.255,25.043,17.4,191810260600,200,9,***,46,*****
894,60.255,25.043,17.4,191810261300,180,7,***,47,*****
895,60.255,25.043,17.4,191810262000,090,5,***,46,*****
896,60.255,25.043,17.4,191810270600,050,9,***,45,*****
897,60.255,25.043,17.4,191810271300,050,14,***,45,*****
898,60.255,25.043,17.4,191810272000,050,9,***,45,*****
899,60.255,25.043,17.4,191810280600,020,9,***,45,*****
900,60.255,25.043,17.4,191810281300,340,7,***,45,*****
901,60.255,25.043,17.4,191810282000,320,7,***,44,*****
902,60.255,25.043,17.4,191810290600,320,2,***,44,*****
903,60.255,25.043,17.4,191810291300,250,7,***,42,*****
904,60.255,25.043,17.4,191810292000,270,2,***,41,*****
905,60.255,25.043,17.4,191810300600,200,9,***,45,*****
906,60.255,25.043,17.4,191810301300,200,5,***,47,*****
907,60.255,25.043,17.4,191810302000,180,9,***,47,*****
908,60.255,25.043,17.4,191810310600,180,5,***,42,*****
909,60.255,25.043,17.4,191810311300,140,5,***,46,*****
910,60.255,25.043,17.4,191810312000,160,7,***,46,*****
911,60.255,25.043,17.4,191811010600,110,9,***,46,*****
912,60.255,25.043,17.4,191811011300,140,7,***,46,*****
913,60.255,25.043,17.4,191811012000,140,9,***,46,*****
914,60.255,25.043,17.4,191811020600,160,9,***,42,*****
915,60.255,25.043,17.4,191811021300,160,7,***,43,*****
916,60.255,25.043,17.4,191811022000,160,9,***,41,*****
917,60.255,25.043,17.4,191811030600,070,9,***,40,*****
918,60.255,25.043,17.4,191811031300,110,9,***,38,*****
919,60.255,25.043,17.4,191811032000,110,14,***,41,*****
920,60.255,25.043,17.4,191811040600,110,14,***,42,*****
921,60.255,25.043,17.4,191811041300,140,14,***,42,*****
922,60.255,25.043,17.4,191811042000,180,14,***,43,*****
923,60.255,25.043,17.4,191811050600,180,14,***,43,*****
924,60.255,25.043,17.4,191811051300,160,14,***,44,*****
925,60.255,25.043,17.4,191811052000,140,16,***,44,*****
926,60.255,25.043,17.4,191811060600,200,18,***,47,*****
927,60.255,25.043,17.4,191811061300,200,14,***,48,*****
928,60.255,25.043,17.4,191811062000,230,9,***,47,*****
929,60.255,25.043,17.4,191811070600,230,2,***,46,*****
930,60.255,25.043,17.4,191811071300,050,2,***,46,*****
931,60.255,25.043,17.4,191811072000,140,9,***,48,*****
932,60.255,25.043,17.4,191811080600,200,16,***,44,*****
933,60.255,25.043,17.4,191811081300,200,11,***,45,*****
934,60.255,25.043,17.4,191811082000,180,9,***,41,*****
935,60.255,25.043,17.4,191811090600,200,16,***,41,*****
936,60.255,25.043,17.4,191811091300,200,18,***,45,*****
937,60.255,25.043,17.4,191811092000,250,9,***,44,*****
938,60.255,25.043,17.4,191811100600,230,5,***,45,*****
939,60.255,25.043,17.4,191811101300,200,9,***,45,*****
940,60.255,25.043,17.4,191811102000,230,16,***,45,*****
941,60.255,25.043,17.4,191811110600,200,22,***,46,*****
942,60.255,25.043,17.4,191811111300,200,24,***,45,*****
943,60.255,25.043,17.4,191811112000,230,24,***,44,*****
944,60.255,25.043,17.4,191811120600,250,5,***,39,*****
945,60.255,25.043,17.4,191811121300,270,7,***,40,*****
946,60.255,25.043,17.4,191811122000,270,9,***,37,*****
947,60.255,25.043,17.4,191811130600,320,7,***,33,*****
948,60.255,25.043,17.4,191811131300,320,9,***,36,*****
949,60.255,25.043,17.4,191811132000,320,5,***,30,*****
950,60.255,25.043,17.4,191811140600,320,5,***,26,*****
951,60.255,25.043,17.4,191811141300,250,5,***,38,*****
952,60.255,25.043,17.4,191811142000,250,7,***,40,*****
953,60.255,25.043,17.4,191811150600,290,7,***,39,*****
954,60.255,25.043,17.4,191811151300,320,9,***,40,*****
955,60.255,25.043,17.4,191811152000,320,9,***,38,*****
956,60.255,25.043,17.4,191811160600,320,5,***,35,*****
957,60.255,25.043,17.4,191811161300,320,7,***,36,*****
958,60.255,25.043,17.4,191811162000,320,5,***,40,*****
959,60.255,25.043,17.4,191811170600,290,7,***,37,*****
960,60.255,25.043,17.4,191811171300,270,11,***,40,*****
961,60.255,25.043,17.4,191811172000,250,9,***,41,*****
962,60.255,25.043,17.4,191811180600,320,11,***,36,*****
963,60.255,25.043,17.4,191811181300,320,9,***,38,*****
964,60.255,25.043,17.4,191811182000,230,5,***,36,*****
965,60.255,25.043,17.4,191811190600,320,2,***,31,*****
966,60.255,25.043,17.4,191811191300,320,2,***,34,*****
967,60.255,25.043,17.4,191811192000,290,5,***,28,*****
968,60.255,25.043,17.4,191811200600,360,7,***,24,*****
969,60.255,25.043,17.4,191811201300,340,7,***,26,*****
970,60.255,25.043,17.4,191811202000,340,7,***,21,*****
971,60.255,25.043,17.4,191811210600,050,5,***,16,*****
972,60.255,25.043,17.4,191811211300,230,7,***,30,*****
973,60.255,25.043,17.4,191811212000,250,9,***,33,*****
974,60.255,25.043,17.4,191811220600,250,16,***,39,*****
975,60.255,25.043,17.4,191811221300,270,16,***,40,*****
976,60.255,25.043,17.4,191811222000,270,14,***,39,*****
977,60.255,25.043,17.4,191811230600,270,14,***,40,*****
978,60.255,25.043,17.4,191811231300,250,9,***,40,*****
979,60.255,25.043,17.4,191811232000,250,14,***,41,*****
980,60.255,25.043,17.4,191811240600,270,14,***,37,*****
981,60.255,25.043,17.4,191811241300,270,14,***,38,*****
982,60.255,25.043,17.4,191811242000,320,7,***,35,*****
983,60.255,25.043,17.4,191811250600,320,5,***,29,*****
984,60.255,25.043,17.4,191811251300,050,5,***,33,*****
985,60.255,25.043,17.4,191811252000,180,7,***,40,*****
986,60.255,25.043,17.4,191811260600,180,9,***,36,*****
987,60.255,25.043,17.4,191811261300,140,7,***,33,*****
988,60.255,25.043,17.4,191811262000,140,7,***,33,*****
989,60.255,25.043,17.4,191811270600,140,7,***,32,*****
990,60.255,25.043,17.4,191811271300,180,5,***,32,*****
991,60.255,25.043,17.4,191811272000,180,5,***,34,*****
992,60.255,25.043,17.4,191811280600,140,5,***,35,*****
993,60.255,25.043,17.4,191811281300,090,5,***,36,*****
994,60.255,25.043,17.4,191811282000,110,2,***,34,*****
995,60.255,25.043,17.4,191811290600,070,5,***,34,*****
996,60.255,25.043,17.4,191811291300,020,9,***,32,*****
997,60.255,25.043,17.4,191811292000,020,7,***,30,*****
998,60.255,25.043,17.4,191811300600,020,9,***,29,*****
999,60.255,25.043,17.4,191811301300,050,5,***,29,*****
1000,60.255,25.043,17.4,191811302000,140,5,***,32,*****
1001,60.255,25.043,17.4,191812010600,140,5,***,33,*****
1002,60.255,25.043,17.4,191812011300,180,9,***,32,*****
1003,60.255,25.043,17.4,191812012000,200,9,***,33,*****
1004,60.255,25.043,17.4,191812020600,230,16,***,37,*****
1005,60.255,25.043,17.4,191812021300,230,19,***,40,*****
1006,60.255,25.043,17.4,191812022000,230,19,***,41,*****
1007,60.255,25.043,17.4,191812030600,230,9,***,42,*****
1008,60.255,25.043,17.4,191812031300,230,16,***,43,*****
1009,60.255,25.043,17.4,191812032000,230,16,***,43,*****
1010,60.255,25.043,17.4,191812040600,360,14,***,37,*****
1011,60.255,25.043,17.4,191812041300,340,16,***,32,*****
1012,60.255,25.043,17.4,191812042000,340,14,***,32,*****
1013,60.255,25.043,17.4,191812050600,340,11,***,25,*****
1014,60.255,25.043,17.4,191812051300,340,9,***,28,*****
1015,60.255,25.043,17.4,191812052000,360,7,***,26,*****
1016,60.255,25.043,17.4,191812060600,020,7,***,24,*****
1017,60.255,25.043,17.4,191812061300,050,7,***,25,*****
1018,60.255,25.043,17.4,191812062000,050,7,***,27,*****
1019,60.255,25.043,17.4,191812070600,020,5,***,25,*****
1020,60.255,25.043,17.4,191812071300,020,5,***,27,*****
1021,60.255,25.043,17.4,191812072000,020,9,***,22,*****
1022,60.255,25.043,17.4,191812080600,020,5,***,20,*****
1023,60.255,25.043,17.4,191812081300,020,11,***,20,*****
1024,60.255,25.043,17.4,191812082000,020,7,***,22,*****
1025,60.255,25.043,17.4,191812090600,360,9,***,16,*****
1026,60.255,25.043,17.4,191812091300,360,9,***,19,*****
1027,60.255,25.043,17.4,191812092000,360,9,***,20,*****
1028,60.255,25.043,17.4,191812100600,020,14,***,14,*****
1029,60.255,25.043,17.4,191812101300,020,18,***,17,*****
1030,60.255,25.043,17.4,191812102000,020,16,***,18,*****
1031,60.255,25.043,17.4,191812110600,050,14,***,16,*****
1032,60.255,25.043,17.4,191812111300,050,14,***,18,*****
1033,60.255,25.043,17.4,191812112000,020,11,***,17,*****
1034,60.255,25.043,17.4,191812120600,360,9,***,9,*****
1035,60.255,25.043,17.4,191812121300,360,11,***,17,*****
1036,60.255,25.043,17.4,191812122000,340,9,***,18,*****
1037,60.255,25.043,17.4,191812130600,340,7,***,14,*****
1038,60.255,25.043,17.4,191812131300,050,5,***,18,*****
1039,60.255,25.043,17.4,191812132000,200,16,***,24,*****
1040,60.255,25.043,17.4,191812140600,270,5,***,11,*****
1041,60.255,25.043,17.4,191812141300,200,18,***,26,*****
1042,60.255,25.043,17.4,191812142000,200,16,***,24,*****
1043,60.255,25.043,17.4,191812150600,140,9,***,23,*****
1044,60.255,25.043,17.4,191812151300,140,7,***,25,*****
1045,60.255,25.043,17.4,191812152000,140,7,***,33,*****
1046,60.255,25.043,17.4,191812160600,200,14,***,37,*****
1047,60.255,25.043,17.4,191812161300,200,14,***,38,*****
1048,60.255,25.043,17.4,191812162000,180,16,***,36,*****
1049,60.255,25.043,17.4,191812170600,200,16,***,38,*****
1050,60.255,25.043,17.4,191812171300,230,22,***,38,*****
1051,60.255,25.043,17.4,191812172000,250,14,***,33,*****
1052,60.255,25.043,17.4,191812180600,230,5,***,34,*****
1053,60.255,25.043,17.4,191812181300,230,11,***,37,*****
1054,60.255,25.043,17.4,191812182000,180,7,***,35,*****
1055,60.255,25.043,17.4,191812190600,180,11,***,37,*****
1056,60.255,25.043,17.4,191812191300,180,16,***,35,*****
1057,60.255,25.043,17.4,191812192000,090,9,***,33,*****
1058,60.255,25.043,17.4,191812200600,090,14,***,27,*****
1059,60.255,25.043,17.4,191812201300,090,11,***,29,*****
1060,60.255,25.043,17.4,191812202000,090,9,***,29,*****
1061,60.255,25.043,17.4,191812210600,070,9,***,28,*****
1062,60.255,25.043,17.4,191812211300,110,16,***,22,*****
1063,60.255,25.043,17.4,191812212000,110,14,***,24,*****
1064,60.255,25.043,17.4,191812220600,110,14,***,29,*****
1065,60.255,25.043,17.4,191812221300,140,14,***,32,*****
1066,60.255,25.043,17.4,191812222000,140,18,***,31,*****
1067,60.255,25.043,17.4,191812230600,230,9,***,30,*****
1068,60.255,25.043,17.4,191812231300,270,5,***,27,*****
1069,60.255,25.043,17.4,191812232000,180,5,***,31,*****
1070,60.255,25.043,17.4,191812240600,110,11,***,28,*****
1071,60.255,25.043,17.4,191812241300,070,14,***,27,*****
1072,60.255,25.043,17.4,191812242000,070,11,***,28,*****
1073,60.255,25.043,17.4,191812250600,090,11,***,29,*****
1074,60.255,25.043,17.4,191812251300,090,9,***,32,*****
1075,60.255,25.043,17.4,191812252000,180,9,***,34,*****
1076,60.255,25.043,17.4,191812260600,230,7,***,32,*****
1077,60.255,25.043,17.4,191812261300,320,7,***,26,*****
1078,60.255,25.043,17.4,191812262000,320,5,***,16,*****
1079,60.255,25.043,17.4,191812270600,200,9,***,32,*****
1080,60.255,25.043,17.4,191812271300,200,18,***,34,*****
1081,60.255,25.043,17.4,191812272000,200,24,***,32,*****
1082,60.255,25.043,17.4,191812280600,230,26,***,29,*****
1083,60.255,25.043,17.4,191812281300,230,22,***,34,*****
1084,60.255,25.043,17.4,191812282000,200,18,***,30,*****
1085,60.255,25.043,17.4,191812290600,140,7,***,30,*****
1086,60.255,25.043,17.4,191812291300,070,5,***,28,*****
1087,60.255,25.043,17.4,191812292000,360,7,***,25,*****
1088,60.255,25.043,17.4,191812300600,320,5,***,23,*****
1089,60.255,25.043,17.4,191812301300,320,7,***,28,*****
1090,60.255,25.043,17.4,191812302000,320,7,***,27,*****
1091,60.255,25.043,17.4,191812310600,320,9,***,24,*****
1092,60.255,25.043,17.4,191812311300,320,5,***,25,*****
1093,60.255,25.043,17.4,191812312000,270,7,***,20,*****
