,Lat,Lon,Ele,YR--MODAHRMN,DIR,SPD,GUS,TEMP,ALT
0,60.255,25.043,17.4,191901010600,230,2,***,13,*****
1,60.255,25.043,17.4,191901011300,***,0,***,10,*****
2,60.255,25.043,17.4,191901012000,360,5,***,5,*****
3,60.255,25.043,17.4,191901020600,320,5,***,18,*****
4,60.255,25.043,17.4,191901021300,320,5,***,23,*****
5,60.255,25.043,17.4,191901022000,320,2,***,22,*****
6,60.255,25.043,17.4,191901030600,320,5,***,20,*****
7,60.255,25.043,17.4,191901031300,070,2,***,23,*****
8,60.255,25.043,17.4,191901032000,090,16,***,26,*****
9,60.255,25.043,17.4,191901040600,090,9,***,27,*****
10,60.255,25.043,17.4,191901041300,050,9,***,30,*****
11,60.255,25.043,17.4,191901042000,090,9,***,32,*****
12,60.255,25.043,17.4,191901050600,070,14,***,34,*****
13,60.255,25.043,17.4,191901051300,140,11,***,35,*****
14,60.255,25.043,17.4,191901052000,140,9,***,35,*****
15,60.255,25.043,17.4,191901060600,140,9,***,35,*****
16,60.255,25.043,17.4,191901061300,230,11,***,37,*****
17,60.255,25.043,17.4,191901062000,180,7,***,36,*****
18,60.255,25.043,17.4,191901070600,160,9,***,36,*****
19,60.255,25.043,17.4,191901071300,230,9,***,37,*****
20,60.255,25.043,17.4,191901072000,180,5,***,36,*****
21,60.255,25.043,17.4,191901080600,230,2,***,36,*****
22,60.255,25.043,17.4,191901081300,070,2,***,35,*****
23,60.255,25.043,17.4,191901082000,090,7,***,34,*****
24,60.255,25.043,17.4,191901090600,070,9,***,33,*****
25,60.255,25.043,17.4,191901091300,140,9,***,32,*****
26,60.255,25.043,17.4,191901092000,140,5,***,33,*****
27,60.255,25.043,17.4,191901100600,140,5,***,33,*****
28,60.255,25.043,17.4,191901101300,090,5,***,31,*****
29,60.255,25.043,17.4,191901102000,050,5,***,31,*****
30,60.255,25.043,17.4,191901110600,***,0,***,29,*****
31,60.255,25.043,17.4,191901111300,270,5,***,29,*****
32,60.255,25.043,17.4,191901112000,***,0,***,31,*****
33,60.255,25.043,17.4,191901120600,180,5,***,33,*****
34,60.255,25.043,17.4,191901121300,180,5,***,33,*****
35,60.255,25.043,17.4,191901122000,140,9,***,31,*****
36,60.255,25.043,17.4,191901130600,070,18,***,29,*****
37,60.255,25.043,17.4,191901131300,140,11,***,27,*****
38,60.255,25.043,17.4,191901132000,090,11,***,25,*****
39,60.255,25.043,17.4,191901140600,090,7,***,23,*****
40,60.255,25.043,17.4,191901141300,140,5,***,23,*****
41,60.255,25.043,17.4,191901142000,050,5,***,22,*****
42,60.255,25.043,17.4,191901150600,050,5,***,23,*****
43,60.255,25.043,17.4,191901151300,230,7,***,28,*****
44,60.255,25.043,17.4,191901152000,180,11,***,29,*****
45,60.255,25.043,17.4,191901160600,180,16,***,29,*****
46,60.255,25.043,17.4,191901161300,180,14,***,31,*****
47,60.255,25.043,17.4,191901162000,090,14,***,32,*****
48,60.255,25.043,17.4,191901170600,230,19,***,36,*****
49,60.255,25.043,17.4,191901171300,230,18,***,38,*****
50,60.255,25.043,17.4,191901172000,230,9,***,37,*****
51,60.255,25.043,17.4,191901180600,230,9,***,35,*****
52,60.255,25.043,17.4,191901181300,230,7,***,33,*****
53,60.255,25.043,17.4,191901182000,140,2,***,33,*****
54,60.255,25.043,17.4,191901190600,090,5,***,33,*****
55,60.255,25.043,17.4,191901191300,070,11,***,28,*****
56,60.255,25.043,17.4,191901192000,070,16,***,20,*****
57,60.255,25.043,17.4,191901200600,050,16,***,12,*****
58,60.255,25.043,17.4,191901201300,070,16,***,12,*****
59,60.255,25.043,17.4,191901202000,050,14,***,16,*****
60,60.255,25.043,17.4,191901210600,090,11,***,24,*****
61,60.255,25.043,17.4,191901211300,090,11,***,25,*****
62,60.255,25.043,17.4,191901212000,140,9,***,23,*****
63,60.255,25.043,17.4,191901220600,090,7,***,20,*****
64,60.255,25.043,17.4,191901221300,090,2,***,22,*****
65,60.255,25.043,17.4,191901222000,320,7,***,15,*****
66,60.255,25.043,17.4,191901230600,360,7,***,17,*****
67,60.255,25.043,17.4,191901231300,050,7,***,19,*****
68,60.255,25.043,17.4,191901232000,050,5,***,18,*****
69,60.255,25.043,17.4,191901240600,320,5,***,16,*****
70,60.255,25.043,17.4,191901241300,250,5,***,19,*****
71,60.255,25.043,17.4,191901242000,230,5,***,23,*****
72,60.255,25.043,17.4,191901250600,230,11,***,31,*****
73,60.255,25.043,17.4,191901251300,230,11,***,31,*****
74,60.255,25.043,17.4,191901252000,250,9,***,32,*****
75,60.255,25.043,17.4,191901260600,230,9,***,33,*****
76,60.255,25.043,17.4,191901261300,230,11,***,31,*****
77,60.255,25.043,17.4,191901262000,180,7,***,29,*****
78,60.255,25.043,17.4,191901270600,140,9,***,20,*****
79,60.255,25.043,17.4,191901271300,180,9,***,18,*****
80,60.255,25.043,17.4,191901272000,180,5,***,20,*****
81,60.255,25.043,17.4,191901280600,090,5,***,22,*****
82,60.255,25.043,17.4,191901281300,140,7,***,26,*****
83,60.255,25.043,17.4,191901282000,180,7,***,24,*****
84,60.255,25.043,17.4,191901290600,180,5,***,22,*****
85,60.255,25.043,17.4,191901291300,250,2,***,24,*****
86,60.255,25.043,17.4,191901292000,320,2,***,22,*****
87,60.255,25.043,17.4,191901300600,320,2,***,24,*****
88,60.255,25.043,17.4,191901301300,250,2,***,24,*****
89,60.255,25.043,17.4,191901302000,230,5,***,23,*****
90,60.255,25.043,17.4,191901310600,230,7,***,25,*****
91,60.255,25.043,17.4,191901311300,250,7,***,29,*****
92,60.255,25.043,17.4,191901312000,270,5,***,24,*****
93,60.255,25.043,17.4,191902010600,250,7,***,26,*****
94,60.255,25.043,17.4,191902011300,250,9,***,27,*****
95,60.255,25.043,17.4,191902012000,250,9,***,27,*****
96,60.255,25.043,17.4,191902020600,270,5,***,28,*****
97,60.255,25.043,17.4,191902021300,320,5,***,28,*****
98,60.255,25.043,17.4,191902022000,320,2,***,19,*****
99,60.255,25.043,17.4,191902030600,180,5,***,28,*****
100,60.255,25.043,17.4,191902031300,200,11,***,29,*****
101,60.255,25.043,17.4,191902032000,270,5,***,26,*****
102,60.255,25.043,17.4,191902040600,270,7,***,25,*****
103,60.255,25.043,17.4,191902041300,320,7,***,21,*****
104,60.255,25.043,17.4,191902042000,020,5,***,13,*****
105,60.255,25.043,17.4,191902050600,360,7,***,9,*****
106,60.255,25.043,17.4,191902051300,360,9,***,7,*****
107,60.255,25.043,17.4,191902052000,340,9,***,12,*****
108,60.255,25.043,17.4,191902060600,340,7,***,9,*****
109,60.255,25.043,17.4,191902061300,340,11,***,11,*****
110,60.255,25.043,17.4,191902062000,340,9,***,9,*****
111,60.255,25.043,17.4,191902070600,320,9,***,7,*****
112,60.255,25.043,17.4,191902071300,320,7,***,5,*****
113,60.255,25.043,17.4,191902072000,320,2,***,1,*****
114,60.255,25.043,17.4,191902080600,320,5,***,15,*****
115,60.255,25.043,17.4,191902081300,320,2,***,22,*****
116,60.255,25.043,17.4,191902082000,250,5,***,19,*****
117,60.255,25.043,17.4,191902090600,270,5,***,20,*****
118,60.255,25.043,17.4,191902091300,290,5,***,30,*****
119,60.255,25.043,17.4,191902092000,290,5,***,32,*****
120,60.255,25.043,17.4,191902100600,290,11,***,38,*****
121,60.255,25.043,17.4,191902101300,320,7,***,39,*****
122,60.255,25.043,17.4,191902102000,320,9,***,34,*****
123,60.255,25.043,17.4,191902110600,320,7,***,35,*****
124,60.255,25.043,17.4,191902111300,320,7,***,37,*****
125,60.255,25.043,17.4,191902112000,360,7,***,25,*****
126,60.255,25.043,17.4,191902120600,320,5,***,14,*****
127,60.255,25.043,17.4,191902121300,320,7,***,28,*****
128,60.255,25.043,17.4,191902122000,***,0,***,21,*****
129,60.255,25.043,17.4,191902130600,290,7,***,30,*****
130,60.255,25.043,17.4,191902131300,320,7,***,35,*****
131,60.255,25.043,17.4,191902132000,180,5,***,33,*****
132,60.255,25.043,17.4,191902140600,250,5,***,31,*****
133,60.255,25.043,17.4,191902141300,230,9,***,33,*****
134,60.255,25.043,17.4,191902142000,250,9,***,28,*****
135,60.255,25.043,17.4,191902150600,250,9,***,26,*****
136,60.255,25.043,17.4,191902151300,250,11,***,29,*****
137,60.255,25.043,17.4,191902152000,270,11,***,26,*****
138,60.255,25.043,17.4,191902160600,290,5,***,24,*****
139,60.255,25.043,17.4,191902161300,320,5,***,14,*****
140,60.255,25.043,17.4,191902162000,050,5,***,9,*****
141,60.255,25.043,17.4,191902170600,020,7,***,5,*****
142,60.255,25.043,17.4,191902171300,070,9,***,13,*****
143,60.255,25.043,17.4,191902172000,070,9,***,11,*****
144,60.255,25.043,17.4,191902180600,050,7,***,11,*****
145,60.255,25.043,17.4,191902181300,140,5,***,23,*****
146,60.255,25.043,17.4,191902182000,180,5,***,28,*****
147,60.255,25.043,17.4,191902190600,320,5,***,22,*****
148,60.255,25.043,17.4,191902191300,250,5,***,25,*****
149,60.255,25.043,17.4,191902192000,250,5,***,21,*****
150,60.255,25.043,17.4,191902200600,250,2,***,12,*****
151,60.255,25.043,17.4,191902201300,180,5,***,26,*****
152,60.255,25.043,17.4,191902202000,180,7,***,23,*****
153,60.255,25.043,17.4,191902210600,230,5,***,31,*****
154,60.255,25.043,17.4,191902211300,230,5,***,34,*****
155,60.255,25.043,17.4,191902212000,090,2,***,33,*****
156,60.255,25.043,17.4,191902220600,020,9,***,29,*****
157,60.255,25.043,17.4,191902221300,050,14,***,28,*****
158,60.255,25.043,17.4,191902222000,020,18,***,24,*****
159,60.255,25.043,17.4,191902230600,020,14,***,11,*****
160,60.255,25.043,17.4,191902231300,020,11,***,17,*****
161,60.255,25.043,17.4,191902232000,050,9,***,10,*****
162,60.255,25.043,17.4,191902240600,050,9,***,0,*****
163,60.255,25.043,17.4,191902241300,050,9,***,15,*****
164,60.255,25.043,17.4,191902242000,050,7,***,8,*****
165,60.255,25.043,17.4,191902250600,020,7,***,-3,*****
166,60.255,25.043,17.4,191902251300,020,9,***,15,*****
167,60.255,25.043,17.4,191902252000,050,9,***,8,*****
168,60.255,25.043,17.4,191902260600,050,7,***,0,*****
169,60.255,25.043,17.4,191902261300,050,7,***,13,*****
170,60.255,25.043,17.4,191902262000,050,5,***,1,*****
171,60.255,25.043,17.4,191902270600,050,5,***,-13,*****
172,60.255,25.043,17.4,191902271300,090,5,***,14,*****
173,60.255,25.043,17.4,191902272000,090,5,***,5,*****
174,60.255,25.043,17.4,191902280600,180,7,***,10,*****
175,60.255,25.043,17.4,191902281300,140,7,***,17,*****
176,60.255,25.043,17.4,191902282000,140,7,***,15,*****
177,60.255,25.043,17.4,191903010600,180,7,***,10,*****
178,60.255,25.043,17.4,191903011300,180,9,***,19,*****
179,60.255,25.043,17.4,191903012000,200,11,***,25,*****
180,60.255,25.043,17.4,191903020600,230,9,***,27,*****
181,60.255,25.043,17.4,191903021300,200,16,***,28,*****
182,60.255,25.043,17.4,191903022000,200,14,***,28,*****
183,60.255,25.043,17.4,191903030600,200,16,***,27,*****
184,60.255,25.043,17.4,191903031300,200,16,***,31,*****
185,60.255,25.043,17.4,191903032000,180,11,***,32,*****
186,60.255,25.043,17.4,191903040600,200,16,***,31,*****
187,60.255,25.043,17.4,191903041300,230,14,***,35,*****
188,60.255,25.043,17.4,191903042000,250,14,***,29,*****
189,60.255,25.043,17.4,191903050600,230,11,***,28,*****
190,60.255,25.043,17.4,191903051300,230,14,***,33,*****
191,60.255,25.043,17.4,191903052000,250,9,***,29,*****
192,60.255,25.043,17.4,191903060600,360,2,***,27,*****
193,60.255,25.043,17.4,191903061300,050,7,***,28,*****
194,60.255,25.043,17.4,191903062000,090,5,***,25,*****
195,60.255,25.043,17.4,191903070600,110,7,***,26,*****
196,60.255,25.043,17.4,191903071300,110,9,***,28,*****
197,60.255,25.043,17.4,191903072000,090,5,***,29,*****
198,60.255,25.043,17.4,191903080600,200,9,***,30,*****
199,60.255,25.043,17.4,191903081300,340,14,***,33,*****
200,60.255,25.043,17.4,191903082000,320,9,***,24,*****
201,60.255,25.043,17.4,191903090600,250,7,***,19,*****
202,60.255,25.043,17.4,191903091300,320,7,***,31,*****
203,60.255,25.043,17.4,191903092000,230,9,***,23,*****
204,60.255,25.043,17.4,191903100600,180,11,***,25,*****
205,60.255,25.043,17.4,191903101300,160,9,***,30,*****
206,60.255,25.043,17.4,191903102000,180,9,***,31,*****
207,60.255,25.043,17.4,191903110600,200,11,***,31,*****
208,60.255,25.043,17.4,191903111300,180,18,***,33,*****
209,60.255,25.043,17.4,191903112000,250,14,***,37,*****
210,60.255,25.043,17.4,191903120600,200,7,***,28,*****
211,60.255,25.043,17.4,191903121300,200,14,***,36,*****
212,60.255,25.043,17.4,191903122000,270,11,***,33,*****
213,60.255,25.043,17.4,191903130600,320,11,***,26,*****
214,60.255,25.043,17.4,191903131300,290,7,***,35,*****
215,60.255,25.043,17.4,191903132000,320,5,***,26,*****
216,60.255,25.043,17.4,191903140600,340,9,***,18,*****
217,60.255,25.043,17.4,191903141300,360,11,***,31,*****
218,60.255,25.043,17.4,191903142000,360,7,***,23,*****
219,60.255,25.043,17.4,191903150600,320,5,***,10,*****
220,60.255,25.043,17.4,191903151300,360,9,***,31,*****
221,60.255,25.043,17.4,191903152000,360,9,***,23,*****
222,60.255,25.043,17.4,191903160600,360,5,***,10,*****
223,60.255,25.043,17.4,191903161300,230,7,***,24,*****
224,60.255,25.043,17.4,191903162000,250,7,***,22,*****
225,60.255,25.043,17.4,191903170600,230,7,***,27,*****
226,60.255,25.043,17.4,191903171300,320,14,***,30,*****
227,60.255,25.043,17.4,191903172000,340,9,***,18,*****
228,60.255,25.043,17.4,191903180600,340,9,***,9,*****
229,60.255,25.043,17.4,191903181300,340,9,***,24,*****
230,60.255,25.043,17.4,191903182000,340,7,***,12,*****
231,60.255,25.043,17.4,191903190600,050,5,***,0,*****
232,60.255,25.043,17.4,191903191300,250,11,***,14,*****
233,60.255,25.043,17.4,191903192000,290,9,***,15,*****
234,60.255,25.043,17.4,191903200600,340,9,***,18,*****
235,60.255,25.043,17.4,191903201300,050,16,***,17,*****
236,60.255,25.043,17.4,191903202000,050,7,***,7,*****
237,60.255,25.043,17.4,191903210600,050,7,***,-4,*****
238,60.255,25.043,17.4,191903211300,230,9,***,12,*****
239,60.255,25.043,17.4,191903212000,250,7,***,12,*****
240,60.255,25.043,17.4,191903220600,230,9,***,18,*****
241,60.255,25.043,17.4,191903221300,230,11,***,22,*****
242,60.255,25.043,17.4,191903222000,230,9,***,21,*****
243,60.255,25.043,17.4,191903230600,200,9,***,21,*****
244,60.255,25.043,17.4,191903231300,230,14,***,27,*****
245,60.255,25.043,17.4,191903232000,200,11,***,26,*****
246,60.255,25.043,17.4,191903240600,320,11,***,14,*****
247,60.255,25.043,17.4,191903241300,290,16,***,16,*****
248,60.255,25.043,17.4,191903242000,320,14,***,18,*****
249,60.255,25.043,17.4,191903250600,340,14,***,4,*****
250,60.255,25.043,17.4,191903251300,340,16,***,14,*****
251,60.255,25.043,17.4,191903252000,340,7,***,8,*****
252,60.255,25.043,17.4,191903260600,090,2,***,0,*****
253,60.255,25.043,17.4,191903261300,200,7,***,23,*****
254,60.255,25.043,17.4,191903262000,090,7,***,17,*****
255,60.255,25.043,17.4,191903270600,230,2,***,23,*****
256,60.255,25.043,17.4,191903271300,110,5,***,27,*****
257,60.255,25.043,17.4,191903272000,110,9,***,23,*****
258,60.255,25.043,17.4,191903280600,110,9,***,19,*****
259,60.255,25.043,17.4,191903281300,110,14,***,26,*****
260,60.255,25.043,17.4,191903282000,110,14,***,27,*****
261,60.255,25.043,17.4,191903290600,110,14,***,25,*****
262,60.255,25.043,17.4,191903291300,090,11,***,28,*****
263,60.255,25.043,17.4,191903292000,110,14,***,31,*****
264,60.255,25.043,17.4,191903300600,180,5,***,31,*****
265,60.255,25.043,17.4,191903301300,090,11,***,25,*****
266,60.255,25.043,17.4,191903302000,090,7,***,24,*****
267,60.255,25.043,17.4,191903310600,050,9,***,20,*****
268,60.255,25.043,17.4,191903311300,050,14,***,24,*****
269,60.255,25.043,17.4,191903312000,360,9,***,23,*****
270,60.255,25.043,17.4,191904010600,360,5,***,20,*****
271,60.255,25.043,17.4,191904011300,230,5,***,29,*****
272,60.255,25.043,17.4,191904012000,270,5,***,25,*****
273,60.255,25.043,17.4,191904020600,270,5,***,16,*****
274,60.255,25.043,17.4,191904021300,230,14,***,34,*****
275,60.255,25.043,17.4,191904022000,250,14,***,32,*****
276,60.255,25.043,17.4,191904030600,320,9,***,26,*****
277,60.255,25.043,17.4,191904031300,270,16,***,31,*****
278,60.255,25.043,17.4,191904032000,250,11,***,26,*****
279,60.255,25.043,17.4,191904040600,290,14,***,28,*****
280,60.255,25.043,17.4,191904041300,320,18,***,32,*****
281,60.255,25.043,17.4,191904042000,250,9,***,28,*****
282,60.255,25.043,17.4,191904050600,250,14,***,33,*****
283,60.255,25.043,17.4,191904051300,290,14,***,36,*****
284,60.255,25.043,17.4,191904052000,320,7,***,25,*****
285,60.255,25.043,17.4,191904060600,360,5,***,17,*****
286,60.255,25.043,17.4,191904061300,230,7,***,33,*****
287,60.255,25.043,17.4,191904062000,320,7,***,23,*****
288,60.255,25.043,17.4,191904070600,320,7,***,19,*****
289,60.255,25.043,17.4,191904071300,250,11,***,33,*****
290,60.255,25.043,17.4,191904072000,250,7,***,26,*****
291,60.255,25.043,17.4,191904080600,090,5,***,26,*****
292,60.255,25.043,17.4,191904081300,090,7,***,33,*****
293,60.255,25.043,17.4,191904082000,090,7,***,31,*****
294,60.255,25.043,17.4,191904090600,090,7,***,34,*****
295,60.255,25.043,17.4,191904091300,090,14,***,37,*****
296,60.255,25.043,17.4,191904092000,110,11,***,37,*****
297,60.255,25.043,17.4,191904100600,140,11,***,37,*****
298,60.255,25.043,17.4,191904101300,250,18,***,37,*****
299,60.255,25.043,17.4,191904102000,200,16,***,36,*****
300,60.255,25.043,17.4,191904110600,250,14,***,35,*****
301,60.255,25.043,17.4,191904111300,250,11,***,39,*****
302,60.255,25.043,17.4,191904112000,250,11,***,35,*****
303,60.255,25.043,17.4,191904120600,230,16,***,36,*****
304,60.255,25.043,17.4,191904121300,250,14,***,36,*****
305,60.255,25.043,17.4,191904122000,250,11,***,36,*****
306,60.255,25.043,17.4,191904130600,250,9,***,37,*****
307,60.255,25.043,17.4,191904131300,250,11,***,39,*****
308,60.255,25.043,17.4,191904132000,230,5,***,35,*****
309,60.255,25.043,17.4,191904140600,200,9,***,37,*****
310,60.255,25.043,17.4,191904141300,230,7,***,36,*****
311,60.255,25.043,17.4,191904142000,270,5,***,33,*****
312,60.255,25.043,17.4,191904150600,090,2,***,28,*****
313,60.255,25.043,17.4,191904151300,090,5,***,32,*****
314,60.255,25.043,17.4,191904152000,110,7,***,31,*****
315,60.255,25.043,17.4,191904160600,090,11,***,35,*****
316,60.255,25.043,17.4,191904161300,090,9,***,38,*****
317,60.255,25.043,17.4,191904162000,070,7,***,40,*****
318,60.255,25.043,17.4,191904170600,090,9,***,41,*****
319,60.255,25.043,17.4,191904171300,090,9,***,45,*****
320,60.255,25.043,17.4,191904172000,250,14,***,36,*****
321,60.255,25.043,17.4,191904180600,230,18,***,35,*****
322,60.255,25.043,17.4,191904181300,290,14,***,44,*****
323,60.255,25.043,17.4,191904182000,250,11,***,36,*****
324,60.255,25.043,17.4,191904190600,290,9,***,38,*****
325,60.255,25.043,17.4,191904191300,230,11,***,40,*****
326,60.255,25.043,17.4,191904192000,250,14,***,38,*****
327,60.255,25.043,17.4,191904200600,340,16,***,37,*****
328,60.255,25.043,17.4,191904201300,290,19,***,43,*****
329,60.255,25.043,17.4,191904202000,340,18,***,31,*****
330,60.255,25.043,17.4,191904210600,360,14,***,30,*****
331,60.255,25.043,17.4,191904211300,360,14,***,35,*****
332,60.255,25.043,17.4,191904212000,360,7,***,33,*****
333,60.255,25.043,17.4,191904220600,320,5,***,32,*****
334,60.255,25.043,17.4,191904221300,230,14,***,38,*****
335,60.255,25.043,17.4,191904222000,250,11,***,34,*****
336,60.255,25.043,17.4,191904230600,230,11,***,35,*****
337,60.255,25.043,17.4,191904231300,230,14,***,40,*****
338,60.255,25.043,17.4,191904232000,230,5,***,37,*****
339,60.255,25.043,17.4,191904240600,200,9,***,36,*****
340,60.255,25.043,17.4,191904241300,200,7,***,45,*****
341,60.255,25.043,17.4,191904242000,180,5,***,40,*****
342,60.255,25.043,17.4,191904250600,230,9,***,37,*****
343,60.255,25.043,17.4,191904251300,230,5,***,40,*****
344,60.255,25.043,17.4,191904252000,140,2,***,35,*****
345,60.255,25.043,17.4,191904260600,050,7,***,36,*****
346,60.255,25.043,17.4,191904261300,360,11,***,42,*****
347,60.255,25.043,17.4,191904262000,360,11,***,40,*****
348,60.255,25.043,17.4,191904270600,360,11,***,40,*****
349,60.255,25.043,17.4,191904271300,340,9,***,47,*****
350,60.255,25.043,17.4,191904272000,340,9,***,41,*****
351,60.255,25.043,17.4,191904280600,050,7,***,40,*****
352,60.255,25.043,17.4,191904281300,230,7,***,41,*****
353,60.255,25.043,17.4,191904282000,250,9,***,37,*****
354,60.255,25.043,17.4,191904290600,290,5,***,35,*****
355,60.255,25.043,17.4,191904291300,230,9,***,40,*****
356,60.255,25.043,17.4,191904292000,230,7,***,37,*****
357,60.255,25.043,17.4,191904300600,140,5,***,38,*****
358,60.255,25.043,17.4,191904301300,090,9,***,44,*****
359,60.255,25.043,17.4,191904302000,110,9,***,40,*****
360,60.255,25.043,17.4,191905010600,090,5,***,44,*****
361,60.255,25.043,17.4,191905011300,090,9,***,54,*****
362,60.255,25.043,17.4,191905012000,110,7,***,46,*****
363,60.255,25.043,17.4,191905020600,140,11,***,46,*****
364,60.255,25.043,17.4,191905021300,140,16,***,55,*****
365,60.255,25.043,17.4,191905022000,140,18,***,53,*****
366,60.255,25.043,17.4,191905030600,140,18,***,46,*****
367,60.255,25.043,17.4,191905031300,090,16,***,55,*****
368,60.255,25.043,17.4,191905032000,090,18,***,49,*****
369,60.255,25.043,17.4,191905040600,090,18,***,45,*****
370,60.255,25.043,17.4,191905041300,090,18,***,52,*****
371,60.255,25.043,17.4,191905042000,090,18,***,50,*****
372,60.255,25.043,17.4,191905050600,090,14,***,43,*****
373,60.255,25.043,17.4,191905051300,090,16,***,47,*****
374,60.255,25.043,17.4,191905052000,110,11,***,43,*****
375,60.255,25.043,17.4,191905060600,090,5,***,43,*****
376,60.255,25.043,17.4,191905061300,140,9,***,50,*****
377,60.255,25.043,17.4,191905062000,230,5,***,47,*****
378,60.255,25.043,17.4,191905070600,340,5,***,51,*****
379,60.255,25.043,17.4,191905071300,250,9,***,59,*****
380,60.255,25.043,17.4,191905072000,270,2,***,53,*****
381,60.255,25.043,17.4,191905080600,050,5,***,54,*****
382,60.255,25.043,17.4,191905081300,230,5,***,62,*****
383,60.255,25.043,17.4,191905082000,270,7,***,57,*****
384,60.255,25.043,17.4,191905090600,050,2,***,56,*****
385,60.255,25.043,17.4,191905091300,180,7,***,58,*****
386,60.255,25.043,17.4,191905092000,140,2,***,52,*****
387,60.255,25.043,17.4,191905100600,160,7,***,50,*****
388,60.255,25.043,17.4,191905101300,180,7,***,60,*****
389,60.255,25.043,17.4,191905102000,090,11,***,46,*****
390,60.255,25.043,17.4,191905110600,110,11,***,41,*****
391,60.255,25.043,17.4,191905111300,110,9,***,45,*****
392,60.255,25.043,17.4,191905112000,140,7,***,43,*****
393,60.255,25.043,17.4,191905120600,290,2,***,47,*****
394,60.255,25.043,17.4,191905121300,360,11,***,59,*****
395,60.255,25.043,17.4,191905122000,050,14,***,41,*****
396,60.255,25.043,17.4,191905130600,050,11,***,38,*****
397,60.255,25.043,17.4,191905131300,050,14,***,37,*****
398,60.255,25.043,17.4,191905132000,070,9,***,37,*****
399,60.255,25.043,17.4,191905140600,360,7,***,39,*****
400,60.255,25.043,17.4,191905141300,250,14,***,44,*****
401,60.255,25.043,17.4,191905142000,***,0,***,41,*****
402,60.255,25.043,17.4,191905150600,090,7,***,39,*****
403,60.255,25.043,17.4,191905151300,200,7,***,40,*****
404,60.255,25.043,17.4,191905152000,230,5,***,39,*****
405,60.255,25.043,17.4,191905160600,290,7,***,41,*****
406,60.255,25.043,17.4,191905161300,250,7,***,41,*****
407,60.255,25.043,17.4,191905162000,140,5,***,37,*****
408,60.255,25.043,17.4,191905170600,070,9,***,40,*****
409,60.255,25.043,17.4,191905171300,160,7,***,42,*****
410,60.255,25.043,17.4,191905172000,***,0,***,41,*****
411,60.255,25.043,17.4,191905180600,***,0,***,41,*****
412,60.255,25.043,17.4,191905181300,250,9,***,47,*****
413,60.255,25.043,17.4,191905182000,250,11,***,45,*****
414,60.255,25.043,17.4,191905190600,270,5,***,43,*****
415,60.255,25.043,17.4,191905191300,250,11,***,49,*****
416,60.255,25.043,17.4,191905192000,***,0,***,46,*****
417,60.255,25.043,17.4,191905200600,050,2,***,50,*****
418,60.255,25.043,17.4,191905201300,230,9,***,54,*****
419,60.255,25.043,17.4,191905202000,270,5,***,51,*****
420,60.255,25.043,17.4,191905210600,270,2,***,56,*****
421,60.255,25.043,17.4,191905211300,230,11,***,62,*****
422,60.255,25.043,17.4,191905212000,090,5,***,56,*****
423,60.255,25.043,17.4,191905220600,050,9,***,51,*****
424,60.255,25.043,17.4,191905221300,110,7,***,55,*****
425,60.255,25.043,17.4,191905222000,***,0,***,51,*****
426,60.255,25.043,17.4,191905230600,050,7,***,51,*****
427,60.255,25.043,17.4,191905231300,200,5,***,55,*****
428,60.255,25.043,17.4,191905232000,230,7,***,50,*****
429,60.255,25.043,17.4,191905240600,320,2,***,55,*****
430,60.255,25.043,17.4,191905241300,200,7,***,58,*****
431,60.255,25.043,17.4,191905242000,230,2,***,52,*****
432,60.255,25.043,17.4,191905250600,340,5,***,60,*****
433,60.255,25.043,17.4,191905251300,250,9,***,61,*****
434,60.255,25.043,17.4,191905252000,250,2,***,53,*****
435,60.255,25.043,17.4,191905260600,270,5,***,56,*****
436,60.255,25.043,17.4,191905261300,250,11,***,61,*****
437,60.255,25.043,17.4,191905262000,250,7,***,59,*****
438,60.255,25.043,17.4,191905270600,250,5,***,59,*****
439,60.255,25.043,17.4,191905271300,230,11,***,66,*****
440,60.255,25.043,17.4,191905272000,320,7,***,61,*****
441,60.255,25.043,17.4,191905280600,020,7,***,58,*****
442,60.255,25.043,17.4,191905281300,250,9,***,64,*****
443,60.255,25.043,17.4,191905282000,250,7,***,57,*****
444,60.255,25.043,17.4,191905290600,270,5,***,55,*****
445,60.255,25.043,17.4,191905291300,250,5,***,56,*****
446,60.255,25.043,17.4,191905292000,270,7,***,50,*****
447,60.255,25.043,17.4,191905300600,340,5,***,53,*****
448,60.255,25.043,17.4,191905301300,230,9,***,58,*****
449,60.255,25.043,17.4,191905302000,***,0,***,54,*****
450,60.255,25.043,17.4,191905310600,320,2,***,61,*****
451,60.255,25.043,17.4,191905311300,230,11,***,66,*****
452,60.255,25.043,17.4,191905312000,270,7,***,61,*****
453,60.255,25.043,17.4,191906010600,270,5,***,57,*****
454,60.255,25.043,17.4,191906011300,230,14,***,61,*****
455,60.255,25.043,17.4,191906012000,230,5,***,56,*****
456,60.255,25.043,17.4,191906020600,090,7,***,53,*****
457,60.255,25.043,17.4,191906021300,200,9,***,55,*****
458,60.255,25.043,17.4,191906022000,270,9,***,49,*****
459,60.255,25.043,17.4,191906030600,230,9,***,51,*****
460,60.255,25.043,17.4,191906031300,230,5,***,54,*****
461,60.255,25.043,17.4,191906032000,050,7,***,48,*****
462,60.255,25.043,17.4,191906040600,230,11,***,47,*****
463,60.255,25.043,17.4,191906041300,140,7,***,53,*****
464,60.255,25.043,17.4,191906042000,090,5,***,49,*****
465,60.255,25.043,17.4,191906050600,090,5,***,50,*****
466,60.255,25.043,17.4,191906051300,110,9,***,58,*****
467,60.255,25.043,17.4,191906052000,090,7,***,51,*****
468,60.255,25.043,17.4,191906060600,140,2,***,51,*****
469,60.255,25.043,17.4,191906061300,140,9,***,58,*****
470,60.255,25.043,17.4,191906062000,140,5,***,53,*****
471,60.255,25.043,17.4,191906070600,***,0,***,51,*****
472,60.255,25.043,17.4,191906071300,230,7,***,54,*****
473,60.255,25.043,17.4,191906072000,180,2,***,50,*****
474,60.255,25.043,17.4,191906080600,090,7,***,55,*****
475,60.255,25.043,17.4,191906081300,230,7,***,61,*****
476,60.255,25.043,17.4,191906082000,230,9,***,53,*****
477,60.255,25.043,17.4,191906090600,230,9,***,56,*****
478,60.255,25.043,17.4,191906091300,250,11,***,65,*****
479,60.255,25.043,17.4,191906092000,230,7,***,61,*****
480,60.255,25.043,17.4,191906100600,230,9,***,56,*****
481,60.255,25.043,17.4,191906101300,250,16,***,60,*****
482,60.255,25.043,17.4,191906102000,230,9,***,55,*****
483,60.255,25.043,17.4,191906110600,320,9,***,58,*****
484,60.255,25.043,17.4,191906111300,320,11,***,64,*****
485,60.255,25.043,17.4,191906112000,290,14,***,58,*****
486,60.255,25.043,17.4,191906120600,230,5,***,49,*****
487,60.255,25.043,17.4,191906121300,340,7,***,58,*****
488,60.255,25.043,17.4,191906122000,340,7,***,54,*****
489,60.255,25.043,17.4,191906130600,340,11,***,55,*****
490,60.255,25.043,17.4,191906131300,340,9,***,62,*****
491,60.255,25.043,17.4,191906132000,140,2,***,55,*****
492,60.255,25.043,17.4,191906140600,***,0,***,55,*****
493,60.255,25.043,17.4,191906141300,230,7,***,59,*****
494,60.255,25.043,17.4,191906142000,050,9,***,51,*****
495,60.255,25.043,17.4,191906150600,020,9,***,52,*****
496,60.255,25.043,17.4,191906151300,340,11,***,59,*****
497,60.255,25.043,17.4,191906152000,340,9,***,51,*****
498,60.255,25.043,17.4,191906160600,360,9,***,51,*****
499,60.255,25.043,17.4,191906161300,140,5,***,55,*****
500,60.255,25.043,17.4,191906162000,***,0,***,56,*****
501,60.255,25.043,17.4,191906170600,340,5,***,60,*****
502,60.255,25.043,17.4,191906171300,230,11,***,65,*****
503,60.255,25.043,17.4,191906172000,230,7,***,62,*****
504,60.255,25.043,17.4,191906180600,270,2,***,60,*****
505,60.255,25.043,17.4,191906181300,230,5,***,65,*****
506,60.255,25.043,17.4,191906182000,180,2,***,59,*****
507,60.255,25.043,17.4,191906190600,180,2,***,62,*****
508,60.255,25.043,17.4,191906191300,230,11,***,65,*****
509,60.255,25.043,17.4,191906192000,230,9,***,59,*****
510,60.255,25.043,17.4,191906200600,***,0,***,60,*****
511,60.255,25.043,17.4,191906201300,230,14,***,65,*****
512,60.255,25.043,17.4,191906202000,230,5,***,58,*****
513,60.255,25.043,17.4,191906210600,200,9,***,60,*****
514,60.255,25.043,17.4,191906211300,230,7,***,67,*****
515,60.255,25.043,17.4,191906212000,090,5,***,60,*****
516,60.255,25.043,17.4,191906220600,***,0,***,64,*****
517,60.255,25.043,17.4,191906221300,140,5,***,71,*****
518,60.255,25.043,17.4,191906222000,250,9,***,59,*****
519,60.255,25.043,17.4,191906230600,230,5,***,57,*****
520,60.255,25.043,17.4,191906231300,230,7,***,60,*****
521,60.255,25.043,17.4,191906232000,250,9,***,57,*****
522,60.255,25.043,17.4,191906240600,270,7,***,56,*****
523,60.255,25.043,17.4,191906241300,230,14,***,61,*****
524,60.255,25.043,17.4,191906242000,290,7,***,59,*****
525,60.255,25.043,17.4,191906250600,230,5,***,57,*****
526,60.255,25.043,17.4,191906251300,140,7,***,62,*****
527,60.255,25.043,17.4,191906252000,090,7,***,58,*****
528,60.255,25.043,17.4,191906260600,140,14,***,59,*****
529,60.255,25.043,17.4,191906261300,140,16,***,62,*****
530,60.255,25.043,17.4,191906262000,230,11,***,56,*****
531,60.255,25.043,17.4,191906270600,200,9,***,57,*****
532,60.255,25.043,17.4,191906271300,160,9,***,63,*****
533,60.255,25.043,17.4,191906272000,090,2,***,59,*****
534,60.255,25.043,17.4,191906280600,090,9,***,62,*****
535,60.255,25.043,17.4,191906281300,090,18,***,66,*****
536,60.255,25.043,17.4,191906282000,090,11,***,61,*****
537,60.255,25.043,17.4,191906290600,***,0,***,59,*****
538,60.255,25.043,17.4,191906291300,110,7,***,62,*****
539,60.255,25.043,17.4,191906292000,090,5,***,59,*****
540,60.255,25.043,17.4,191906300600,250,11,***,54,*****
541,60.255,25.043,17.4,191906301300,230,11,***,62,*****
542,60.255,25.043,17.4,191906302000,230,9,***,56,*****
543,60.255,25.043,17.4,191907010600,050,7,***,56,*****
544,60.255,25.043,17.4,191907011300,340,16,***,53,*****
545,60.255,25.043,17.4,191907012000,270,7,***,53,*****
546,60.255,25.043,17.4,191907020600,230,11,***,58,*****
547,60.255,25.043,17.4,191907021300,250,18,***,61,*****
548,60.255,25.043,17.4,191907022000,270,7,***,59,*****
549,60.255,25.043,17.4,191907030600,230,5,***,62,*****
550,60.255,25.043,17.4,191907031300,140,7,***,67,*****
551,60.255,25.043,17.4,191907032000,140,2,***,62,*****
552,60.255,25.043,17.4,191907040600,110,2,***,64,*****
553,60.255,25.043,17.4,191907041300,110,7,***,71,*****
554,60.255,25.043,17.4,191907042000,090,5,***,65,*****
555,60.255,25.043,17.4,191907050600,090,9,***,62,*****
556,60.255,25.043,17.4,191907051300,230,2,***,72,*****
557,60.255,25.043,17.4,191907052000,090,2,***,67,*****
558,60.255,25.043,17.4,191907060600,320,5,***,63,*****
559,60.255,25.043,17.4,191907061300,250,14,***,67,*****
560,60.255,25.043,17.4,191907062000,270,7,***,64,*****
561,60.255,25.043,17.4,191907070600,320,5,***,59,*****
562,60.255,25.043,17.4,191907071300,230,7,***,67,*****
563,60.255,25.043,17.4,191907072000,230,5,***,64,*****
564,60.255,25.043,17.4,191907080600,090,5,***,67,*****
565,60.255,25.043,17.4,191907081300,110,9,***,72,*****
566,60.255,25.043,17.4,191907082000,140,2,***,67,*****
567,60.255,25.043,17.4,191907090600,090,2,***,70,*****
568,60.255,25.043,17.4,191907091300,110,7,***,76,*****
569,60.255,25.043,17.4,191907092000,090,2,***,69,*****
570,60.255,25.043,17.4,191907100600,050,5,***,70,*****
571,60.255,25.043,17.4,191907101300,140,5,***,79,*****
572,60.255,25.043,17.4,191907102000,090,2,***,72,*****
573,60.255,25.043,17.4,191907110600,090,5,***,72,*****
574,60.255,25.043,17.4,191907111300,090,7,***,79,*****
575,60.255,25.043,17.4,191907112000,090,7,***,73,*****
576,60.255,25.043,17.4,191907120600,090,7,***,71,*****
577,60.255,25.043,17.4,191907121300,110,9,***,77,*****
578,60.255,25.043,17.4,191907122000,140,7,***,70,*****
579,60.255,25.043,17.4,191907130600,140,9,***,69,*****
580,60.255,25.043,17.4,191907131300,110,9,***,73,*****
581,60.255,25.043,17.4,191907132000,090,7,***,70,*****
582,60.255,25.043,17.4,191907140600,110,7,***,69,*****
583,60.255,25.043,17.4,191907141300,110,9,***,69,*****
584,60.255,25.043,17.4,191907142000,090,5,***,70,*****
585,60.255,25.043,17.4,191907150600,050,5,***,69,*****
586,60.255,25.043,17.4,191907151300,090,5,***,79,*****
587,60.255,25.043,17.4,191907152000,050,5,***,74,*****
588,60.255,25.043,17.4,191907160600,050,5,***,70,*****
589,60.255,25.043,17.4,191907161300,140,11,***,77,*****
590,60.255,25.043,17.4,191907162000,140,9,***,69,*****
591,60.255,25.043,17.4,191907170600,200,9,***,58,*****
592,60.255,25.043,17.4,191907171300,160,7,***,64,*****
593,60.255,25.043,17.4,191907172000,090,7,***,64,*****
594,60.255,25.043,17.4,191907180600,070,7,***,67,*****
595,60.255,25.043,17.4,191907181300,110,11,***,72,*****
596,60.255,25.043,17.4,191907182000,090,5,***,68,*****
597,60.255,25.043,17.4,191907190600,070,7,***,62,*****
598,60.255,25.043,17.4,191907191300,110,5,***,70,*****
599,60.255,25.043,17.4,191907192000,230,2,***,66,*****
600,60.255,25.043,17.4,191907200600,320,7,***,66,*****
601,60.255,25.043,17.4,191907201300,230,14,***,73,*****
602,60.255,25.043,17.4,191907202000,230,5,***,70,*****
603,60.255,25.043,17.4,191907210600,050,5,***,65,*****
604,60.255,25.043,17.4,191907211300,110,9,***,69,*****
605,60.255,25.043,17.4,191907212000,110,5,***,67,*****
606,60.255,25.043,17.4,191907220600,070,5,***,64,*****
607,60.255,25.043,17.4,191907221300,140,9,***,73,*****
608,60.255,25.043,17.4,191907222000,***,0,***,67,*****
609,60.255,25.043,17.4,191907230600,070,5,***,67,*****
610,60.255,25.043,17.4,191907231300,180,5,***,77,*****
611,60.255,25.043,17.4,191907232000,***,0,***,68,*****
612,60.255,25.043,17.4,191907240600,***,0,***,70,*****
613,60.255,25.043,17.4,191907241300,250,14,***,76,*****
614,60.255,25.043,17.4,191907242000,050,2,***,72,*****
615,60.255,25.043,17.4,191907250600,360,14,***,63,*****
616,60.255,25.043,17.4,191907251300,360,14,***,66,*****
617,60.255,25.043,17.4,191907252000,340,9,***,60,*****
618,60.255,25.043,17.4,191907260600,360,9,***,59,*****
619,60.255,25.043,17.4,191907261300,340,9,***,65,*****
620,60.255,25.043,17.4,191907262000,360,2,***,61,*****
621,60.255,25.043,17.4,191907270600,340,7,***,58,*****
622,60.255,25.043,17.4,191907271300,090,5,***,62,*****
623,60.255,25.043,17.4,191907272000,340,2,***,60,*****
624,60.255,25.043,17.4,191907280600,050,9,***,57,*****
625,60.255,25.043,17.4,191907281300,180,7,***,66,*****
626,60.255,25.043,17.4,191907282000,140,2,***,61,*****
627,60.255,25.043,17.4,191907290600,110,2,***,59,*****
628,60.255,25.043,17.4,191907291300,230,7,***,68,*****
629,60.255,25.043,17.4,191907292000,320,5,***,60,*****
630,60.255,25.043,17.4,191907300600,290,9,***,57,*****
631,60.255,25.043,17.4,191907301300,230,14,***,68,*****
632,60.255,25.043,17.4,191907302000,270,7,***,63,*****
633,60.255,25.043,17.4,191907310600,270,2,***,61,*****
634,60.255,25.043,17.4,191907311300,250,14,***,65,*****
635,60.255,25.043,17.4,191907312000,***,0,***,60,*****
636,60.255,25.043,17.4,191908010600,230,11,***,63,*****
637,60.255,25.043,17.4,191908011300,250,14,***,64,*****
638,60.255,25.043,17.4,191908012000,250,14,***,61,*****
639,60.255,25.043,17.4,191908020600,200,16,***,61,*****
640,60.255,25.043,17.4,191908021300,200,11,***,64,*****
641,60.255,25.043,17.4,191908022000,230,7,***,61,*****
642,60.255,25.043,17.4,191908030600,200,11,***,60,*****
643,60.255,25.043,17.4,191908031300,200,11,***,62,*****
644,60.255,25.043,17.4,191908032000,200,5,***,61,*****
645,60.255,25.043,17.4,191908040600,200,9,***,62,*****
646,60.255,25.043,17.4,191908041300,180,7,***,63,*****
647,60.255,25.043,17.4,191908042000,***,0,***,59,*****
648,60.255,25.043,17.4,191908050600,200,9,***,60,*****
649,60.255,25.043,17.4,191908051300,200,9,***,64,*****
650,60.255,25.043,17.4,191908052000,270,9,***,59,*****
651,60.255,25.043,17.4,191908060600,270,7,***,60,*****
652,60.255,25.043,17.4,191908061300,250,16,***,60,*****
653,60.255,25.043,17.4,191908062000,270,11,***,58,*****
654,60.255,25.043,17.4,191908070600,230,2,***,58,*****
655,60.255,25.043,17.4,191908071300,160,9,***,62,*****
656,60.255,25.043,17.4,191908072000,180,7,***,60,*****
657,60.255,25.043,17.4,191908080600,230,5,***,59,*****
658,60.255,25.043,17.4,191908081300,140,7,***,62,*****
659,60.255,25.043,17.4,191908082000,270,2,***,56,*****
660,60.255,25.043,17.4,191908090600,320,9,***,55,*****
661,60.255,25.043,17.4,191908091300,290,14,***,64,*****
662,60.255,25.043,17.4,191908092000,320,9,***,55,*****
663,60.255,25.043,17.4,191908100600,290,9,***,53,*****
664,60.255,25.043,17.4,191908101300,320,9,***,65,*****
665,60.255,25.043,17.4,191908102000,270,7,***,58,*****
666,60.255,25.043,17.4,191908110600,230,7,***,56,*****
667,60.255,25.043,17.4,191908111300,230,9,***,61,*****
668,60.255,25.043,17.4,191908112000,320,9,***,54,*****
669,60.255,25.043,17.4,191908120600,320,9,***,52,*****
670,60.255,25.043,17.4,191908121300,320,9,***,58,*****
671,60.255,25.043,17.4,191908122000,340,9,***,56,*****
672,60.255,25.043,17.4,191908130600,320,9,***,56,*****
673,60.255,25.043,17.4,191908131300,270,9,***,64,*****
674,60.255,25.043,17.4,191908132000,320,5,***,59,*****
675,60.255,25.043,17.4,191908140600,050,2,***,51,*****
676,60.255,25.043,17.4,191908141300,320,7,***,59,*****
677,60.255,25.043,17.4,191908142000,320,9,***,52,*****
678,60.255,25.043,17.4,191908150600,290,7,***,52,*****
679,60.255,25.043,17.4,191908151300,320,11,***,56,*****
680,60.255,25.043,17.4,191908152000,340,14,***,52,*****
681,60.255,25.043,17.4,191908160600,340,11,***,55,*****
682,60.255,25.043,17.4,191908161300,340,16,***,64,*****
683,60.255,25.043,17.4,191908162000,340,7,***,53,*****
684,60.255,25.043,17.4,191908170600,320,7,***,52,*****
685,60.255,25.043,17.4,191908171300,230,9,***,57,*****
686,60.255,25.043,17.4,191908172000,270,7,***,56,*****
687,60.255,25.043,17.4,191908180600,270,2,***,53,*****
688,60.255,25.043,17.4,191908181300,230,11,***,58,*****
689,60.255,25.043,17.4,191908182000,230,7,***,55,*****
690,60.255,25.043,17.4,191908190600,200,9,***,56,*****
691,60.255,25.043,17.4,191908191300,230,16,***,58,*****
692,60.255,25.043,17.4,191908192000,230,7,***,54,*****
693,60.255,25.043,17.4,191908200600,230,5,***,54,*****
694,60.255,25.043,17.4,191908201300,250,18,***,60,*****
695,60.255,25.043,17.4,191908202000,270,5,***,55,*****
696,60.255,25.043,17.4,191908210600,***,0,***,53,*****
697,60.255,25.043,17.4,191908211300,230,7,***,64,*****
698,60.255,25.043,17.4,191908212000,230,7,***,54,*****
699,60.255,25.043,17.4,191908220600,230,2,***,53,*****
700,60.255,25.043,17.4,191908221300,270,7,***,58,*****
701,60.255,25.043,17.4,191908222000,250,2,***,52,*****
702,60.255,25.043,17.4,191908230600,320,7,***,51,*****
703,60.255,25.043,17.4,191908231300,320,9,***,62,*****
704,60.255,25.043,17.4,191908232000,***,0,***,53,*****
705,60.255,25.043,17.4,191908240600,050,7,***,50,*****
706,60.255,25.043,17.4,191908241300,200,5,***,59,*****
707,60.255,25.043,17.4,191908242000,290,2,***,51,*****
708,60.255,25.043,17.4,191908250600,320,7,***,51,*****
709,60.255,25.043,17.4,191908251300,230,11,***,55,*****
710,60.255,25.043,17.4,191908252000,270,5,***,51,*****
711,60.255,25.043,17.4,191908260600,320,9,***,50,*****
712,60.255,25.043,17.4,191908261300,270,9,***,58,*****
713,60.255,25.043,17.4,191908262000,270,5,***,53,*****
714,60.255,25.043,17.4,191908270600,***,0,***,51,*****
715,60.255,25.043,17.4,191908271300,200,9,***,59,*****
716,60.255,25.043,17.4,191908272000,140,5,***,56,*****
717,60.255,25.043,17.4,191908280600,160,9,***,55,*****
718,60.255,25.043,17.4,191908281300,230,11,***,61,*****
719,60.255,25.043,17.4,191908282000,230,9,***,54,*****
720,60.255,25.043,17.4,191908290600,230,11,***,55,*****
721,60.255,25.043,17.4,191908291300,180,9,***,55,*****
722,60.255,25.043,17.4,191908292000,200,9,***,57,*****
723,60.255,25.043,17.4,191908300600,230,9,***,56,*****
724,60.255,25.043,17.4,191908301300,180,5,***,63,*****
725,60.255,25.043,17.4,191908302000,110,7,***,60,*****
726,60.255,25.043,17.4,191908310600,200,11,***,60,*****
727,60.255,25.043,17.4,191908311300,250,18,***,59,*****
728,60.255,25.043,17.4,191908312000,230,5,***,54,*****
729,60.255,25.043,17.4,191909010600,230,9,***,54,*****
730,60.255,25.043,17.4,191909011300,250,14,***,59,*****
731,60.255,25.043,17.4,191909012000,230,7,***,53,*****
732,60.255,25.043,17.4,191909020600,230,9,***,55,*****
733,60.255,25.043,17.4,191909021300,250,16,***,58,*****
734,60.255,25.043,17.4,191909022000,230,7,***,52,*****
735,60.255,25.043,17.4,191909030600,230,7,***,55,*****
736,60.255,25.043,17.4,191909031300,230,9,***,60,*****
737,60.255,25.043,17.4,191909032000,230,5,***,53,*****
738,60.255,25.043,17.4,191909040600,230,5,***,51,*****
739,60.255,25.043,17.4,191909041300,140,5,***,62,*****
740,60.255,25.043,17.4,191909042000,110,7,***,57,*****
741,60.255,25.043,17.4,191909050600,140,5,***,52,*****
742,60.255,25.043,17.4,191909051300,230,7,***,66,*****
743,60.255,25.043,17.4,191909052000,230,7,***,58,*****
744,60.255,25.043,17.4,191909060600,270,7,***,56,*****
745,60.255,25.043,17.4,191909061300,230,11,***,64,*****
746,60.255,25.043,17.4,191909062000,230,9,***,60,*****
747,60.255,25.043,17.4,191909070600,230,7,***,59,*****
748,60.255,25.043,17.4,191909071300,230,14,***,66,*****
749,60.255,25.043,17.4,191909072000,230,9,***,62,*****
750,60.255,25.043,17.4,191909080600,230,14,***,57,*****
751,60.255,25.043,17.4,191909081300,250,16,***,60,*****
752,60.255,25.043,17.4,191909082000,230,9,***,54,*****
753,60.255,25.043,17.4,191909090600,250,14,***,55,*****
754,60.255,25.043,17.4,191909091300,250,14,***,57,*****
755,60.255,25.043,17.4,191909092000,270,9,***,54,*****
756,60.255,25.043,17.4,191909100600,320,14,***,51,*****
757,60.255,25.043,17.4,191909101300,320,14,***,58,*****
758,60.255,25.043,17.4,191909102000,320,9,***,49,*****
759,60.255,25.043,17.4,191909110600,270,7,***,53,*****
760,60.255,25.043,17.4,191909111300,230,11,***,60,*****
761,60.255,25.043,17.4,191909112000,230,11,***,55,*****
762,60.255,25.043,17.4,191909120600,250,14,***,57,*****
763,60.255,25.043,17.4,191909121300,340,14,***,60,*****
764,60.255,25.043,17.4,191909122000,270,9,***,53,*****
765,60.255,25.043,17.4,191909130600,320,9,***,49,*****
766,60.255,25.043,17.4,191909131300,320,11,***,58,*****
767,60.255,25.043,17.4,191909132000,320,2,***,47,*****
768,60.255,25.043,17.4,191909140600,180,7,***,51,*****
769,60.255,25.043,17.4,191909141300,140,9,***,53,*****
770,60.255,25.043,17.4,191909142000,140,5,***,50,*****
771,60.255,25.043,17.4,191909150600,360,9,***,45,*****
772,60.255,25.043,17.4,191909151300,360,14,***,53,*****
773,60.255,25.043,17.4,191909152000,340,14,***,50,*****
774,60.255,25.043,17.4,191909160600,320,9,***,44,*****
775,60.255,25.043,17.4,191909161300,290,9,***,56,*****
776,60.255,25.043,17.4,191909162000,230,7,***,51,*****
777,60.255,25.043,17.4,191909170600,250,7,***,52,*****
778,60.255,25.043,17.4,191909171300,270,7,***,54,*****
779,60.255,25.043,17.4,191909172000,250,9,***,51,*****
780,60.255,25.043,17.4,191909180600,320,18,***,48,*****
781,60.255,25.043,17.4,191909181300,290,18,***,52,*****
782,60.255,25.043,17.4,191909182000,270,11,***,46,*****
783,60.255,25.043,17.4,191909190600,***,0,***,42,*****
784,60.255,25.043,17.4,191909191300,160,11,***,54,*****
785,60.255,25.043,17.4,191909192000,160,11,***,53,*****
786,60.255,25.043,17.4,191909200600,110,9,***,52,*****
787,60.255,25.043,17.4,191909201300,090,14,***,57,*****
788,60.255,25.043,17.4,191909202000,230,9,***,57,*****
789,60.255,25.043,17.4,191909210600,270,11,***,52,*****
790,60.255,25.043,17.4,191909211300,230,9,***,56,*****
791,60.255,25.043,17.4,191909212000,200,14,***,54,*****
792,60.255,25.043,17.4,191909220600,160,7,***,53,*****
793,60.255,25.043,17.4,191909221300,110,7,***,56,*****
794,60.255,25.043,17.4,191909222000,110,14,***,55,*****
795,60.255,25.043,17.4,191909230600,160,16,***,59,*****
796,60.255,25.043,17.4,191909231300,180,11,***,57,*****
797,60.255,25.043,17.4,191909232000,250,9,***,50,*****
798,60.255,25.043,17.4,191909240600,200,16,***,52,*****
799,60.255,25.043,17.4,191909241300,230,11,***,53,*****
800,60.255,25.043,17.4,191909242000,230,11,***,51,*****
801,60.255,25.043,17.4,191909250600,200,16,***,50,*****
802,60.255,25.043,17.4,191909251300,180,18,***,51,*****
803,60.255,25.043,17.4,191909252000,230,9,***,49,*****
804,60.255,25.043,17.4,191909260600,290,16,***,47,*****
805,60.255,25.043,17.4,191909261300,250,11,***,53,*****
806,60.255,25.043,17.4,191909262000,230,11,***,53,*****
807,60.255,25.043,17.4,191909270600,200,14,***,54,*****
808,60.255,25.043,17.4,191909271300,250,22,***,54,*****
809,60.255,25.043,17.4,191909272000,230,22,***,52,*****
810,60.255,25.043,17.4,191909280600,250,14,***,49,*****
811,60.255,25.043,17.4,191909281300,230,18,***,50,*****
812,60.255,25.043,17.4,191909282000,250,11,***,48,*****
813,60.255,25.043,17.4,191909290600,270,5,***,46,*****
814,60.255,25.043,17.4,191909291300,320,9,***,50,*****
815,60.255,25.043,17.4,191909292000,320,9,***,41,*****
816,60.255,25.043,17.4,191909300600,250,9,***,47,*****
817,60.255,25.043,17.4,191909301300,230,18,***,51,*****
818,60.255,25.043,17.4,191909302000,250,11,***,51,*****
819,60.255,25.043,17.4,191910010600,250,9,***,47,*****
820,60.255,25.043,17.4,191910011300,230,11,***,51,*****
821,60.255,25.043,17.4,191910012000,250,7,***,50,*****
822,60.255,25.043,17.4,191910020600,180,7,***,49,*****
823,60.255,25.043,17.4,191910021300,090,7,***,53,*****
824,60.255,25.043,17.4,191910022000,110,9,***,52,*****
825,60.255,25.043,17.4,191910030600,090,5,***,49,*****
826,60.255,25.043,17.4,191910031300,090,9,***,53,*****
827,60.255,25.043,17.4,191910032000,050,5,***,51,*****
828,60.255,25.043,17.4,191910040600,270,7,***,51,*****
829,60.255,25.043,17.4,191910041300,230,7,***,55,*****
830,60.255,25.043,17.4,191910042000,250,7,***,50,*****
831,60.255,25.043,17.4,191910050600,250,9,***,49,*****
832,60.255,25.043,17.4,191910051300,250,9,***,56,*****
833,60.255,25.043,17.4,191910052000,230,9,***,48,*****
834,60.255,25.043,17.4,191910060600,200,11,***,49,*****
835,60.255,25.043,17.4,191910061300,200,14,***,55,*****
836,60.255,25.043,17.4,191910062000,200,14,***,51,*****
837,60.255,25.043,17.4,191910070600,230,11,***,51,*****
838,60.255,25.043,17.4,191910071300,340,16,***,50,*****
839,60.255,25.043,17.4,191910072000,290,9,***,40,*****
840,60.255,25.043,17.4,191910080600,250,9,***,42,*****
841,60.255,25.043,17.4,191910081300,250,14,***,47,*****
842,60.255,25.043,17.4,191910082000,200,14,***,46,*****
843,60.255,25.043,17.4,191910090600,160,7,***,46,*****
844,60.255,25.043,17.4,191910091300,230,16,***,42,*****
845,60.255,25.043,17.4,191910092000,180,11,***,43,*****
846,60.255,25.043,17.4,191910100600,320,9,***,39,*****
847,60.255,25.043,17.4,191910101300,230,7,***,43,*****
848,60.255,25.043,17.4,191910102000,320,5,***,39,*****
849,60.255,25.043,17.4,191910110600,320,5,***,38,*****
850,60.255,25.043,17.4,191910111300,230,7,***,43,*****
851,60.255,25.043,17.4,191910112000,320,5,***,37,*****
852,60.255,25.043,17.4,191910120600,320,5,***,35,*****
853,60.255,25.043,17.4,191910121300,230,7,***,40,*****
854,60.255,25.043,17.4,191910122000,270,5,***,33,*****
855,60.255,25.043,17.4,191910130600,180,7,***,42,*****
856,60.255,25.043,17.4,191910131300,290,9,***,41,*****
857,60.255,25.043,17.4,191910132000,180,11,***,44,*****
858,60.255,25.043,17.4,191910140600,180,18,***,42,*****
859,60.255,25.043,17.4,191910141300,200,14,***,42,*****
860,60.255,25.043,17.4,191910142000,180,11,***,40,*****
861,60.255,25.043,17.4,191910150600,230,7,***,43,*****
862,60.255,25.043,17.4,191910151300,200,14,***,46,*****
863,60.255,25.043,17.4,191910152000,250,7,***,40,*****
864,60.255,25.043,17.4,191910160600,270,5,***,37,*****
865,60.255,25.043,17.4,191910161300,320,5,***,41,*****
866,60.255,25.043,17.4,191910162000,320,7,***,36,*****
867,60.255,25.043,17.4,191910170600,320,9,***,34,*****
868,60.255,25.043,17.4,191910171300,320,14,***,38,*****
869,60.255,25.043,17.4,191910172000,290,11,***,37,*****
870,60.255,25.043,17.4,191910180600,320,9,***,31,*****
871,60.255,25.043,17.4,191910181300,340,11,***,37,*****
872,60.255,25.043,17.4,191910182000,320,7,***,29,*****
873,60.255,25.043,17.4,191910190600,200,11,***,39,*****
874,60.255,25.043,17.4,191910191300,230,16,***,44,*****
875,60.255,25.043,17.4,191910192000,270,11,***,47,*****
876,60.255,25.043,17.4,191910200600,270,9,***,42,*****
877,60.255,25.043,17.4,191910201300,230,9,***,51,*****
878,60.255,25.043,17.4,191910202000,250,9,***,47,*****
879,60.255,25.043,17.4,191910210600,250,16,***,47,*****
880,60.255,25.043,17.4,191910211300,250,14,***,48,*****
881,60.255,25.043,17.4,191910212000,270,9,***,47,*****
882,60.255,25.043,17.4,191910220600,270,7,***,45,*****
883,60.255,25.043,17.4,191910221300,250,16,***,48,*****
884,60.255,25.043,17.4,191910222000,250,16,***,46,*****
885,60.255,25.043,17.4,191910230600,250,18,***,46,*****
886,60.255,25.043,17.4,191910231300,230,18,***,46,*****
887,60.255,25.043,17.4,191910232000,230,18,***,46,*****
888,60.255,25.043,17.4,191910240600,250,11,***,46,*****
889,60.255,25.043,17.4,191910241300,250,11,***,47,*****
890,60.255,25.043,17.4,191910242000,020,7,***,44,*****
891,60.255,25.043,17.4,191910250600,020,7,***,34,*****
892,60.255,25.043,17.4,191910251300,050,7,***,40,*****
893,60.255,25.043,17.4,191910252000,050,7,***,32,*****
894,60.255,25.043,17.4,191910260600,020,9,***,31,*****
895,60.255,25.043,17.4,191910261300,050,14,***,37,*****
896,60.255,25.043,17.4,191910262000,050,18,***,35,*****
897,60.255,25.043,17.4,191910270600,050,16,***,34,*****
898,60.255,25.043,17.4,191910271300,050,18,***,35,*****
899,60.255,25.043,17.4,191910272000,050,16,***,33,*****
900,60.255,25.043,17.4,191910280600,050,14,***,33,*****
901,60.255,25.043,17.4,191910281300,050,14,***,34,*****
902,60.255,25.043,17.4,191910282000,050,14,***,33,*****
903,60.255,25.043,17.4,191910290600,050,14,***,31,*****
904,60.255,25.043,17.4,191910291300,050,14,***,32,*****
905,60.255,25.043,17.4,191910292000,070,14,***,29,*****
906,60.255,25.043,17.4,191910300600,070,9,***,26,*****
907,60.255,25.043,17.4,191910301300,070,14,***,32,*****
908,60.255,25.043,17.4,191910302000,050,11,***,26,*****
909,60.255,25.043,17.4,191910310600,020,14,***,28,*****
910,60.255,25.043,17.4,191910311300,050,16,***,29,*****
911,60.255,25.043,17.4,191910312000,050,14,***,27,*****
912,60.255,25.043,17.4,191911010600,050,11,***,26,*****
913,60.255,25.043,17.4,191911011300,020,9,***,28,*****
914,60.255,25.043,17.4,191911012000,090,7,***,27,*****
915,60.255,25.043,17.4,191911020600,050,11,***,26,*****
916,60.255,25.043,17.4,191911021300,050,9,***,28,*****
917,60.255,25.043,17.4,191911022000,020,9,***,27,*****
918,60.255,25.043,17.4,191911030600,020,9,***,27,*****
919,60.255,25.043,17.4,191911031300,020,9,***,30,*****
920,60.255,25.043,17.4,191911032000,090,7,***,31,*****
921,60.255,25.043,17.4,191911040600,050,7,***,30,*****
922,60.255,25.043,17.4,191911041300,020,7,***,30,*****
923,60.255,25.043,17.4,191911042000,320,9,***,28,*****
924,60.255,25.043,17.4,191911050600,320,9,***,24,*****
925,60.255,25.043,17.4,191911051300,320,9,***,30,*****
926,60.255,25.043,17.4,191911052000,270,11,***,31,*****
927,60.255,25.043,17.4,191911060600,320,7,***,19,*****
928,60.255,25.043,17.4,191911061300,320,9,***,29,*****
929,60.255,25.043,17.4,191911062000,020,5,***,25,*****
930,60.255,25.043,17.4,191911070600,070,14,***,21,*****
931,60.255,25.043,17.4,191911071300,020,14,***,22,*****
932,60.255,25.043,17.4,191911072000,050,14,***,16,*****
933,60.255,25.043,17.4,191911080600,320,9,***,15,*****
934,60.255,25.043,17.4,191911081300,340,9,***,19,*****
935,60.255,25.043,17.4,191911082000,340,9,***,17,*****
936,60.255,25.043,17.4,191911090600,320,7,***,12,*****
937,60.255,25.043,17.4,191911091300,340,7,***,22,*****
938,60.255,25.043,17.4,191911092000,320,5,***,13,*****
939,60.255,25.043,17.4,191911100600,050,5,***,12,*****
940,60.255,25.043,17.4,191911101300,290,7,***,28,*****
941,60.255,25.043,17.4,191911102000,270,5,***,20,*****
942,60.255,25.043,17.4,191911110600,050,5,***,23,*****
943,60.255,25.043,17.4,191911111300,230,7,***,27,*****
944,60.255,25.043,17.4,191911112000,140,7,***,25,*****
945,60.255,25.043,17.4,191911120600,090,14,***,23,*****
946,60.255,25.043,17.4,191911121300,050,14,***,23,*****
947,60.255,25.043,17.4,191911122000,050,11,***,16,*****
948,60.255,25.043,17.4,191911130600,070,9,***,15,*****
949,60.255,25.043,17.4,191911131300,050,9,***,19,*****
950,60.255,25.043,17.4,191911132000,050,9,***,18,*****
951,60.255,25.043,17.4,191911140600,070,9,***,17,*****
952,60.255,25.043,17.4,191911141300,050,9,***,19,*****
953,60.255,25.043,17.4,191911142000,050,9,***,18,*****
954,60.255,25.043,17.4,191911150600,360,7,***,5,*****
955,60.255,25.043,17.4,191911151300,050,9,***,18,*****
956,60.255,25.043,17.4,191911152000,050,9,***,16,*****
957,60.255,25.043,17.4,191911160600,050,9,***,16,*****
958,60.255,25.043,17.4,191911161300,050,9,***,19,*****
959,60.255,25.043,17.4,191911162000,050,9,***,11,*****
960,60.255,25.043,17.4,191911170600,340,5,***,2,*****
961,60.255,25.043,17.4,191911171300,320,7,***,14,*****
962,60.255,25.043,17.4,191911172000,290,9,***,13,*****
963,60.255,25.043,17.4,191911180600,290,9,***,17,*****
964,60.255,25.043,17.4,191911181300,270,7,***,29,*****
965,60.255,25.043,17.4,191911182000,230,16,***,33,*****
966,60.255,25.043,17.4,191911190600,230,19,***,27,*****
967,60.255,25.043,17.4,191911191300,230,24,***,29,*****
968,60.255,25.043,17.4,191911192000,230,19,***,25,*****
969,60.255,25.043,17.4,191911200600,230,18,***,25,*****
970,60.255,25.043,17.4,191911201300,200,19,***,27,*****
971,60.255,25.043,17.4,191911202000,180,19,***,23,*****
972,60.255,25.043,17.4,191911210600,140,22,***,21,*****
973,60.255,25.043,17.4,191911211300,140,16,***,24,*****
974,60.255,25.043,17.4,191911212000,160,16,***,24,*****
975,60.255,25.043,17.4,191911220600,140,9,***,26,*****
976,60.255,25.043,17.4,191911221300,090,7,***,25,*****
977,60.255,25.043,17.4,191911222000,020,9,***,18,*****
978,60.255,25.043,17.4,191911230600,290,7,***,18,*****
979,60.255,25.043,17.4,191911231300,230,5,***,31,*****
980,60.255,25.043,17.4,191911232000,200,14,***,34,*****
981,60.255,25.043,17.4,191911240600,180,18,***,33,*****
982,60.255,25.043,17.4,191911241300,250,9,***,35,*****
983,60.255,25.043,17.4,191911242000,140,9,***,36,*****
984,60.255,25.043,17.4,191911250600,270,18,***,34,*****
985,60.255,25.043,17.4,191911251300,270,11,***,36,*****
986,60.255,25.043,17.4,191911252000,230,9,***,37,*****
987,60.255,25.043,17.4,191911260600,140,9,***,35,*****
988,60.255,25.043,17.4,191911261300,200,11,***,38,*****
989,60.255,25.043,17.4,191911262000,200,9,***,38,*****
990,60.255,25.043,17.4,191911270600,180,11,***,36,*****
991,60.255,25.043,17.4,191911271300,160,7,***,37,*****
992,60.255,25.043,17.4,191911272000,110,11,***,35,*****
993,60.255,25.043,17.4,191911280600,180,16,***,38,*****
994,60.255,25.043,17.4,191911281300,180,14,***,37,*****
995,60.255,25.043,17.4,191911282000,140,9,***,35,*****
996,60.255,25.043,17.4,191911290600,090,9,***,34,*****
997,60.255,25.043,17.4,191911291300,320,9,***,33,*****
998,60.255,25.043,17.4,191911292000,320,9,***,32,*****
999,60.255,25.043,17.4,191911300600,290,7,***,31,*****
1000,60.255,25.043,17.4,191911301300,250,5,***,35,*****
1001,60.255,25.043,17.4,191911302000,180,11,***,35,*****
1002,60.255,25.043,17.4,191912010600,180,9,***,33,*****
1003,60.255,25.043,17.4,191912011300,290,16,***,32,*****
1004,60.255,25.043,17.4,191912012000,270,7,***,33,*****
1005,60.255,25.043,17.4,191912020600,230,7,***,36,*****
1006,60.255,25.043,17.4,191912021300,140,14,***,36,*****
1007,60.255,25.043,17.4,191912022000,200,16,***,36,*****
1008,60.255,25.043,17.4,191912030600,230,16,***,37,*****
1009,60.255,25.043,17.4,191912031300,200,14,***,36,*****
1010,60.255,25.043,17.4,191912032000,200,16,***,36,*****
1011,60.255,25.043,17.4,191912040600,230,16,***,36,*****
1012,60.255,25.043,17.4,191912041300,270,9,***,37,*****
1013,60.255,25.043,17.4,191912042000,230,5,***,37,*****
1014,60.255,25.043,17.4,191912050600,340,5,***,35,*****
1015,60.255,25.043,17.4,191912051300,050,5,***,34,*****
1016,60.255,25.043,17.4,191912052000,270,5,***,33,*****
1017,60.255,25.043,17.4,191912060600,180,9,***,36,*****
1018,60.255,25.043,17.4,191912061300,180,11,***,37,*****
1019,60.255,25.043,17.4,191912062000,160,11,***,36,*****
1020,60.255,25.043,17.4,191912070600,140,11,***,35,*****
1021,60.255,25.043,17.4,191912071300,180,9,***,37,*****
1022,60.255,25.043,17.4,191912072000,140,9,***,36,*****
1023,60.255,25.043,17.4,191912080600,090,7,***,34,*****
1024,60.255,25.043,17.4,191912081300,050,11,***,34,*****
1025,60.255,25.043,17.4,191912082000,020,14,***,33,*****
1026,60.255,25.043,17.4,191912090600,360,19,***,31,*****
1027,60.255,25.043,17.4,191912091300,340,22,***,28,*****
1028,60.255,25.043,17.4,191912092000,320,19,***,29,*****
1029,60.255,25.043,17.4,191912100600,320,14,***,27,*****
1030,60.255,25.043,17.4,191912101300,270,7,***,27,*****
1031,60.255,25.043,17.4,191912102000,270,7,***,22,*****
1032,60.255,25.043,17.4,191912110600,270,9,***,23,*****
1033,60.255,25.043,17.4,191912111300,230,9,***,31,*****
1034,60.255,25.043,17.4,191912112000,230,9,***,31,*****
1035,60.255,25.043,17.4,191912120600,230,7,***,32,*****
1036,60.255,25.043,17.4,191912121300,230,9,***,28,*****
1037,60.255,25.043,17.4,191912122000,230,7,***,24,*****
1038,60.255,25.043,17.4,191912130600,230,7,***,24,*****
1039,60.255,25.043,17.4,191912131300,270,5,***,25,*****
1040,60.255,25.043,17.4,191912132000,230,7,***,29,*****
1041,60.255,25.043,17.4,191912140600,270,5,***,31,*****
1042,60.255,25.043,17.4,191912141300,270,5,***,32,*****
1043,60.255,25.043,17.4,191912142000,270,2,***,30,*****
1044,60.255,25.043,17.4,191912150600,050,5,***,29,*****
1045,60.255,25.043,17.4,191912151300,050,5,***,28,*****
1046,60.255,25.043,17.4,191912152000,090,5,***,27,*****
1047,60.255,25.043,17.4,191912160600,090,2,***,27,*****
1048,60.255,25.043,17.4,191912161300,320,5,***,28,*****
1049,60.255,25.043,17.4,191912162000,050,5,***,27,*****
1050,60.255,25.043,17.4,191912170600,050,5,***,26,*****
1051,60.255,25.043,17.4,191912171300,270,9,***,27,*****
1052,60.255,25.043,17.4,191912172000,230,9,***,28,*****
1053,60.255,25.043,17.4,191912180600,200,16,***,30,*****
1054,60.255,25.043,17.4,191912181300,200,18,***,27,*****
1055,60.255,25.043,17.4,191912182000,200,14,***,26,*****
1056,60.255,25.043,17.4,191912190600,090,7,***,24,*****
1057,60.255,25.043,17.4,191912191300,050,14,***,17,*****
1058,60.255,25.043,17.4,191912192000,050,9,***,17,*****
1059,60.255,25.043,17.4,191912200600,020,16,***,-5,*****
1060,60.255,25.043,17.4,191912201300,360,14,***,-10,*****
1061,60.255,25.043,17.4,191912202000,050,11,***,-15,*****
1062,60.255,25.043,17.4,191912210600,360,11,***,-12,*****
1063,60.255,25.043,17.4,191912211300,070,9,***,-3,*****
1064,60.255,25.043,17.4,191912212000,160,14,***,8,*****
1065,60.255,25.043,17.4,191912220600,160,14,***,12,*****
1066,60.255,25.043,17.4,191912221300,110,16,***,18,*****
1067,60.255,25.043,17.4,191912222000,110,18,***,19,*****
1068,60.255,25.043,17.4,191912230600,360,18,***,9,*****
1069,60.255,25.043,17.4,191912231300,320,14,***,9,*****
1070,60.255,25.043,17.4,191912232000,320,9,***,5,*****
1071,60.255,25.043,17.4,191912240600,320,5,***,-4,*****
1072,60.255,25.043,17.4,191912241300,320,2,***,8,*****
1073,60.255,25.043,17.4,191912242000,320,7,***,17,*****
1074,60.255,25.043,17.4,191912250600,050,9,***,17,*****
1075,60.255,25.043,17.4,191912251300,050,9,***,15,*****
1076,60.255,25.043,17.4,191912252000,050,9,***,12,*****
1077,60.255,25.043,17.4,191912260600,050,9,***,8,*****
1078,60.255,25.043,17.4,191912261300,360,5,***,3,*****
1079,60.255,25.043,17.4,191912262000,020,7,***,0,*****
1080,60.255,25.043,17.4,191912270600,360,7,***,8,*****
1081,60.255,25.043,17.4,191912271300,320,7,***,8,*****
1082,60.255,25.043,17.4,191912272000,050,7,***,6,*****
1083,60.255,25.043,17.4,191912280600,320,5,***,4,*****
1084,60.255,25.043,17.4,191912281300,320,11,***,12,*****
1085,60.255,25.043,17.4,191912282000,320,14,***,11,*****
1086,60.255,25.043,17.4,191912290600,320,11,***,11,*****
1087,60.255,25.043,17.4,191912291300,320,7,***,14,*****
1088,60.255,25.043,17.4,191912292000,320,9,***,16,*****
1089,60.255,25.043,17.4,191912300600,270,5,***,11,*****
1090,60.255,25.043,17.4,191912301300,140,9,***,26,*****
1091,60.255,25.043,17.4,191912302000,180,16,***,23,*****
1092,60.255,25.043,17.4,191912310600,110,14,***,21,*****
1093,60.255,25.043,17.4,191912311300,140,9,***,20,*****
1094,60.255,25.043,17.4,191912312000,140,5,***,21,*****
