,Lat,Lon,Ele,YR--MODAHRMN,DIR,SPD,GUS,TEMP,ALT
0,60.255,25.043,17.4,192001010600,090,7,***,28,*****
1,60.255,25.043,17.4,192001011300,090,9,***,32,*****
2,60.255,25.043,17.4,192001012000,090,7,***,33,*****
3,60.255,25.043,17.4,192001020600,200,11,***,34,*****
4,60.255,25.043,17.4,192001021300,200,18,***,34,*****
5,60.255,25.043,17.4,192001022000,200,18,***,34,*****
6,60.255,25.043,17.4,192001030600,230,11,***,33,*****
7,60.255,25.043,17.4,192001031300,270,9,***,32,*****
8,60.255,25.043,17.4,192001032000,270,7,***,30,*****
9,60.255,25.043,17.4,192001040600,270,9,***,28,*****
10,60.255,25.043,17.4,192001041300,320,9,***,28,*****
11,60.255,25.043,17.4,192001042000,270,9,***,21,*****
12,60.255,25.043,17.4,192001050600,290,7,***,16,*****
13,60.255,25.043,17.4,192001051300,320,5,***,18,*****
14,60.255,25.043,17.4,192001052000,320,5,***,16,*****
15,60.255,25.043,17.4,192001060600,230,7,***,23,*****
16,60.255,25.043,17.4,192001061300,250,16,***,31,*****
17,60.255,25.043,17.4,192001062000,230,22,***,32,*****
18,60.255,25.043,17.4,192001070600,250,18,***,32,*****
19,60.255,25.043,17.4,192001071300,230,18,***,28,*****
20,60.255,25.043,17.4,192001072000,230,18,***,29,*****
21,60.255,25.043,17.4,192001080600,230,22,***,32,*****
22,60.255,25.043,17.4,192001081300,230,19,***,33,*****
23,60.255,25.043,17.4,192001082000,230,22,***,35,*****
24,60.255,25.043,17.4,192001090600,200,19,***,34,*****
25,60.255,25.043,17.4,192001091300,250,18,***,33,*****
26,60.255,25.043,17.4,192001092000,250,14,***,29,*****
27,60.255,25.043,17.4,192001100600,250,11,***,25,*****
28,60.255,25.043,17.4,192001101300,250,11,***,29,*****
29,60.255,25.043,17.4,192001102000,200,18,***,32,*****
30,60.255,25.043,17.4,192001110600,250,9,***,31,*****
31,60.255,25.043,17.4,192001111300,290,7,***,24,*****
32,60.255,25.043,17.4,192001112000,270,5,***,26,*****
33,60.255,25.043,17.4,192001120600,090,11,***,27,*****
34,60.255,25.043,17.4,192001121300,090,14,***,27,*****
35,60.255,25.043,17.4,192001122000,070,18,***,23,*****
36,60.255,25.043,17.4,192001130600,070,11,***,22,*****
37,60.255,25.043,17.4,192001131300,340,9,***,20,*****
38,60.255,25.043,17.4,192001132000,320,7,***,19,*****
39,60.255,25.043,17.4,192001140600,320,2,***,16,*****
40,60.255,25.043,17.4,192001141300,320,7,***,16,*****
41,60.255,25.043,17.4,192001142000,320,9,***,14,*****
42,60.255,25.043,17.4,192001150600,320,14,***,18,*****
43,60.255,25.043,17.4,192001151300,320,18,***,22,*****
44,60.255,25.043,17.4,192001152000,320,11,***,14,*****
45,60.255,25.043,17.4,192001160600,320,5,***,15,*****
46,60.255,25.043,17.4,192001161300,200,5,***,19,*****
47,60.255,25.043,17.4,192001162000,200,19,***,28,*****
48,60.255,25.043,17.4,192001170600,250,9,***,32,*****
49,60.255,25.043,17.4,192001171300,320,9,***,28,*****
50,60.255,25.043,17.4,192001172000,320,2,***,20,*****
51,60.255,25.043,17.4,192001180600,140,14,***,29,*****
52,60.255,25.043,17.4,192001181300,090,18,***,29,*****
53,60.255,25.043,17.4,192001182000,050,9,***,22,*****
54,60.255,25.043,17.4,192001190600,230,7,***,28,*****
55,60.255,25.043,17.4,192001191300,230,14,***,30,*****
56,60.255,25.043,17.4,192001192000,250,9,***,33,*****
57,60.255,25.043,17.4,192001200600,270,9,***,30,*****
58,60.255,25.043,17.4,192001201300,320,11,***,24,*****
59,60.255,25.043,17.4,192001202000,320,9,***,19,*****
60,60.255,25.043,17.4,192001210600,320,5,***,18,*****
61,60.255,25.043,17.4,192001211300,320,5,***,20,*****
62,60.255,25.043,17.4,192001212000,090,7,***,19,*****
63,60.255,25.043,17.4,192001220600,070,9,***,10,*****
64,60.255,25.043,17.4,192001221300,050,9,***,6,*****
65,60.255,25.043,17.4,192001222000,360,7,***,-1,*****
66,60.255,25.043,17.4,192001230600,090,5,***,-3,*****
67,60.255,25.043,17.4,192001231300,090,5,***,6,*****
68,60.255,25.043,17.4,192001232000,090,5,***,11,*****
69,60.255,25.043,17.4,192001240600,110,14,***,7,*****
70,60.255,25.043,17.4,192001241300,110,9,***,4,*****
71,60.255,25.043,17.4,192001242000,110,11,***,3,*****
72,60.255,25.043,17.4,192001250600,160,16,***,7,*****
73,60.255,25.043,17.4,192001251300,180,19,***,12,*****
74,60.255,25.043,17.4,192001252000,160,16,***,15,*****
75,60.255,25.043,17.4,192001260600,160,9,***,14,*****
76,60.255,25.043,17.4,192001261300,140,9,***,13,*****
77,60.255,25.043,17.4,192001262000,140,5,***,8,*****
78,60.255,25.043,17.4,192001270600,090,7,***,-3,*****
79,60.255,25.043,17.4,192001271300,090,9,***,4,*****
80,60.255,25.043,17.4,192001272000,090,9,***,10,*****
81,60.255,25.043,17.4,192001280600,140,11,***,7,*****
82,60.255,25.043,17.4,192001281300,180,7,***,13,*****
83,60.255,25.043,17.4,192001282000,090,9,***,13,*****
84,60.255,25.043,17.4,192001290600,140,9,***,8,*****
85,60.255,25.043,17.4,192001291300,110,11,***,4,*****
86,60.255,25.043,17.4,192001292000,090,14,***,2,*****
87,60.255,25.043,17.4,192001300600,140,14,***,-1,*****
88,60.255,25.043,17.4,192001301300,090,11,***,4,*****
89,60.255,25.043,17.4,192001302000,090,16,***,5,*****
90,60.255,25.043,17.4,192001310600,090,14,***,9,*****
91,60.255,25.043,17.4,192001311300,140,14,***,12,*****
92,60.255,25.043,17.4,192001312000,140,11,***,10,*****
93,60.255,25.043,17.4,192002010600,140,11,***,11,*****
94,60.255,25.043,17.4,192002011300,140,14,***,12,*****
95,60.255,25.043,17.4,192002012000,160,14,***,12,*****
96,60.255,25.043,17.4,192002020600,180,14,***,17,*****
97,60.255,25.043,17.4,192002021300,200,16,***,21,*****
98,60.255,25.043,17.4,192002022000,180,22,***,28,*****
99,60.255,25.043,17.4,192002030600,230,14,***,37,*****
100,60.255,25.043,17.4,192002031300,270,9,***,38,*****
101,60.255,25.043,17.4,192002032000,230,11,***,35,*****
102,60.255,25.043,17.4,192002040600,230,11,***,36,*****
103,60.255,25.043,17.4,192002041300,290,18,***,39,*****
104,60.255,25.043,17.4,192002042000,320,18,***,36,*****
105,60.255,25.043,17.4,192002050600,320,16,***,33,*****
106,60.255,25.043,17.4,192002051300,320,19,***,33,*****
107,60.255,25.043,17.4,192002052000,320,7,***,26,*****
108,60.255,25.043,17.4,192002060600,270,11,***,33,*****
109,60.255,25.043,17.4,192002061300,320,14,***,39,*****
110,60.255,25.043,17.4,192002062000,320,18,***,34,*****
111,60.255,25.043,17.4,192002070600,320,7,***,27,*****
112,60.255,25.043,17.4,192002071300,340,5,***,33,*****
113,60.255,25.043,17.4,192002072000,070,5,***,26,*****
114,60.255,25.043,17.4,192002080600,230,7,***,24,*****
115,60.255,25.043,17.4,192002081300,200,16,***,26,*****
116,60.255,25.043,17.4,192002082000,230,16,***,28,*****
117,60.255,25.043,17.4,192002090600,200,9,***,28,*****
118,60.255,25.043,17.4,192002091300,250,16,***,31,*****
119,60.255,25.043,17.4,192002092000,270,9,***,31,*****
120,60.255,25.043,17.4,192002100600,230,9,***,31,*****
121,60.255,25.043,17.4,192002101300,180,14,***,32,*****
122,60.255,25.043,17.4,192002102000,180,18,***,33,*****
123,60.255,25.043,17.4,192002110600,200,19,***,34,*****
124,60.255,25.043,17.4,192002111300,200,14,***,35,*****
125,60.255,25.043,17.4,192002112000,200,16,***,34,*****
126,60.255,25.043,17.4,192002120600,180,7,***,33,*****
127,60.255,25.043,17.4,192002121300,230,7,***,34,*****
128,60.255,25.043,17.4,192002122000,230,5,***,33,*****
129,60.255,25.043,17.4,192002130600,270,7,***,26,*****
130,60.255,25.043,17.4,192002131300,270,7,***,27,*****
131,60.255,25.043,17.4,192002132000,180,9,***,29,*****
132,60.255,25.043,17.4,192002140600,180,11,***,32,*****
133,60.255,25.043,17.4,192002141300,160,14,***,33,*****
134,60.255,25.043,17.4,192002142000,160,18,***,31,*****
135,60.255,25.043,17.4,192002150600,160,14,***,27,*****
136,60.255,25.043,17.4,192002151300,180,9,***,27,*****
137,60.255,25.043,17.4,192002152000,180,2,***,28,*****
138,60.255,25.043,17.4,192002160600,320,2,***,10,*****
139,60.255,25.043,17.4,192002161300,140,7,***,21,*****
140,60.255,25.043,17.4,192002162000,140,11,***,28,*****
141,60.255,25.043,17.4,192002170600,180,11,***,29,*****
142,60.255,25.043,17.4,192002171300,200,11,***,32,*****
143,60.255,25.043,17.4,192002172000,200,14,***,32,*****
144,60.255,25.043,17.4,192002180600,230,16,***,32,*****
145,60.255,25.043,17.4,192002181300,250,14,***,33,*****
146,60.255,25.043,17.4,192002182000,230,14,***,33,*****
147,60.255,25.043,17.4,192002190600,230,16,***,32,*****
148,60.255,25.043,17.4,192002191300,230,16,***,32,*****
149,60.255,25.043,17.4,192002192000,230,7,***,33,*****
150,60.255,25.043,17.4,192002200600,320,11,***,18,*****
151,60.255,25.043,17.4,192002201300,320,11,***,21,*****
152,60.255,25.043,17.4,192002202000,360,11,***,15,*****
153,60.255,25.043,17.4,192002210600,090,5,***,11,*****
154,60.255,25.043,17.4,192002211300,090,7,***,13,*****
155,60.255,25.043,17.4,192002212000,140,9,***,15,*****
156,60.255,25.043,17.4,192002220600,200,14,***,21,*****
157,60.255,25.043,17.4,192002221300,230,14,***,29,*****
158,60.255,25.043,17.4,192002222000,230,16,***,29,*****
159,60.255,25.043,17.4,192002230600,270,11,***,35,*****
160,60.255,25.043,17.4,192002231300,290,22,***,43,*****
161,60.255,25.043,17.4,192002232000,320,19,***,38,*****
162,60.255,25.043,17.4,192002240600,320,18,***,34,*****
163,60.255,25.043,17.4,192002241300,320,18,***,39,*****
164,60.255,25.043,17.4,192002242000,320,11,***,32,*****
165,60.255,25.043,17.4,192002250600,320,2,***,25,*****
166,60.255,25.043,17.4,192002251300,180,7,***,31,*****
167,60.255,25.043,17.4,192002252000,230,11,***,32,*****
168,60.255,25.043,17.4,192002260600,320,9,***,34,*****
169,60.255,25.043,17.4,192002261300,230,7,***,35,*****
170,60.255,25.043,17.4,192002262000,200,7,***,33,*****
171,60.255,25.043,17.4,192002270600,160,14,***,33,*****
172,60.255,25.043,17.4,192002271300,230,9,***,33,*****
173,60.255,25.043,17.4,192002272000,230,5,***,32,*****
174,60.255,25.043,17.4,192002280600,320,11,***,29,*****
175,60.255,25.043,17.4,192002281300,320,14,***,26,*****
176,60.255,25.043,17.4,192002282000,340,7,***,22,*****
177,60.255,25.043,17.4,192002290600,230,5,***,20,*****
178,60.255,25.043,17.4,192002291300,200,22,***,30,*****
179,60.255,25.043,17.4,192002292000,270,9,***,36,*****
180,60.255,25.043,17.4,192003010600,230,11,***,32,*****
181,60.255,25.043,17.4,192003011300,250,11,***,36,*****
182,60.255,25.043,17.4,192003012000,290,14,***,38,*****
183,60.255,25.043,17.4,192003020600,270,9,***,31,*****
184,60.255,25.043,17.4,192003021300,230,9,***,35,*****
185,60.255,25.043,17.4,192003022000,200,11,***,33,*****
186,60.255,25.043,17.4,192003030600,320,18,***,35,*****
187,60.255,25.043,17.4,192003031300,320,14,***,37,*****
188,60.255,25.043,17.4,192003032000,230,11,***,32,*****
189,60.255,25.043,17.4,192003040600,320,19,***,37,*****
190,60.255,25.043,17.4,192003041300,290,29,***,39,*****
191,60.255,25.043,17.4,192003042000,290,22,***,34,*****
192,60.255,25.043,17.4,192003050600,320,19,***,31,*****
193,60.255,25.043,17.4,192003051300,290,11,***,36,*****
194,60.255,25.043,17.4,192003052000,230,9,***,33,*****
195,60.255,25.043,17.4,192003060600,250,9,***,35,*****
196,60.255,25.043,17.4,192003061300,250,11,***,35,*****
197,60.255,25.043,17.4,192003062000,230,9,***,35,*****
198,60.255,25.043,17.4,192003070600,230,9,***,35,*****
199,60.255,25.043,17.4,192003071300,200,11,***,37,*****
200,60.255,25.043,17.4,192003072000,200,14,***,41,*****
201,60.255,25.043,17.4,192003080600,230,14,***,35,*****
202,60.255,25.043,17.4,192003081300,230,19,***,35,*****
203,60.255,25.043,17.4,192003082000,250,14,***,33,*****
204,60.255,25.043,17.4,192003090600,320,11,***,27,*****
205,60.255,25.043,17.4,192003091300,320,18,***,32,*****
206,60.255,25.043,17.4,192003092000,320,11,***,26,*****
207,60.255,25.043,17.4,192003100600,290,9,***,22,*****
208,60.255,25.043,17.4,192003101300,270,14,***,36,*****
209,60.255,25.043,17.4,192003102000,270,9,***,30,*****
210,60.255,25.043,17.4,192003110600,270,5,***,25,*****
211,60.255,25.043,17.4,192003111300,230,7,***,31,*****
212,60.255,25.043,17.4,192003112000,270,5,***,31,*****
213,60.255,25.043,17.4,192003120600,230,5,***,28,*****
214,60.255,25.043,17.4,192003121300,270,2,***,29,*****
215,60.255,25.043,17.4,192003122000,090,7,***,26,*****
216,60.255,25.043,17.4,192003130600,180,9,***,27,*****
217,60.255,25.043,17.4,192003131300,180,9,***,31,*****
218,60.255,25.043,17.4,192003132000,180,11,***,33,*****
219,60.255,25.043,17.4,192003140600,200,11,***,31,*****
220,60.255,25.043,17.4,192003141300,200,14,***,31,*****
221,60.255,25.043,17.4,192003142000,200,14,***,30,*****
222,60.255,25.043,17.4,192003150600,110,9,***,27,*****
223,60.255,25.043,17.4,192003151300,110,16,***,31,*****
224,60.255,25.043,17.4,192003152000,110,11,***,31,*****
225,60.255,25.043,17.4,192003160600,160,9,***,28,*****
226,60.255,25.043,17.4,192003161300,160,11,***,31,*****
227,60.255,25.043,17.4,192003162000,160,9,***,31,*****
228,60.255,25.043,17.4,192003170600,160,11,***,33,*****
229,60.255,25.043,17.4,192003171300,160,14,***,34,*****
230,60.255,25.043,17.4,192003172000,200,14,***,33,*****
231,60.255,25.043,17.4,192003180600,200,11,***,32,*****
232,60.255,25.043,17.4,192003181300,200,19,***,35,*****
233,60.255,25.043,17.4,192003182000,230,19,***,37,*****
234,60.255,25.043,17.4,192003190600,290,16,***,34,*****
235,60.255,25.043,17.4,192003191300,250,11,***,36,*****
236,60.255,25.043,17.4,192003192000,270,9,***,31,*****
237,60.255,25.043,17.4,192003200600,270,9,***,29,*****
238,60.255,25.043,17.4,192003201300,270,9,***,38,*****
239,60.255,25.043,17.4,192003202000,230,7,***,32,*****
240,60.255,25.043,17.4,192003210600,250,9,***,34,*****
241,60.255,25.043,17.4,192003211300,340,14,***,45,*****
242,60.255,25.043,17.4,192003212000,340,9,***,37,*****
243,60.255,25.043,17.4,192003220600,320,5,***,29,*****
244,60.255,25.043,17.4,192003221300,230,9,***,36,*****
245,60.255,25.043,17.4,192003222000,200,9,***,35,*****
246,60.255,25.043,17.4,192003230600,270,5,***,32,*****
247,60.255,25.043,17.4,192003231300,340,9,***,45,*****
248,60.255,25.043,17.4,192003232000,360,2,***,34,*****
249,60.255,25.043,17.4,192003240600,050,2,***,28,*****
250,60.255,25.043,17.4,192003241300,230,7,***,38,*****
251,60.255,25.043,17.4,192003242000,250,11,***,31,*****
252,60.255,25.043,17.4,192003250600,250,9,***,32,*****
253,60.255,25.043,17.4,192003251300,230,9,***,37,*****
254,60.255,25.043,17.4,192003252000,230,9,***,37,*****
255,60.255,25.043,17.4,192003260600,230,7,***,36,*****
256,60.255,25.043,17.4,192003261300,230,7,***,46,*****
257,60.255,25.043,17.4,192003262000,160,7,***,40,*****
258,60.255,25.043,17.4,192003270600,180,7,***,36,*****
259,60.255,25.043,17.4,192003271300,140,7,***,41,*****
260,60.255,25.043,17.4,192003272000,180,14,***,40,*****
261,60.255,25.043,17.4,192003280600,180,7,***,35,*****
262,60.255,25.043,17.4,192003281300,090,7,***,33,*****
263,60.255,25.043,17.4,192003282000,090,7,***,33,*****
264,60.255,25.043,17.4,192003290600,180,9,***,36,*****
265,60.255,25.043,17.4,192003291300,160,7,***,40,*****
266,60.255,25.043,17.4,192003292000,180,9,***,39,*****
267,60.255,25.043,17.4,192003300600,140,5,***,35,*****
268,60.255,25.043,17.4,192003301300,090,7,***,44,*****
269,60.255,25.043,17.4,192003302000,090,7,***,37,*****
270,60.255,25.043,17.4,192003310600,090,7,***,34,*****
271,60.255,25.043,17.4,192003311300,090,7,***,44,*****
272,60.255,25.043,17.4,192003312000,090,5,***,37,*****
273,60.255,25.043,17.4,192004010600,110,7,***,35,*****
274,60.255,25.043,17.4,192004011300,140,7,***,43,*****
275,60.255,25.043,17.4,192004012000,180,7,***,38,*****
276,60.255,25.043,17.4,192004020600,140,2,***,33,*****
277,60.255,25.043,17.4,192004021300,270,5,***,46,*****
278,60.255,25.043,17.4,192004022000,140,2,***,33,*****
279,60.255,25.043,17.4,192004030600,090,5,***,33,*****
280,60.255,25.043,17.4,192004031300,160,7,***,45,*****
281,60.255,25.043,17.4,192004032000,180,2,***,35,*****
282,60.255,25.043,17.4,192004040600,070,5,***,36,*****
283,60.255,25.043,17.4,192004041300,110,5,***,38,*****
284,60.255,25.043,17.4,192004042000,140,5,***,37,*****
285,60.255,25.043,17.4,192004050600,090,5,***,36,*****
286,60.255,25.043,17.4,192004051300,140,7,***,42,*****
287,60.255,25.043,17.4,192004052000,090,5,***,37,*****
288,60.255,25.043,17.4,192004060600,200,5,***,36,*****
289,60.255,25.043,17.4,192004061300,090,5,***,42,*****
290,60.255,25.043,17.4,192004062000,090,7,***,38,*****
291,60.255,25.043,17.4,192004070600,090,16,***,38,*****
292,60.255,25.043,17.4,192004071300,090,9,***,37,*****
293,60.255,25.043,17.4,192004072000,090,5,***,37,*****
294,60.255,25.043,17.4,192004080600,070,2,***,38,*****
295,60.255,25.043,17.4,192004081300,090,2,***,39,*****
296,60.255,25.043,17.4,192004082000,230,7,***,34,*****
297,60.255,25.043,17.4,192004090600,230,9,***,37,*****
298,60.255,25.043,17.4,192004091300,250,11,***,40,*****
299,60.255,25.043,17.4,192004092000,230,5,***,36,*****
300,60.255,25.043,17.4,192004100600,090,9,***,35,*****
301,60.255,25.043,17.4,192004101300,110,5,***,38,*****
302,60.255,25.043,17.4,192004102000,180,7,***,44,*****
303,60.255,25.043,17.4,192004110600,250,11,***,39,*****
304,60.255,25.043,17.4,192004111300,230,9,***,39,*****
305,60.255,25.043,17.4,192004112000,050,9,***,40,*****
306,60.255,25.043,17.4,192004120600,070,11,***,38,*****
307,60.255,25.043,17.4,192004121300,050,9,***,40,*****
308,60.255,25.043,17.4,192004122000,090,14,***,41,*****
309,60.255,25.043,17.4,192004130600,230,9,***,44,*****
310,60.255,25.043,17.4,192004131300,270,9,***,48,*****
311,60.255,25.043,17.4,192004132000,340,9,***,43,*****
312,60.255,25.043,17.4,192004140600,070,11,***,39,*****
313,60.255,25.043,17.4,192004141300,090,9,***,49,*****
314,60.255,25.043,17.4,192004142000,090,7,***,47,*****
315,60.255,25.043,17.4,192004150600,180,7,***,46,*****
316,60.255,25.043,17.4,192004151300,230,7,***,50,*****
317,60.255,25.043,17.4,192004152000,230,5,***,41,*****
318,60.255,25.043,17.4,192004160600,160,5,***,40,*****
319,60.255,25.043,17.4,192004161300,200,14,***,55,*****
320,60.255,25.043,17.4,192004162000,230,5,***,48,*****
321,60.255,25.043,17.4,192004170600,250,11,***,44,*****
322,60.255,25.043,17.4,192004171300,250,11,***,48,*****
323,60.255,25.043,17.4,192004172000,250,11,***,41,*****
324,60.255,25.043,17.4,192004180600,230,9,***,39,*****
325,60.255,25.043,17.4,192004181300,250,14,***,44,*****
326,60.255,25.043,17.4,192004182000,250,7,***,40,*****
327,60.255,25.043,17.4,192004190600,320,9,***,41,*****
328,60.255,25.043,17.4,192004191300,320,18,***,52,*****
329,60.255,25.043,17.4,192004192000,340,11,***,41,*****
330,60.255,25.043,17.4,192004200600,050,16,***,36,*****
331,60.255,25.043,17.4,192004201300,070,11,***,37,*****
332,60.255,25.043,17.4,192004202000,360,11,***,34,*****
333,60.255,25.043,17.4,192004210600,110,18,***,32,*****
334,60.255,25.043,17.4,192004211300,070,18,***,37,*****
335,60.255,25.043,17.4,192004212000,070,14,***,34,*****
336,60.255,25.043,17.4,192004220600,090,11,***,37,*****
337,60.255,25.043,17.4,192004221300,070,18,***,40,*****
338,60.255,25.043,17.4,192004222000,090,9,***,41,*****
339,60.255,25.043,17.4,192004230600,110,7,***,38,*****
340,60.255,25.043,17.4,192004231300,160,5,***,44,*****
341,60.255,25.043,17.4,192004232000,140,2,***,43,*****
342,60.255,25.043,17.4,192004240600,320,14,***,39,*****
343,60.255,25.043,17.4,192004241300,250,14,***,44,*****
344,60.255,25.043,17.4,192004242000,250,9,***,40,*****
345,60.255,25.043,17.4,192004250600,200,16,***,39,*****
346,60.255,25.043,17.4,192004251300,200,11,***,40,*****
347,60.255,25.043,17.4,192004252000,200,7,***,39,*****
348,60.255,25.043,17.4,192004260600,200,9,***,39,*****
349,60.255,25.043,17.4,192004261300,200,14,***,43,*****
350,60.255,25.043,17.4,192004262000,200,7,***,41,*****
351,60.255,25.043,17.4,192004270600,160,14,***,40,*****
352,60.255,25.043,17.4,192004271300,200,11,***,46,*****
353,60.255,25.043,17.4,192004272000,200,5,***,41,*****
354,60.255,25.043,17.4,192004280600,090,7,***,40,*****
355,60.255,25.043,17.4,192004281300,140,7,***,48,*****
356,60.255,25.043,17.4,192004282000,160,11,***,43,*****
357,60.255,25.043,17.4,192004290600,180,11,***,39,*****
358,60.255,25.043,17.4,192004291300,140,9,***,46,*****
359,60.255,25.043,17.4,192004292000,200,7,***,40,*****
360,60.255,25.043,17.4,192004300600,200,14,***,40,*****
361,60.255,25.043,17.4,192004301300,230,11,***,45,*****
362,60.255,25.043,17.4,192004302000,200,16,***,40,*****
363,60.255,25.043,17.4,192005010600,230,14,***,40,*****
364,60.255,25.043,17.4,192005011300,270,11,***,45,*****
365,60.255,25.043,17.4,192005012000,250,9,***,41,*****
366,60.255,25.043,17.4,192005020600,250,7,***,41,*****
367,60.255,25.043,17.4,192005021300,250,14,***,49,*****
368,60.255,25.043,17.4,192005022000,230,7,***,43,*****
369,60.255,25.043,17.4,192005030600,140,5,***,42,*****
370,60.255,25.043,17.4,192005031300,090,9,***,51,*****
371,60.255,25.043,17.4,192005032000,140,11,***,43,*****
372,60.255,25.043,17.4,192005040600,140,9,***,44,*****
373,60.255,25.043,17.4,192005041300,140,5,***,43,*****
374,60.255,25.043,17.4,192005042000,230,2,***,44,*****
375,60.255,25.043,17.4,192005050600,270,2,***,45,*****
376,60.255,25.043,17.4,192005051300,230,9,***,48,*****
377,60.255,25.043,17.4,192005052000,250,9,***,43,*****
378,60.255,25.043,17.4,192005060600,230,5,***,40,*****
379,60.255,25.043,17.4,192005061300,230,11,***,51,*****
380,60.255,25.043,17.4,192005062000,230,9,***,42,*****
381,60.255,25.043,17.4,192005070600,200,11,***,41,*****
382,60.255,25.043,17.4,192005071300,200,14,***,43,*****
383,60.255,25.043,17.4,192005072000,200,11,***,42,*****
384,60.255,25.043,17.4,192005080600,230,9,***,42,*****
385,60.255,25.043,17.4,192005081300,250,14,***,47,*****
386,60.255,25.043,17.4,192005082000,230,7,***,43,*****
387,60.255,25.043,17.4,192005090600,230,11,***,42,*****
388,60.255,25.043,17.4,192005091300,230,11,***,50,*****
389,60.255,25.043,17.4,192005092000,200,7,***,43,*****
390,60.255,25.043,17.4,192005100600,160,5,***,45,*****
391,60.255,25.043,17.4,192005101300,090,14,***,50,*****
392,60.255,25.043,17.4,192005102000,070,14,***,49,*****
393,60.255,25.043,17.4,192005110600,180,14,***,42,*****
394,60.255,25.043,17.4,192005111300,200,14,***,47,*****
395,60.255,25.043,17.4,192005112000,250,9,***,41,*****
396,60.255,25.043,17.4,192005120600,230,9,***,44,*****
397,60.255,25.043,17.4,192005121300,230,14,***,53,*****
398,60.255,25.043,17.4,192005122000,250,9,***,48,*****
399,60.255,25.043,17.4,192005130600,230,7,***,46,*****
400,60.255,25.043,17.4,192005131300,230,7,***,56,*****
401,60.255,25.043,17.4,192005132000,140,5,***,49,*****
402,60.255,25.043,17.4,192005140600,200,14,***,48,*****
403,60.255,25.043,17.4,192005141300,230,7,***,51,*****
404,60.255,25.043,17.4,192005142000,290,7,***,47,*****
405,60.255,25.043,17.4,192005150600,320,5,***,47,*****
406,60.255,25.043,17.4,192005151300,340,11,***,53,*****
407,60.255,25.043,17.4,192005152000,340,11,***,53,*****
408,60.255,25.043,17.4,192005160600,070,11,***,55,*****
409,60.255,25.043,17.4,192005161300,140,11,***,61,*****
410,60.255,25.043,17.4,192005162000,090,5,***,62,*****
411,60.255,25.043,17.4,192005170600,090,7,***,63,*****
412,60.255,25.043,17.4,192005171300,110,16,***,60,*****
413,60.255,25.043,17.4,192005172000,230,9,***,45,*****
414,60.255,25.043,17.4,192005180600,320,5,***,47,*****
415,60.255,25.043,17.4,192005181300,180,5,***,54,*****
416,60.255,25.043,17.4,192005182000,140,7,***,50,*****
417,60.255,25.043,17.4,192005190600,200,14,***,53,*****
418,60.255,25.043,17.4,192005191300,200,14,***,64,*****
419,60.255,25.043,17.4,192005192000,230,14,***,55,*****
420,60.255,25.043,17.4,192005200600,270,7,***,58,*****
421,60.255,25.043,17.4,192005201300,230,14,***,57,*****
422,60.255,25.043,17.4,192005202000,270,9,***,54,*****
423,60.255,25.043,17.4,192005210600,230,2,***,51,*****
424,60.255,25.043,17.4,192005211300,340,7,***,58,*****
425,60.255,25.043,17.4,192005212000,090,7,***,52,*****
426,60.255,25.043,17.4,192005220600,090,14,***,53,*****
427,60.255,25.043,17.4,192005221300,090,5,***,61,*****
428,60.255,25.043,17.4,192005222000,290,14,***,53,*****
429,60.255,25.043,17.4,192005230600,230,9,***,47,*****
430,60.255,25.043,17.4,192005231300,230,9,***,58,*****
431,60.255,25.043,17.4,192005232000,320,11,***,54,*****
432,60.255,25.043,17.4,192005240600,230,9,***,52,*****
433,60.255,25.043,17.4,192005241300,250,14,***,58,*****
434,60.255,25.043,17.4,192005242000,270,5,***,56,*****
435,60.255,25.043,17.4,192005250600,230,5,***,58,*****
436,60.255,25.043,17.4,192005251300,250,11,***,60,*****
437,60.255,25.043,17.4,192005252000,230,9,***,59,*****
438,60.255,25.043,17.4,192005260600,020,11,***,52,*****
439,60.255,25.043,17.4,192005261300,200,9,***,61,*****
440,60.255,25.043,17.4,192005262000,270,5,***,54,*****
441,60.255,25.043,17.4,192005270600,020,7,***,53,*****
442,60.255,25.043,17.4,192005271300,180,9,***,56,*****
443,60.255,25.043,17.4,192005272000,230,2,***,54,*****
444,60.255,25.043,17.4,192005280600,320,2,***,61,*****
445,60.255,25.043,17.4,192005281300,200,9,***,65,*****
446,60.255,25.043,17.4,192005282000,270,5,***,61,*****
447,60.255,25.043,17.4,192005290600,230,5,***,60,*****
448,60.255,25.043,17.4,192005291300,140,7,***,66,*****
449,60.255,25.043,17.4,192005292000,180,5,***,59,*****
450,60.255,25.043,17.4,192005300600,090,5,***,62,*****
451,60.255,25.043,17.4,192005301300,200,7,***,69,*****
452,60.255,25.043,17.4,192005302000,200,5,***,62,*****
453,60.255,25.043,17.4,192005310600,200,7,***,57,*****
454,60.255,25.043,17.4,192005311300,200,5,***,64,*****
455,60.255,25.043,17.4,192005312000,200,5,***,58,*****
456,60.255,25.043,17.4,192006010600,340,5,***,59,*****
457,60.255,25.043,17.4,192006011300,230,16,***,59,*****
458,60.255,25.043,17.4,192006012000,230,9,***,53,*****
459,60.255,25.043,17.4,192006020600,200,7,***,52,*****
460,60.255,25.043,17.4,192006021300,270,7,***,47,*****
461,60.255,25.043,17.4,192006022000,320,9,***,49,*****
462,60.255,25.043,17.4,192006030600,250,7,***,47,*****
463,60.255,25.043,17.4,192006031300,230,11,***,53,*****
464,60.255,25.043,17.4,192006032000,200,7,***,47,*****
465,60.255,25.043,17.4,192006040600,160,5,***,49,*****
466,60.255,25.043,17.4,192006041300,160,5,***,54,*****
467,60.255,25.043,17.4,192006042000,270,2,***,53,*****
468,60.255,25.043,17.4,192006050600,020,5,***,52,*****
469,60.255,25.043,17.4,192006051300,340,5,***,52,*****
470,60.255,25.043,17.4,192006052000,340,9,***,50,*****
471,60.255,25.043,17.4,192006060600,340,9,***,47,*****
472,60.255,25.043,17.4,192006061300,270,5,***,53,*****
473,60.255,25.043,17.4,192006062000,230,7,***,50,*****
474,60.255,25.043,17.4,192006070600,200,9,***,48,*****
475,60.255,25.043,17.4,192006071300,200,9,***,52,*****
476,60.255,25.043,17.4,192006072000,200,5,***,49,*****
477,60.255,25.043,17.4,192006080600,360,7,***,53,*****
478,60.255,25.043,17.4,192006081300,340,11,***,58,*****
479,60.255,25.043,17.4,192006082000,340,11,***,53,*****
480,60.255,25.043,17.4,192006090600,320,16,***,47,*****
481,60.255,25.043,17.4,192006091300,320,11,***,59,*****
482,60.255,25.043,17.4,192006092000,320,14,***,52,*****
483,60.255,25.043,17.4,192006100600,340,9,***,49,*****
484,60.255,25.043,17.4,192006101300,250,14,***,56,*****
485,60.255,25.043,17.4,192006102000,230,9,***,51,*****
486,60.255,25.043,17.4,192006110600,200,9,***,49,*****
487,60.255,25.043,17.4,192006111300,250,16,***,52,*****
488,60.255,25.043,17.4,192006112000,340,7,***,50,*****
489,60.255,25.043,17.4,192006120600,340,14,***,50,*****
490,60.255,25.043,17.4,192006121300,340,9,***,57,*****
491,60.255,25.043,17.4,192006122000,230,5,***,53,*****
492,60.255,25.043,17.4,192006130600,270,5,***,49,*****
493,60.255,25.043,17.4,192006131300,230,11,***,56,*****
494,60.255,25.043,17.4,192006132000,180,2,***,52,*****
495,60.255,25.043,17.4,192006140600,070,5,***,53,*****
496,60.255,25.043,17.4,192006141300,180,7,***,58,*****
497,60.255,25.043,17.4,192006142000,180,7,***,53,*****
498,60.255,25.043,17.4,192006150600,180,9,***,53,*****
499,60.255,25.043,17.4,192006151300,230,16,***,58,*****
500,60.255,25.043,17.4,192006152000,020,7,***,59,*****
501,60.255,25.043,17.4,192006160600,340,9,***,58,*****
502,60.255,25.043,17.4,192006161300,200,14,***,62,*****
503,60.255,25.043,17.4,192006162000,090,5,***,55,*****
504,60.255,25.043,17.4,192006170600,340,9,***,59,*****
505,60.255,25.043,17.4,192006171300,230,11,***,67,*****
506,60.255,25.043,17.4,192006172000,290,9,***,63,*****
507,60.255,25.043,17.4,192006180600,270,5,***,58,*****
508,60.255,25.043,17.4,192006181300,340,11,***,72,*****
509,60.255,25.043,17.4,192006182000,340,9,***,63,*****
510,60.255,25.043,17.4,192006190600,020,2,***,62,*****
511,60.255,25.043,17.4,192006191300,180,9,***,66,*****
512,60.255,25.043,17.4,192006192000,180,2,***,60,*****
513,60.255,25.043,17.4,192006200600,180,5,***,63,*****
514,60.255,25.043,17.4,192006201300,180,7,***,72,*****
515,60.255,25.043,17.4,192006202000,230,5,***,65,*****
516,60.255,25.043,17.4,192006210600,250,5,***,65,*****
517,60.255,25.043,17.4,192006211300,230,9,***,78,*****
518,60.255,25.043,17.4,192006212000,230,5,***,69,*****
519,60.255,25.043,17.4,192006220600,270,7,***,66,*****
520,60.255,25.043,17.4,192006221300,050,14,***,80,*****
521,60.255,25.043,17.4,192006222000,140,2,***,68,*****
522,60.255,25.043,17.4,192006230600,320,9,***,71,*****
523,60.255,25.043,17.4,192006231300,140,9,***,68,*****
524,60.255,25.043,17.4,192006232000,070,9,***,65,*****
525,60.255,25.043,17.4,192006240600,070,7,***,63,*****
526,60.255,25.043,17.4,192006241300,050,11,***,62,*****
527,60.255,25.043,17.4,192006242000,090,7,***,62,*****
528,60.255,25.043,17.4,192006250600,070,5,***,61,*****
529,60.255,25.043,17.4,192006251300,140,9,***,61,*****
530,60.255,25.043,17.4,192006252000,180,5,***,59,*****
531,60.255,25.043,17.4,192006260600,110,5,***,60,*****
532,60.255,25.043,17.4,192006261300,140,9,***,62,*****
533,60.255,25.043,17.4,192006262000,140,5,***,60,*****
534,60.255,25.043,17.4,192006270600,200,9,***,60,*****
535,60.255,25.043,17.4,192006271300,140,7,***,61,*****
536,60.255,25.043,17.4,192006272000,200,9,***,59,*****
537,60.255,25.043,17.4,192006280600,180,7,***,58,*****
538,60.255,25.043,17.4,192006281300,180,9,***,63,*****
539,60.255,25.043,17.4,192006282000,250,5,***,59,*****
540,60.255,25.043,17.4,192006290600,290,11,***,60,*****
541,60.255,25.043,17.4,192006291300,290,2,***,68,*****
542,60.255,25.043,17.4,192006292000,320,9,***,62,*****
543,60.255,25.043,17.4,192006300600,320,5,***,63,*****
544,60.255,25.043,17.4,192006301300,250,11,***,70,*****
545,60.255,25.043,17.4,192006302000,270,2,***,66,*****
546,60.255,25.043,17.4,192007010600,250,2,***,65,*****
547,60.255,25.043,17.4,192007011300,180,5,***,69,*****
548,60.255,25.043,17.4,192007012000,110,5,***,66,*****
549,60.255,25.043,17.4,192007020600,160,5,***,66,*****
550,60.255,25.043,17.4,192007021300,200,5,***,74,*****
551,60.255,25.043,17.4,192007022000,230,5,***,67,*****
552,60.255,25.043,17.4,192007030600,090,5,***,69,*****
553,60.255,25.043,17.4,192007031300,200,9,***,76,*****
554,60.255,25.043,17.4,192007032000,200,5,***,71,*****
555,60.255,25.043,17.4,192007040600,090,2,***,73,*****
556,60.255,25.043,17.4,192007041300,110,9,***,79,*****
557,60.255,25.043,17.4,192007042000,140,7,***,74,*****
558,60.255,25.043,17.4,192007050600,250,7,***,75,*****
559,60.255,25.043,17.4,192007051300,320,9,***,77,*****
560,60.255,25.043,17.4,192007052000,340,9,***,65,*****
561,60.255,25.043,17.4,192007060600,020,9,***,56,*****
562,60.255,25.043,17.4,192007061300,070,9,***,65,*****
563,60.255,25.043,17.4,192007062000,070,11,***,60,*****
564,60.255,25.043,17.4,192007070600,050,9,***,55,*****
565,60.255,25.043,17.4,192007071300,070,9,***,60,*****
566,60.255,25.043,17.4,192007072000,090,5,***,60,*****
567,60.255,25.043,17.4,192007080600,020,5,***,61,*****
568,60.255,25.043,17.4,192007081300,140,9,***,70,*****
569,60.255,25.043,17.4,192007082000,140,2,***,65,*****
570,60.255,25.043,17.4,192007090600,360,2,***,70,*****
571,60.255,25.043,17.4,192007091300,200,9,***,78,*****
572,60.255,25.043,17.4,192007092000,180,2,***,71,*****
573,60.255,25.043,17.4,192007100600,320,2,***,71,*****
574,60.255,25.043,17.4,192007101300,200,9,***,81,*****
575,60.255,25.043,17.4,192007102000,230,7,***,75,*****
576,60.255,25.043,17.4,192007110600,290,5,***,71,*****
577,60.255,25.043,17.4,192007111300,250,9,***,80,*****
578,60.255,25.043,17.4,192007112000,090,5,***,71,*****
579,60.255,25.043,17.4,192007120600,090,2,***,72,*****
580,60.255,25.043,17.4,192007121300,180,9,***,75,*****
581,60.255,25.043,17.4,192007122000,200,9,***,69,*****
582,60.255,25.043,17.4,192007130600,270,2,***,70,*****
583,60.255,25.043,17.4,192007131300,230,16,***,74,*****
584,60.255,25.043,17.4,192007132000,250,11,***,66,*****
585,60.255,25.043,17.4,192007140600,250,7,***,69,*****
586,60.255,25.043,17.4,192007141300,230,14,***,74,*****
587,60.255,25.043,17.4,192007142000,230,7,***,70,*****
588,60.255,25.043,17.4,192007150600,230,7,***,66,*****
589,60.255,25.043,17.4,192007151300,230,9,***,70,*****
590,60.255,25.043,17.4,192007152000,230,7,***,65,*****
591,60.255,25.043,17.4,192007160600,290,2,***,66,*****
592,60.255,25.043,17.4,192007161300,230,11,***,75,*****
593,60.255,25.043,17.4,192007162000,250,9,***,70,*****
594,60.255,25.043,17.4,192007170600,320,7,***,67,*****
595,60.255,25.043,17.4,192007171300,200,16,***,73,*****
596,60.255,25.043,17.4,192007172000,230,11,***,66,*****
597,60.255,25.043,17.4,192007180600,230,9,***,66,*****
598,60.255,25.043,17.4,192007181300,230,11,***,70,*****
599,60.255,25.043,17.4,192007182000,200,7,***,67,*****
600,60.255,25.043,17.4,192007190600,230,11,***,65,*****
601,60.255,25.043,17.4,192007191300,250,18,***,65,*****
602,60.255,25.043,17.4,192007192000,290,9,***,61,*****
603,60.255,25.043,17.4,192007200600,290,9,***,60,*****
604,60.255,25.043,17.4,192007201300,250,14,***,63,*****
605,60.255,25.043,17.4,192007202000,250,9,***,56,*****
606,60.255,25.043,17.4,192007210600,230,9,***,57,*****
607,60.255,25.043,17.4,192007211300,270,9,***,62,*****
608,60.255,25.043,17.4,192007212000,290,9,***,59,*****
609,60.255,25.043,17.4,192007220600,270,5,***,61,*****
610,60.255,25.043,17.4,192007221300,230,14,***,63,*****
611,60.255,25.043,17.4,192007222000,200,9,***,58,*****
612,60.255,25.043,17.4,192007230600,140,9,***,59,*****
613,60.255,25.043,17.4,192007231300,230,16,***,61,*****
614,60.255,25.043,17.4,192007232000,230,11,***,55,*****
615,60.255,25.043,17.4,192007240600,200,11,***,59,*****
616,60.255,25.043,17.4,192007241300,200,9,***,67,*****
617,60.255,25.043,17.4,192007242000,090,5,***,60,*****
618,60.255,25.043,17.4,192007250600,140,9,***,62,*****
619,60.255,25.043,17.4,192007251300,090,9,***,60,*****
620,60.255,25.043,17.4,192007252000,200,18,***,56,*****
621,60.255,25.043,17.4,192007260600,180,19,***,51,*****
622,60.255,25.043,17.4,192007261300,230,22,***,57,*****
623,60.255,25.043,17.4,192007262000,230,11,***,51,*****
624,60.255,25.043,17.4,192007270600,180,7,***,58,*****
625,60.255,25.043,17.4,192007271300,140,7,***,66,*****
626,60.255,25.043,17.4,192007272000,180,9,***,59,*****
627,60.255,25.043,17.4,192007280600,160,9,***,56,*****
628,60.255,25.043,17.4,192007281300,250,9,***,63,*****
629,60.255,25.043,17.4,192007282000,320,7,***,55,*****
630,60.255,25.043,17.4,192007300600,320,5,***,57,*****
631,60.255,25.043,17.4,192007301300,140,7,***,58,*****
632,60.255,25.043,17.4,192007302000,090,2,***,57,*****
633,60.255,25.043,17.4,192007310600,360,7,***,57,*****
634,60.255,25.043,17.4,192007311300,090,5,***,63,*****
635,60.255,25.043,17.4,192007312000,320,7,***,62,*****
636,60.255,25.043,17.4,192008010600,340,9,***,61,*****
637,60.255,25.043,17.4,192008011300,110,7,***,67,*****
638,60.255,25.043,17.4,192008012000,050,2,***,64,*****
639,60.255,25.043,17.4,192008020600,250,14,***,62,*****
640,60.255,25.043,17.4,192008021300,230,18,***,63,*****
641,60.255,25.043,17.4,192008022000,230,11,***,58,*****
642,60.255,25.043,17.4,192008030600,230,14,***,59,*****
643,60.255,25.043,17.4,192008031300,230,14,***,64,*****
644,60.255,25.043,17.4,192008032000,200,7,***,59,*****
645,60.255,25.043,17.4,192008040600,140,9,***,61,*****
646,60.255,25.043,17.4,192008041300,140,7,***,62,*****
647,60.255,25.043,17.4,192008042000,230,11,***,60,*****
648,60.255,25.043,17.4,192008050600,230,5,***,57,*****
649,60.255,25.043,17.4,192008051300,200,11,***,65,*****
650,60.255,25.043,17.4,192008052000,180,5,***,58,*****
651,60.255,25.043,17.4,192008060600,140,9,***,62,*****
652,60.255,25.043,17.4,192008061300,090,18,***,67,*****
653,60.255,25.043,17.4,192008062000,070,9,***,64,*****
654,60.255,25.043,17.4,192008070600,230,7,***,60,*****
655,60.255,25.043,17.4,192008071300,200,9,***,62,*****
656,60.255,25.043,17.4,192008072000,160,5,***,58,*****
657,60.255,25.043,17.4,192008080600,200,9,***,57,*****
658,60.255,25.043,17.4,192008081300,180,2,***,58,*****
659,60.255,25.043,17.4,192008082000,250,9,***,55,*****
660,60.255,25.043,17.4,192008090600,270,9,***,58,*****
661,60.255,25.043,17.4,192008091300,270,18,***,65,*****
662,60.255,25.043,17.4,192008092000,290,9,***,58,*****
663,60.255,25.043,17.4,192008100600,270,7,***,57,*****
664,60.255,25.043,17.4,192008101300,230,11,***,63,*****
665,60.255,25.043,17.4,192008102000,230,5,***,58,*****
666,60.255,25.043,17.4,192008110600,020,5,***,58,*****
667,60.255,25.043,17.4,192008111300,090,9,***,63,*****
668,60.255,25.043,17.4,192008112000,020,5,***,57,*****
669,60.255,25.043,17.4,192008120600,340,7,***,57,*****
670,60.255,25.043,17.4,192008121300,270,5,***,62,*****
671,60.255,25.043,17.4,192008122000,340,7,***,59,*****
672,60.255,25.043,17.4,192008130600,340,7,***,58,*****
673,60.255,25.043,17.4,192008131300,180,7,***,66,*****
674,60.255,25.043,17.4,192008132000,230,5,***,61,*****
675,60.255,25.043,17.4,192008140600,180,5,***,58,*****
676,60.255,25.043,17.4,192008141300,200,11,***,64,*****
677,60.255,25.043,17.4,192008142000,200,7,***,58,*****
678,60.255,25.043,17.4,192008150600,200,14,***,57,*****
679,60.255,25.043,17.4,192008151300,320,16,***,59,*****
680,60.255,25.043,17.4,192008152000,290,11,***,53,*****
681,60.255,25.043,17.4,192008160600,250,7,***,55,*****
682,60.255,25.043,17.4,192008161300,230,14,***,60,*****
683,60.255,25.043,17.4,192008162000,200,9,***,55,*****
684,60.255,25.043,17.4,192008170600,230,7,***,57,*****
685,60.255,25.043,17.4,192008171300,230,18,***,61,*****
686,60.255,25.043,17.4,192008172000,200,14,***,59,*****
687,60.255,25.043,17.4,192008180600,200,9,***,57,*****
688,60.255,25.043,17.4,192008181300,270,9,***,61,*****
689,60.255,25.043,17.4,192008182000,340,2,***,56,*****
690,60.255,25.043,17.4,192008190600,200,5,***,58,*****
691,60.255,25.043,17.4,192008191300,140,7,***,62,*****
692,60.255,25.043,17.4,192008192000,110,9,***,61,*****
693,60.255,25.043,17.4,192008200600,290,5,***,55,*****
694,60.255,25.043,17.4,192008201300,360,9,***,62,*****
695,60.255,25.043,17.4,192008202000,070,2,***,59,*****
696,60.255,25.043,17.4,192008210600,070,11,***,58,*****
697,60.255,25.043,17.4,192008211300,070,16,***,59,*****
698,60.255,25.043,17.4,192008212000,070,14,***,58,*****
699,60.255,25.043,17.4,192008220600,070,9,***,55,*****
700,60.255,25.043,17.4,192008221300,070,16,***,63,*****
701,60.255,25.043,17.4,192008222000,070,11,***,58,*****
702,60.255,25.043,17.4,192008230600,020,11,***,53,*****
703,60.255,25.043,17.4,192008231300,070,14,***,63,*****
704,60.255,25.043,17.4,192008232000,020,14,***,57,*****
705,60.255,25.043,17.4,192008240600,020,14,***,57,*****
706,60.255,25.043,17.4,192008241300,020,18,***,63,*****
707,60.255,25.043,17.4,192008242000,090,11,***,59,*****
708,60.255,25.043,17.4,192008250600,090,9,***,55,*****
709,60.255,25.043,17.4,192008251300,070,16,***,63,*****
710,60.255,25.043,17.4,192008252000,090,9,***,59,*****
711,60.255,25.043,17.4,192008260600,090,9,***,57,*****
712,60.255,25.043,17.4,192008261300,110,9,***,58,*****
713,60.255,25.043,17.4,192008262000,070,5,***,55,*****
714,60.255,25.043,17.4,192008270600,050,9,***,54,*****
715,60.255,25.043,17.4,192008271300,050,9,***,58,*****
716,60.255,25.043,17.4,192008272000,020,11,***,55,*****
717,60.255,25.043,17.4,192008280600,020,9,***,58,*****
718,60.255,25.043,17.4,192008281300,110,5,***,63,*****
719,60.255,25.043,17.4,192008282000,160,2,***,60,*****
720,60.255,25.043,17.4,192008290600,340,11,***,59,*****
721,60.255,25.043,17.4,192008291300,020,18,***,61,*****
722,60.255,25.043,17.4,192008292000,020,16,***,59,*****
723,60.255,25.043,17.4,192008300600,020,11,***,58,*****
724,60.255,25.043,17.4,192008301300,070,9,***,68,*****
725,60.255,25.043,17.4,192008302000,020,11,***,58,*****
726,60.255,25.043,17.4,192008310600,020,11,***,55,*****
727,60.255,25.043,17.4,192008311300,050,9,***,58,*****
728,60.255,25.043,17.4,192008312000,050,9,***,57,*****
729,60.255,25.043,17.4,192009010600,020,9,***,52,*****
730,60.255,25.043,17.4,192009011300,070,14,***,60,*****
731,60.255,25.043,17.4,192009012000,070,5,***,53,*****
732,60.255,25.043,17.4,192009020600,050,7,***,49,*****
733,60.255,25.043,17.4,192009021300,070,11,***,61,*****
734,60.255,25.043,17.4,192009022000,070,5,***,56,*****
735,60.255,25.043,17.4,192009030600,090,2,***,57,*****
736,60.255,25.043,17.4,192009031300,140,2,***,58,*****
737,60.255,25.043,17.4,192009032000,140,2,***,54,*****
738,60.255,25.043,17.4,192009040600,090,5,***,52,*****
739,60.255,25.043,17.4,192009041300,070,9,***,59,*****
740,60.255,25.043,17.4,192009042000,070,7,***,59,*****
741,60.255,25.043,17.4,192009050600,180,9,***,56,*****
742,60.255,25.043,17.4,192009051300,090,5,***,58,*****
743,60.255,25.043,17.4,192009052000,070,5,***,58,*****
744,60.255,25.043,17.4,192009060600,090,7,***,55,*****
745,60.255,25.043,17.4,192009061300,090,2,***,58,*****
746,60.255,25.043,17.4,192009062000,050,5,***,56,*****
747,60.255,25.043,17.4,192009070600,020,9,***,56,*****
748,60.255,25.043,17.4,192009071300,070,9,***,56,*****
749,60.255,25.043,17.4,192009072000,050,5,***,55,*****
750,60.255,25.043,17.4,192009080600,020,9,***,52,*****
751,60.255,25.043,17.4,192009081300,070,7,***,60,*****
752,60.255,25.043,17.4,192009082000,020,5,***,56,*****
753,60.255,25.043,17.4,192009090600,320,7,***,52,*****
754,60.255,25.043,17.4,192009091300,320,11,***,64,*****
755,60.255,25.043,17.4,192009092000,320,9,***,55,*****
756,60.255,25.043,17.4,192009100600,340,9,***,52,*****
757,60.255,25.043,17.4,192009101300,320,7,***,57,*****
758,60.255,25.043,17.4,192009102000,320,5,***,50,*****
759,60.255,25.043,17.4,192009110600,340,2,***,53,*****
760,60.255,25.043,17.4,192009111300,180,2,***,58,*****
761,60.255,25.043,17.4,192009112000,180,5,***,53,*****
762,60.255,25.043,17.4,192009120600,340,9,***,51,*****
763,60.255,25.043,17.4,192009121300,340,9,***,57,*****
764,60.255,25.043,17.4,192009122000,340,7,***,52,*****
765,60.255,25.043,17.4,192009130600,320,9,***,52,*****
766,60.255,25.043,17.4,192009131300,340,11,***,56,*****
767,60.255,25.043,17.4,192009132000,320,9,***,51,*****
768,60.255,25.043,17.4,192009140600,320,7,***,51,*****
769,60.255,25.043,17.4,192009141300,320,7,***,53,*****
770,60.255,25.043,17.4,192009142000,290,5,***,49,*****
771,60.255,25.043,17.4,192009150600,290,7,***,47,*****
772,60.255,25.043,17.4,192009151300,230,5,***,55,*****
773,60.255,25.043,17.4,192009152000,290,9,***,52,*****
774,60.255,25.043,17.4,192009160600,320,2,***,50,*****
775,60.255,25.043,17.4,192009161300,200,11,***,58,*****
776,60.255,25.043,17.4,192009162000,180,14,***,56,*****
777,60.255,25.043,17.4,192009170600,180,14,***,56,*****
778,60.255,25.043,17.4,192009171300,180,11,***,58,*****
779,60.255,25.043,17.4,192009172000,200,16,***,58,*****
780,60.255,25.043,17.4,192009180600,230,16,***,55,*****
781,60.255,25.043,17.4,192009181300,230,18,***,58,*****
782,60.255,25.043,17.4,192009182000,200,14,***,57,*****
783,60.255,25.043,17.4,192009190600,180,11,***,56,*****
784,60.255,25.043,17.4,192009191300,160,16,***,61,*****
785,60.255,25.043,17.4,192009192000,160,16,***,60,*****
786,60.255,25.043,17.4,192009200600,200,14,***,56,*****
787,60.255,25.043,17.4,192009201300,230,18,***,58,*****
788,60.255,25.043,17.4,192009202000,230,14,***,54,*****
789,60.255,25.043,17.4,192009210600,230,9,***,54,*****
790,60.255,25.043,17.4,192009211300,230,11,***,58,*****
791,60.255,25.043,17.4,192009212000,270,5,***,49,*****
792,60.255,25.043,17.4,192009220600,320,5,***,42,*****
793,60.255,25.043,17.4,192009221300,320,9,***,54,*****
794,60.255,25.043,17.4,192009222000,340,5,***,44,*****
795,60.255,25.043,17.4,192009230600,360,2,***,43,*****
796,60.255,25.043,17.4,192009231300,070,5,***,51,*****
797,60.255,25.043,17.4,192009232000,050,7,***,48,*****
798,60.255,25.043,17.4,192009240600,340,9,***,45,*****
799,60.255,25.043,17.4,192009241300,320,9,***,57,*****
800,60.255,25.043,17.4,192009242000,290,5,***,48,*****
801,60.255,25.043,17.4,192009250600,340,5,***,44,*****
802,60.255,25.043,17.4,192009251300,230,7,***,56,*****
803,60.255,25.043,17.4,192009252000,200,7,***,51,*****
804,60.255,25.043,17.4,192009260600,290,2,***,43,*****
805,60.255,25.043,17.4,192009261300,180,9,***,57,*****
806,60.255,25.043,17.4,192009262000,200,9,***,54,*****
807,60.255,25.043,17.4,192009270600,230,7,***,53,*****
808,60.255,25.043,17.4,192009271300,230,11,***,57,*****
809,60.255,25.043,17.4,192009272000,230,7,***,53,*****
810,60.255,25.043,17.4,192009280600,230,9,***,53,*****
811,60.255,25.043,17.4,192009281300,200,14,***,56,*****
812,60.255,25.043,17.4,192009282000,230,7,***,51,*****
813,60.255,25.043,17.4,192009290600,230,5,***,50,*****
814,60.255,25.043,17.4,192009291300,290,9,***,57,*****
815,60.255,25.043,17.4,192009292000,***,0,***,48,*****
816,60.255,25.043,17.4,192009300600,320,5,***,44,*****
817,60.255,25.043,17.4,192009301300,320,9,***,59,*****
818,60.255,25.043,17.4,192009302000,270,7,***,50,*****
819,60.255,25.043,17.4,192010010600,020,9,***,42,*****
820,60.255,25.043,17.4,192010011300,020,11,***,50,*****
821,60.255,25.043,17.4,192010012000,020,11,***,39,*****
822,60.255,25.043,17.4,192010020600,340,11,***,33,*****
823,60.255,25.043,17.4,192010021300,020,11,***,42,*****
824,60.255,25.043,17.4,192010022000,360,9,***,35,*****
825,60.255,25.043,17.4,192010030600,020,9,***,31,*****
826,60.255,25.043,17.4,192010031300,020,7,***,42,*****
827,60.255,25.043,17.4,192010032000,020,5,***,38,*****
828,60.255,25.043,17.4,192010040600,050,5,***,32,*****
829,60.255,25.043,17.4,192010041300,320,9,***,44,*****
830,60.255,25.043,17.4,192010042000,320,5,***,35,*****
831,60.255,25.043,17.4,192010050600,290,5,***,32,*****
832,60.255,25.043,17.4,192010051300,250,9,***,47,*****
833,60.255,25.043,17.4,192010052000,270,9,***,44,*****
834,60.255,25.043,17.4,192010060600,270,7,***,44,*****
835,60.255,25.043,17.4,192010061300,270,7,***,50,*****
836,60.255,25.043,17.4,192010062000,270,5,***,47,*****
837,60.255,25.043,17.4,192010070600,250,5,***,37,*****
838,60.255,25.043,17.4,192010071300,230,9,***,51,*****
839,60.255,25.043,17.4,192010072000,230,11,***,50,*****
840,60.255,25.043,17.4,192010080600,230,11,***,51,*****
841,60.255,25.043,17.4,192010081300,230,14,***,54,*****
842,60.255,25.043,17.4,192010082000,270,11,***,51,*****
843,60.255,25.043,17.4,192010090600,320,14,***,47,*****
844,60.255,25.043,17.4,192010091300,320,18,***,56,*****
845,60.255,25.043,17.4,192010092000,320,9,***,46,*****
846,60.255,25.043,17.4,192010100600,340,5,***,43,*****
847,60.255,25.043,17.4,192010101300,320,7,***,51,*****
848,60.255,25.043,17.4,192010102000,250,7,***,50,*****
849,60.255,25.043,17.4,192010110600,320,9,***,46,*****
850,60.255,25.043,17.4,192010111300,340,5,***,55,*****
851,60.255,25.043,17.4,192010112000,180,2,***,47,*****
852,60.255,25.043,17.4,192010120600,230,5,***,44,*****
853,60.255,25.043,17.4,192010121300,230,14,***,51,*****
854,60.255,25.043,17.4,192010122000,250,9,***,50,*****
855,60.255,25.043,17.4,192010130600,320,9,***,45,*****
856,60.255,25.043,17.4,192010131300,290,16,***,53,*****
857,60.255,25.043,17.4,192010132000,340,11,***,46,*****
858,60.255,25.043,17.4,192010140600,270,7,***,37,*****
859,60.255,25.043,17.4,192010141300,270,9,***,49,*****
860,60.255,25.043,17.4,192010142000,270,9,***,44,*****
861,60.255,25.043,17.4,192010150600,270,9,***,41,*****
862,60.255,25.043,17.4,192010151300,340,9,***,44,*****
863,60.255,25.043,17.4,192010152000,340,2,***,36,*****
864,60.255,25.043,17.4,192010160600,020,7,***,31,*****
865,60.255,25.043,17.4,192010161300,020,11,***,37,*****
866,60.255,25.043,17.4,192010162000,020,9,***,33,*****
867,60.255,25.043,17.4,192010170600,360,16,***,28,*****
868,60.255,25.043,17.4,192010171300,360,18,***,34,*****
869,60.255,25.043,17.4,192010172000,360,16,***,31,*****
870,60.255,25.043,17.4,192010180600,340,14,***,29,*****
871,60.255,25.043,17.4,192010181300,340,16,***,36,*****
872,60.255,25.043,17.4,192010182000,340,9,***,29,*****
873,60.255,25.043,17.4,192010190600,320,5,***,24,*****
874,60.255,25.043,17.4,192010191300,320,9,***,37,*****
875,60.255,25.043,17.4,192010192000,290,5,***,34,*****
876,60.255,25.043,17.4,192010200600,230,7,***,35,*****
877,60.255,25.043,17.4,192010201300,270,11,***,45,*****
878,60.255,25.043,17.4,192010202000,290,14,***,40,*****
879,60.255,25.043,17.4,192010210600,290,9,***,36,*****
880,60.255,25.043,17.4,192010211300,320,14,***,42,*****
881,60.255,25.043,17.4,192010212000,340,9,***,34,*****
882,60.255,25.043,17.4,192010220600,340,7,***,32,*****
883,60.255,25.043,17.4,192010221300,320,7,***,36,*****
884,60.255,25.043,17.4,192010222000,020,2,***,28,*****
885,60.255,25.043,17.4,192010230600,230,7,***,37,*****
886,60.255,25.043,17.4,192010231300,200,9,***,46,*****
887,60.255,25.043,17.4,192010232000,250,7,***,41,*****
888,60.255,25.043,17.4,192010240600,290,7,***,37,*****
889,60.255,25.043,17.4,192010241300,320,9,***,41,*****
890,60.255,25.043,17.4,192010242000,360,9,***,37,*****
891,60.255,25.043,17.4,192010250600,020,9,***,27,*****
892,60.255,25.043,17.4,192010251300,140,5,***,35,*****
893,60.255,25.043,17.4,192010252000,230,16,***,41,*****
894,60.255,25.043,17.4,192010260600,320,14,***,44,*****
895,60.255,25.043,17.4,192010261300,340,9,***,39,*****
896,60.255,25.043,17.4,192010262000,020,9,***,34,*****
897,60.255,25.043,17.4,192010270600,020,7,***,33,*****
898,60.255,25.043,17.4,192010271300,180,11,***,33,*****
899,60.255,25.043,17.4,192010272000,160,7,***,33,*****
900,60.255,25.043,17.4,192010280600,050,2,***,27,*****
901,60.255,25.043,17.4,192010281300,070,5,***,35,*****
902,60.255,25.043,17.4,192010282000,160,7,***,33,*****
903,60.255,25.043,17.4,192010290600,180,14,***,33,*****
904,60.255,25.043,17.4,192010291300,180,11,***,33,*****
905,60.255,25.043,17.4,192010292000,180,11,***,34,*****
906,60.255,25.043,17.4,192010300600,180,9,***,34,*****
907,60.255,25.043,17.4,192010301300,180,7,***,35,*****
908,60.255,25.043,17.4,192010302000,180,9,***,35,*****
909,60.255,25.043,17.4,192010310600,180,7,***,36,*****
910,60.255,25.043,17.4,192010311300,200,9,***,39,*****
911,60.255,25.043,17.4,192010312000,200,5,***,41,*****
912,60.255,25.043,17.4,192011010600,230,5,***,35,*****
913,60.255,25.043,17.4,192011011300,070,2,***,38,*****
914,60.255,25.043,17.4,192011012000,050,5,***,37,*****
915,60.255,25.043,17.4,192011020600,020,5,***,35,*****
916,60.255,25.043,17.4,192011021300,020,7,***,37,*****
917,60.255,25.043,17.4,192011022000,020,7,***,33,*****
918,60.255,25.043,17.4,192011030600,360,5,***,33,*****
919,60.255,25.043,17.4,192011031300,020,5,***,35,*****
920,60.255,25.043,17.4,192011032000,340,7,***,32,*****
921,60.255,25.043,17.4,192011040600,340,5,***,32,*****
922,60.255,25.043,17.4,192011041300,050,5,***,34,*****
923,60.255,25.043,17.4,192011042000,180,5,***,36,*****
924,60.255,25.043,17.4,192011050600,180,7,***,33,*****
925,60.255,25.043,17.4,192011051300,200,11,***,35,*****
926,60.255,25.043,17.4,192011052000,200,11,***,33,*****
927,60.255,25.043,17.4,192011060600,200,14,***,32,*****
928,60.255,25.043,17.4,192011061300,200,16,***,32,*****
929,60.255,25.043,17.4,192011062000,200,14,***,33,*****
930,60.255,25.043,17.4,192011070600,200,14,***,34,*****
931,60.255,25.043,17.4,192011071300,200,11,***,38,*****
932,60.255,25.043,17.4,192011072000,200,14,***,39,*****
933,60.255,25.043,17.4,192011080600,200,16,***,43,*****
934,60.255,25.043,17.4,192011081300,230,11,***,46,*****
935,60.255,25.043,17.4,192011082000,320,14,***,38,*****
936,60.255,25.043,17.4,192011090600,230,5,***,34,*****
937,60.255,25.043,17.4,192011091300,200,16,***,44,*****
938,60.255,25.043,17.4,192011092000,270,11,***,46,*****
939,60.255,25.043,17.4,192011100600,320,5,***,39,*****
940,60.255,25.043,17.4,192011101300,200,11,***,45,*****
941,60.255,25.043,17.4,192011102000,230,14,***,47,*****
942,60.255,25.043,17.4,192011110600,250,14,***,44,*****
943,60.255,25.043,17.4,192011111300,290,19,***,42,*****
944,60.255,25.043,17.4,192011112000,250,9,***,36,*****
945,60.255,25.043,17.4,192011120600,290,9,***,33,*****
946,60.255,25.043,17.4,192011121300,270,11,***,38,*****
947,60.255,25.043,17.4,192011122000,270,7,***,35,*****
948,60.255,25.043,17.4,192011130600,200,11,***,44,*****
949,60.255,25.043,17.4,192011131300,200,19,***,44,*****
950,60.255,25.043,17.4,192011132000,230,18,***,45,*****
951,60.255,25.043,17.4,192011140600,230,16,***,44,*****
952,60.255,25.043,17.4,192011141300,230,14,***,45,*****
953,60.255,25.043,17.4,192011142000,200,14,***,44,*****
954,60.255,25.043,17.4,192011150600,180,18,***,44,*****
955,60.255,25.043,17.4,192011151300,200,16,***,45,*****
956,60.255,25.043,17.4,192011152000,230,19,***,46,*****
957,60.255,25.043,17.4,192011160600,230,24,***,46,*****
958,60.255,25.043,17.4,192011161300,230,22,***,45,*****
959,60.255,25.043,17.4,192011162000,230,29,***,46,*****
960,60.255,25.043,17.4,192011170600,230,14,***,43,*****
961,60.255,25.043,17.4,192011171300,290,16,***,40,*****
962,60.255,25.043,17.4,192011172000,290,11,***,35,*****
963,60.255,25.043,17.4,192011180600,340,9,***,31,*****
964,60.255,25.043,17.4,192011181300,340,9,***,33,*****
965,60.255,25.043,17.4,192011182000,320,7,***,28,*****
966,60.255,25.043,17.4,192011190600,250,5,***,29,*****
967,60.255,25.043,17.4,192011191300,200,16,***,39,*****
968,60.255,25.043,17.4,192011192000,200,18,***,40,*****
969,60.255,25.043,17.4,192011200600,200,22,***,42,*****
970,60.255,25.043,17.4,192011201300,230,19,***,42,*****
971,60.255,25.043,17.4,192011202000,250,9,***,41,*****
972,60.255,25.043,17.4,192011210600,250,5,***,39,*****
973,60.255,25.043,17.4,192011211300,250,5,***,41,*****
974,60.255,25.043,17.4,192011212000,320,7,***,40,*****
975,60.255,25.043,17.4,192011220600,270,7,***,40,*****
976,60.255,25.043,17.4,192011221300,320,9,***,42,*****
977,60.255,25.043,17.4,192011222000,320,7,***,42,*****
978,60.255,25.043,17.4,192011230600,270,9,***,36,*****
979,60.255,25.043,17.4,192011231300,290,14,***,38,*****
980,60.255,25.043,17.4,192011232000,320,11,***,37,*****
981,60.255,25.043,17.4,192011240600,340,9,***,33,*****
982,60.255,25.043,17.4,192011241300,320,7,***,35,*****
983,60.255,25.043,17.4,192011242000,320,7,***,31,*****
984,60.255,25.043,17.4,192011250600,340,9,***,33,*****
985,60.255,25.043,17.4,192011251300,320,9,***,36,*****
986,60.255,25.043,17.4,192011252000,340,9,***,37,*****
987,60.255,25.043,17.4,192011260600,070,7,***,34,*****
988,60.255,25.043,17.4,192011261300,070,7,***,34,*****
989,60.255,25.043,17.4,192011262000,180,5,***,34,*****
990,60.255,25.043,17.4,192011270600,200,7,***,33,*****
991,60.255,25.043,17.4,192011271300,200,7,***,35,*****
992,60.255,25.043,17.4,192011272000,200,7,***,37,*****
993,60.255,25.043,17.4,192011280600,270,7,***,37,*****
994,60.255,25.043,17.4,192011281300,140,9,***,35,*****
995,60.255,25.043,17.4,192011282000,160,11,***,33,*****
996,60.255,25.043,17.4,192011290600,140,9,***,31,*****
997,60.255,25.043,17.4,192011291300,110,7,***,29,*****
998,60.255,25.043,17.4,192011292000,110,5,***,30,*****
999,60.255,25.043,17.4,192011300600,360,5,***,29,*****
1000,60.255,25.043,17.4,192011301300,020,9,***,29,*****
1001,60.255,25.043,17.4,192011302000,090,7,***,29,*****
1002,60.255,25.043,17.4,192012010600,070,11,***,29,*****
1003,60.255,25.043,17.4,192012011300,140,9,***,27,*****
1004,60.255,25.043,17.4,192012012000,070,9,***,28,*****
1005,60.255,25.043,17.4,192012020600,110,9,***,29,*****
1006,60.255,25.043,17.4,192012021300,090,9,***,32,*****
1007,60.255,25.043,17.4,192012022000,180,9,***,33,*****
1008,60.255,25.043,17.4,192012030600,180,7,***,34,*****
1009,60.255,25.043,17.4,192012031300,200,9,***,35,*****
1010,60.255,25.043,17.4,192012032000,200,9,***,34,*****
1011,60.255,25.043,17.4,192012040600,200,5,***,35,*****
1012,60.255,25.043,17.4,192012041300,200,7,***,37,*****
1013,60.255,25.043,17.4,192012042000,200,5,***,35,*****
1014,60.255,25.043,17.4,192012050600,070,2,***,34,*****
1015,60.255,25.043,17.4,192012051300,050,2,***,33,*****
1016,60.255,25.043,17.4,192012052000,050,2,***,27,*****
1017,60.255,25.043,17.4,192012060600,320,7,***,26,*****
1018,60.255,25.043,17.4,192012061300,320,11,***,33,*****
1019,60.255,25.043,17.4,192012062000,320,9,***,31,*****
1020,60.255,25.043,17.4,192012070600,320,5,***,32,*****
1021,60.255,25.043,17.4,192012071300,290,2,***,32,*****
1022,60.255,25.043,17.4,192012072000,200,5,***,31,*****
1023,60.255,25.043,17.4,192012080600,180,9,***,34,*****
1024,60.255,25.043,17.4,192012081300,200,9,***,31,*****
1025,60.255,25.043,17.4,192012082000,200,9,***,31,*****
1026,60.255,25.043,17.4,192012090600,200,9,***,31,*****
1027,60.255,25.043,17.4,192012091300,180,7,***,27,*****
1028,60.255,25.043,17.4,192012092000,180,9,***,25,*****
1029,60.255,25.043,17.4,192012100600,180,9,***,23,*****
1030,60.255,25.043,17.4,192012101300,020,5,***,23,*****
1031,60.255,25.043,17.4,192012102000,020,5,***,24,*****
1032,60.255,25.043,17.4,192012110600,290,5,***,25,*****
1033,60.255,25.043,17.4,192012111300,250,7,***,29,*****
1034,60.255,25.043,17.4,192012112000,250,7,***,35,*****
1035,60.255,25.043,17.4,192012120600,250,5,***,32,*****
1036,60.255,25.043,17.4,192012121300,270,7,***,31,*****
1037,60.255,25.043,17.4,192012122000,290,9,***,30,*****
1038,60.255,25.043,17.4,192012130600,320,7,***,30,*****
1039,60.255,25.043,17.4,192012131300,050,5,***,30,*****
1040,60.255,25.043,17.4,192012132000,340,5,***,29,*****
1041,60.255,25.043,17.4,192012140600,320,5,***,28,*****
1042,60.255,25.043,17.4,192012141300,340,7,***,27,*****
1043,60.255,25.043,17.4,192012142000,340,5,***,26,*****
1044,60.255,25.043,17.4,192012150600,***,0,***,27,*****
1045,60.255,25.043,17.4,192012151300,200,7,***,31,*****
1046,60.255,25.043,17.4,192012152000,250,5,***,28,*****
1047,60.255,25.043,17.4,192012160600,180,5,***,26,*****
1048,60.255,25.043,17.4,192012161300,180,7,***,29,*****
1049,60.255,25.043,17.4,192012162000,110,9,***,31,*****
1050,60.255,25.043,17.4,192012170600,180,9,***,28,*****
1051,60.255,25.043,17.4,192012171300,180,9,***,28,*****
1052,60.255,25.043,17.4,192012172000,180,14,***,30,*****
1053,60.255,25.043,17.4,192012180600,200,14,***,32,*****
1054,60.255,25.043,17.4,192012181300,200,18,***,35,*****
1055,60.255,25.043,17.4,192012182000,250,14,***,35,*****
1056,60.255,25.043,17.4,192012190600,250,7,***,32,*****
1057,60.255,25.043,17.4,192012191300,320,9,***,30,*****
1058,60.255,25.043,17.4,192012192000,340,2,***,26,*****
1059,60.255,25.043,17.4,192012200600,200,14,***,33,*****
1060,60.255,25.043,17.4,192012201300,200,14,***,37,*****
1061,60.255,25.043,17.4,192012202000,230,11,***,38,*****
1062,60.255,25.043,17.4,192012210600,200,14,***,35,*****
1063,60.255,25.043,17.4,192012211300,200,14,***,33,*****
1064,60.255,25.043,17.4,192012212000,200,14,***,35,*****
1065,60.255,25.043,17.4,192012220600,200,14,***,37,*****
1066,60.255,25.043,17.4,192012221300,200,14,***,37,*****
1067,60.255,25.043,17.4,192012222000,200,16,***,35,*****
1068,60.255,25.043,17.4,192012230600,200,14,***,35,*****
1069,60.255,25.043,17.4,192012231300,200,16,***,37,*****
1070,60.255,25.043,17.4,192012232000,200,16,***,37,*****
1071,60.255,25.043,17.4,192012240600,200,19,***,37,*****
1072,60.255,25.043,17.4,192012241300,200,16,***,35,*****
1073,60.255,25.043,17.4,192012242000,250,11,***,34,*****
1074,60.255,25.043,17.4,192012250600,250,7,***,31,*****
1075,60.255,25.043,17.4,192012251300,180,9,***,34,*****
1076,60.255,25.043,17.4,192012252000,110,11,***,32,*****
1077,60.255,25.043,17.4,192012260600,110,5,***,31,*****
1078,60.255,25.043,17.4,192012261300,360,2,***,31,*****
1079,60.255,25.043,17.4,192012262000,360,2,***,31,*****
1080,60.255,25.043,17.4,192012270600,070,9,***,32,*****
1081,60.255,25.043,17.4,192012271300,020,5,***,33,*****
1082,60.255,25.043,17.4,192012272000,360,9,***,29,*****
1083,60.255,25.043,17.4,192012280600,360,14,***,22,*****
1084,60.255,25.043,17.4,192012281300,340,7,***,17,*****
1085,60.255,25.043,17.4,192012282000,340,7,***,13,*****
1086,60.255,25.043,17.4,192012290600,270,2,***,12,*****
1087,60.255,25.043,17.4,192012291300,290,2,***,20,*****
1088,60.255,25.043,17.4,192012292000,160,7,***,24,*****
1089,60.255,25.043,17.4,192012300600,070,5,***,24,*****
1090,60.255,25.043,17.4,192012301300,050,7,***,25,*****
1091,60.255,25.043,17.4,192012302000,070,11,***,23,*****
1092,60.255,25.043,17.4,192012310600,020,14,***,22,*****
1093,60.255,25.043,17.4,192012311300,020,16,***,22,*****
1094,60.255,25.043,17.4,192012312000,020,11,***,17,*****
