,Lat,Lon,Ele,YR--MODAHRMN,DIR,SPD,GUS,TEMP,ALT
0,60.255,25.043,17.4,192101010600,020,7,***,11,*****
1,60.255,25.043,17.4,192101011300,020,9,***,11,*****
2,60.255,25.043,17.4,192101012000,020,7,***,13,*****
3,60.255,25.043,17.4,192101020600,020,7,***,13,*****
4,60.255,25.043,17.4,192101021300,090,5,***,18,*****
5,60.255,25.043,17.4,192101022000,070,11,***,19,*****
6,60.255,25.043,17.4,192101030600,110,14,***,21,*****
7,60.255,25.043,17.4,192101031300,110,14,***,23,*****
8,60.255,25.043,17.4,192101032000,110,9,***,23,*****
9,60.255,25.043,17.4,192101040600,070,7,***,22,*****
10,60.255,25.043,17.4,192101041300,020,9,***,17,*****
11,60.255,25.043,17.4,192101042000,070,5,***,24,*****
12,60.255,25.043,17.4,192101050600,200,16,***,26,*****
13,60.255,25.043,17.4,192101051300,200,14,***,30,*****
14,60.255,25.043,17.4,192101052000,290,9,***,32,*****
15,60.255,25.043,17.4,192101060600,270,7,***,30,*****
16,60.255,25.043,17.4,192101061300,230,11,***,36,*****
17,60.255,25.043,17.4,192101062000,230,16,***,36,*****
18,60.255,25.043,17.4,192101070600,230,14,***,37,*****
19,60.255,25.043,17.4,192101071300,200,19,***,39,*****
20,60.255,25.043,17.4,192101072000,250,14,***,39,*****
21,60.255,25.043,17.4,192101080600,250,9,***,33,*****
22,60.255,25.043,17.4,192101081300,230,11,***,36,*****
23,60.255,25.043,17.4,192101082000,200,14,***,36,*****
24,60.255,25.043,17.4,192101090600,230,14,***,36,*****
25,60.255,25.043,17.4,192101091300,320,11,***,37,*****
26,60.255,25.043,17.4,192101092000,200,9,***,35,*****
27,60.255,25.043,17.4,192101100600,290,2,***,32,*****
28,60.255,25.043,17.4,192101101300,340,5,***,33,*****
29,60.255,25.043,17.4,192101102000,340,5,***,32,*****
30,60.255,25.043,17.4,192101110600,090,7,***,32,*****
31,60.255,25.043,17.4,192101111300,070,18,***,31,*****
32,60.255,25.043,17.4,192101112000,050,22,***,25,*****
33,60.255,25.043,17.4,192101120600,020,18,***,17,*****
34,60.255,25.043,17.4,192101121300,050,14,***,12,*****
35,60.255,25.043,17.4,192101122000,020,9,***,5,*****
36,60.255,25.043,17.4,192101130600,070,7,***,4,*****
37,60.255,25.043,17.4,192101131300,160,14,***,17,*****
38,60.255,25.043,17.4,192101132000,140,14,***,17,*****
39,60.255,25.043,17.4,192101140600,160,14,***,22,*****
40,60.255,25.043,17.4,192101141300,250,18,***,27,*****
41,60.255,25.043,17.4,192101142000,290,18,***,22,*****
42,60.255,25.043,17.4,192101150600,290,14,***,23,*****
43,60.255,25.043,17.4,192101151300,290,9,***,24,*****
44,60.255,25.043,17.4,192101152000,340,11,***,16,*****
45,60.255,25.043,17.4,192101160600,320,7,***,2,*****
46,60.255,25.043,17.4,192101161300,230,19,***,31,*****
47,60.255,25.043,17.4,192101162000,230,19,***,35,*****
48,60.255,25.043,17.4,192101170600,250,11,***,35,*****
49,60.255,25.043,17.4,192101171300,250,18,***,36,*****
50,60.255,25.043,17.4,192101172000,230,18,***,34,*****
51,60.255,25.043,17.4,192101180600,180,22,***,30,*****
52,60.255,25.043,17.4,192101181300,230,19,***,33,*****
53,60.255,25.043,17.4,192101182000,230,14,***,35,*****
54,60.255,25.043,17.4,192101190600,110,2,***,33,*****
55,60.255,25.043,17.4,192101191300,180,7,***,34,*****
56,60.255,25.043,17.4,192101192000,270,7,***,32,*****
57,60.255,25.043,17.4,192101200600,320,9,***,30,*****
58,60.255,25.043,17.4,192101201300,230,9,***,30,*****
59,60.255,25.043,17.4,192101202000,250,9,***,34,*****
60,60.255,25.043,17.4,192101210600,290,18,***,29,*****
61,60.255,25.043,17.4,192101211300,290,19,***,28,*****
62,60.255,25.043,17.4,192101212000,230,9,***,21,*****
63,60.255,25.043,17.4,192101220600,140,18,***,29,*****
64,60.255,25.043,17.4,192101221300,***,0,***,35,*****
65,60.255,25.043,17.4,192101222000,290,7,***,29,*****
66,60.255,25.043,17.4,192101230600,320,22,***,24,*****
67,60.255,25.043,17.4,192101231300,320,24,***,21,*****
68,60.255,25.043,17.4,192101232000,320,14,***,14,*****
69,60.255,25.043,17.4,192101240600,340,7,***,6,*****
70,60.255,25.043,17.4,192101241300,340,11,***,12,*****
71,60.255,25.043,17.4,192101242000,320,7,***,5,*****
72,60.255,25.043,17.4,192101250600,320,16,***,15,*****
73,60.255,25.043,17.4,192101251300,290,9,***,22,*****
74,60.255,25.043,17.4,192101252000,290,11,***,18,*****
75,60.255,25.043,17.4,192101260600,250,7,***,9,*****
76,60.255,25.043,17.4,192101261300,230,5,***,18,*****
77,60.255,25.043,17.4,192101262000,230,2,***,9,*****
78,60.255,25.043,17.4,192101270600,070,9,***,19,*****
79,60.255,25.043,17.4,192101271300,050,11,***,15,*****
80,60.255,25.043,17.4,192101272000,340,16,***,9,*****
81,60.255,25.043,17.4,192101280600,340,9,***,4,*****
82,60.255,25.043,17.4,192101281300,340,9,***,2,*****
83,60.255,25.043,17.4,192101282000,020,5,***,-8,*****
84,60.255,25.043,17.4,192101290600,180,22,***,17,*****
85,60.255,25.043,17.4,192101291300,110,24,***,18,*****
86,60.255,25.043,17.4,192101292000,070,11,***,13,*****
87,60.255,25.043,17.4,192101300600,110,5,***,12,*****
88,60.255,25.043,17.4,192101301300,200,9,***,26,*****
89,60.255,25.043,17.4,192101302000,180,11,***,27,*****
90,60.255,25.043,17.4,192101310600,290,14,***,33,*****
91,60.255,25.043,17.4,192101311300,290,9,***,28,*****
92,60.255,25.043,17.4,192101312000,***,0,***,18,*****
93,60.255,25.043,17.4,192102010600,020,7,***,5,*****
94,60.255,25.043,17.4,192102011300,050,9,***,11,*****
95,60.255,25.043,17.4,192102012000,020,9,***,3,*****
96,60.255,25.043,17.4,192102020600,050,7,***,-1,*****
97,60.255,25.043,17.4,192102021300,020,5,***,7,*****
98,60.255,25.043,17.4,192102022000,070,9,***,1,*****
99,60.255,25.043,17.4,192102030600,070,9,***,3,*****
100,60.255,25.043,17.4,192102031300,070,11,***,8,*****
101,60.255,25.043,17.4,192102032000,070,11,***,2,*****
102,60.255,25.043,17.4,192102040600,070,9,***,6,*****
103,60.255,25.043,17.4,192102041300,070,11,***,15,*****
104,60.255,25.043,17.4,192102042000,070,7,***,13,*****
105,60.255,25.043,17.4,192102050600,090,5,***,8,*****
106,60.255,25.043,17.4,192102051300,110,7,***,19,*****
107,60.255,25.043,17.4,192102052000,070,5,***,12,*****
108,60.255,25.043,17.4,192102060600,110,7,***,6,*****
109,60.255,25.043,17.4,192102061300,140,11,***,20,*****
110,60.255,25.043,17.4,192102062000,200,9,***,22,*****
111,60.255,25.043,17.4,192102070600,270,7,***,24,*****
112,60.255,25.043,17.4,192102071300,290,7,***,27,*****
113,60.255,25.043,17.4,192102072000,340,5,***,27,*****
114,60.255,25.043,17.4,192102080600,050,5,***,26,*****
115,60.255,25.043,17.4,192102081300,230,5,***,25,*****
116,60.255,25.043,17.4,192102082000,230,7,***,21,*****
117,60.255,25.043,17.4,192102090600,290,2,***,21,*****
118,60.255,25.043,17.4,192102091300,230,5,***,22,*****
119,60.255,25.043,17.4,192102092000,200,5,***,****,*****
120,60.255,25.043,17.4,192102100600,250,9,***,24,*****
121,60.255,25.043,17.4,192102101300,290,11,***,28,*****
122,60.255,25.043,17.4,192102102000,250,9,***,25,*****
123,60.255,25.043,17.4,192102110600,250,14,***,32,*****
124,60.255,25.043,17.4,192102111300,230,16,***,33,*****
125,60.255,25.043,17.4,192102112000,250,11,***,32,*****
126,60.255,25.043,17.4,192102120600,320,24,***,26,*****
127,60.255,25.043,17.4,192102121300,320,24,***,23,*****
128,60.255,25.043,17.4,192102122000,320,9,***,14,*****
129,60.255,25.043,17.4,192102130600,160,11,***,23,*****
130,60.255,25.043,17.4,192102131300,270,5,***,31,*****
131,60.255,25.043,17.4,192102132000,230,11,***,33,*****
132,60.255,25.043,17.4,192102140600,320,14,***,34,*****
133,60.255,25.043,17.4,192102141300,320,18,***,26,*****
134,60.255,25.043,17.4,192102142000,320,18,***,9,*****
135,60.255,25.043,17.4,192102150600,340,18,***,7,*****
136,60.255,25.043,17.4,192102151300,340,19,***,12,*****
137,60.255,25.043,17.4,192102152000,340,11,***,3,*****
138,60.255,25.043,17.4,192102160600,050,5,***,-8,*****
139,60.255,25.043,17.4,192102161300,110,5,***,11,*****
140,60.255,25.043,17.4,192102162000,110,2,***,4,*****
141,60.255,25.043,17.4,192102170600,200,7,***,11,*****
142,60.255,25.043,17.4,192102171300,200,7,***,18,*****
143,60.255,25.043,17.4,192102172000,180,11,***,17,*****
144,60.255,25.043,17.4,192102180600,140,11,***,17,*****
145,60.255,25.043,17.4,192102181300,090,14,***,16,*****
146,60.255,25.043,17.4,192102182000,020,14,***,10,*****
147,60.255,25.043,17.4,192102190600,340,7,***,-3,*****
148,60.255,25.043,17.4,192102191300,250,9,***,14,*****
149,60.255,25.043,17.4,192102192000,340,7,***,15,*****
150,60.255,25.043,17.4,192102200600,020,2,***,15,*****
151,60.255,25.043,17.4,192102201300,200,9,***,16,*****
152,60.255,25.043,17.4,192102202000,200,11,***,17,*****
153,60.255,25.043,17.4,192102210600,230,7,***,31,*****
154,60.255,25.043,17.4,192102211300,270,9,***,35,*****
155,60.255,25.043,17.4,192102212000,320,7,***,31,*****
156,60.255,25.043,17.4,192102220600,290,5,***,27,*****
157,60.255,25.043,17.4,192102221300,250,7,***,27,*****
158,60.255,25.043,17.4,192102222000,230,7,***,21,*****
159,60.255,25.043,17.4,192102230600,250,5,***,27,*****
160,60.255,25.043,17.4,192102231300,230,7,***,32,*****
161,60.255,25.043,17.4,192102232000,270,7,***,31,*****
162,60.255,25.043,17.4,192102240600,250,5,***,29,*****
163,60.255,25.043,17.4,192102241300,250,5,***,32,*****
164,60.255,25.043,17.4,192102242000,230,5,***,19,*****
165,60.255,25.043,17.4,192102250600,250,5,***,25,*****
166,60.255,25.043,17.4,192102251300,230,9,***,31,*****
167,60.255,25.043,17.4,192102252000,200,11,***,30,*****
168,60.255,25.043,17.4,192102260600,200,14,***,29,*****
169,60.255,25.043,17.4,192102261300,230,16,***,31,*****
170,60.255,25.043,17.4,192102262000,230,11,***,29,*****
171,60.255,25.043,17.4,192102270600,250,7,***,30,*****
172,60.255,25.043,17.4,192102271300,230,11,***,31,*****
173,60.255,25.043,17.4,192102272000,200,11,***,33,*****
174,60.255,25.043,17.4,192102280600,270,9,***,30,*****
175,60.255,25.043,17.4,192102281300,270,9,***,40,*****
176,60.255,25.043,17.4,192102282000,200,9,***,31,*****
177,60.255,25.043,17.4,192103010600,290,9,***,34,*****
178,60.255,25.043,17.4,192103011300,290,9,***,41,*****
179,60.255,25.043,17.4,192103012000,250,11,***,30,*****
180,60.255,25.043,17.4,192103020600,230,14,***,35,*****
181,60.255,25.043,17.4,192103021300,230,18,***,36,*****
182,60.255,25.043,17.4,192103022000,230,18,***,35,*****
183,60.255,25.043,17.4,192103030600,230,9,***,33,*****
184,60.255,25.043,17.4,192103031300,290,16,***,35,*****
185,60.255,25.043,17.4,192103032000,270,9,***,28,*****
186,60.255,25.043,17.4,192103040600,200,7,***,25,*****
187,60.255,25.043,17.4,192103041300,200,18,***,35,*****
188,60.255,25.043,17.4,192103042000,320,24,***,32,*****
189,60.255,25.043,17.4,192103050600,200,14,***,34,*****
190,60.255,25.043,17.4,192103051300,290,26,***,32,*****
191,60.255,25.043,17.4,192103052000,270,19,***,30,*****
192,60.255,25.043,17.4,192103060600,270,18,***,26,*****
193,60.255,25.043,17.4,192103061300,340,16,***,32,*****
194,60.255,25.043,17.4,192103062000,230,7,***,27,*****
195,60.255,25.043,17.4,192103070600,070,5,***,27,*****
196,60.255,25.043,17.4,192103071300,070,14,***,27,*****
197,60.255,25.043,17.4,192103072000,340,14,***,23,*****
198,60.255,25.043,17.4,192103080600,320,5,***,9,*****
199,60.255,25.043,17.4,192103081300,290,11,***,28,*****
200,60.255,25.043,17.4,192103082000,270,7,***,22,*****
201,60.255,25.043,17.4,192103090600,180,14,***,30,*****
202,60.255,25.043,17.4,192103091300,270,7,***,34,*****
203,60.255,25.043,17.4,192103092000,230,7,***,33,*****
204,60.255,25.043,17.4,192103100600,230,16,***,33,*****
205,60.255,25.043,17.4,192103101300,270,11,***,40,*****
206,60.255,25.043,17.4,192103102000,270,7,***,34,*****
207,60.255,25.043,17.4,192103110600,200,5,***,34,*****
208,60.255,25.043,17.4,192103111300,180,11,***,35,*****
209,60.255,25.043,17.4,192103112000,200,9,***,36,*****
210,60.255,25.043,17.4,192103120600,200,9,***,33,*****
211,60.255,25.043,17.4,192103121300,230,14,***,38,*****
212,60.255,25.043,17.4,192103122000,230,7,***,33,*****
213,60.255,25.043,17.4,192103130600,090,5,***,23,*****
214,60.255,25.043,17.4,192103131300,140,7,***,36,*****
215,60.255,25.043,17.4,192103132000,230,5,***,30,*****
216,60.255,25.043,17.4,192103140600,160,7,***,30,*****
217,60.255,25.043,17.4,192103141300,090,5,***,32,*****
218,60.255,25.043,17.4,192103142000,090,11,***,28,*****
219,60.255,25.043,17.4,192103150600,110,9,***,24,*****
220,60.255,25.043,17.4,192103151300,230,7,***,37,*****
221,60.255,25.043,17.4,192103152000,230,9,***,33,*****
222,60.255,25.043,17.4,192103160600,230,9,***,31,*****
223,60.255,25.043,17.4,192103161300,230,14,***,36,*****
224,60.255,25.043,17.4,192103162000,230,11,***,33,*****
225,60.255,25.043,17.4,192103170600,200,9,***,33,*****
226,60.255,25.043,17.4,192103171300,270,16,***,40,*****
227,60.255,25.043,17.4,192103172000,230,9,***,36,*****
228,60.255,25.043,17.4,192103180600,270,9,***,35,*****
229,60.255,25.043,17.4,192103181300,140,7,***,42,*****
230,60.255,25.043,17.4,192103182000,090,5,***,31,*****
231,60.255,25.043,17.4,192103190600,160,9,***,35,*****
232,60.255,25.043,17.4,192103191300,140,9,***,41,*****
233,60.255,25.043,17.4,192103192000,250,9,***,35,*****
234,60.255,25.043,17.4,192103200600,200,9,***,35,*****
235,60.255,25.043,17.4,192103201300,180,16,***,37,*****
236,60.255,25.043,17.4,192103202000,230,11,***,35,*****
237,60.255,25.043,17.4,192103210600,270,9,***,34,*****
238,60.255,25.043,17.4,192103211300,200,7,***,37,*****
239,60.255,25.043,17.4,192103212000,230,7,***,35,*****
240,60.255,25.043,17.4,192103220600,***,0,***,29,*****
241,60.255,25.043,17.4,192103221300,230,11,***,36,*****
242,60.255,25.043,17.4,192103222000,230,11,***,35,*****
243,60.255,25.043,17.4,192103230600,290,16,***,37,*****
244,60.255,25.043,17.4,192103231300,270,14,***,46,*****
245,60.255,25.043,17.4,192103232000,200,9,***,35,*****
246,60.255,25.043,17.4,192103240600,230,14,***,36,*****
247,60.255,25.043,17.4,192103241300,270,14,***,46,*****
248,60.255,25.043,17.4,192103242000,250,9,***,37,*****
249,60.255,25.043,17.4,192103250600,270,14,***,42,*****
250,60.255,25.043,17.4,192103251300,290,24,***,46,*****
251,60.255,25.043,17.4,192103252000,290,18,***,40,*****
252,60.255,25.043,17.4,192103260600,270,11,***,33,*****
253,60.255,25.043,17.4,192103261300,200,9,***,41,*****
254,60.255,25.043,17.4,192103262000,230,5,***,34,*****
255,60.255,25.043,17.4,192103270600,140,7,***,30,*****
256,60.255,25.043,17.4,192103271300,090,9,***,36,*****
257,60.255,25.043,17.4,192103272000,110,16,***,38,*****
258,60.255,25.043,17.4,192103280600,200,14,***,35,*****
259,60.255,25.043,17.4,192103281300,200,14,***,38,*****
260,60.255,25.043,17.4,192103282000,200,18,***,35,*****
261,60.255,25.043,17.4,192103290600,200,11,***,35,*****
262,60.255,25.043,17.4,192103291300,200,14,***,38,*****
263,60.255,25.043,17.4,192103292000,200,11,***,36,*****
264,60.255,25.043,17.4,192103300600,200,14,***,37,*****
265,60.255,25.043,17.4,192103301300,200,9,***,40,*****
266,60.255,25.043,17.4,192103302000,200,11,***,37,*****
267,60.255,25.043,17.4,192103310600,200,16,***,37,*****
268,60.255,25.043,17.4,192103311300,110,16,***,34,*****
269,60.255,25.043,17.4,192103312000,200,11,***,36,*****
270,60.255,25.043,17.4,192104010600,290,14,***,36,*****
271,60.255,25.043,17.4,192104011300,290,19,***,40,*****
272,60.255,25.043,17.4,192104012000,320,14,***,34,*****
273,60.255,25.043,17.4,192104020600,320,5,***,30,*****
274,60.255,25.043,17.4,192104021300,180,9,***,38,*****
275,60.255,25.043,17.4,192104022000,200,9,***,38,*****
276,60.255,25.043,17.4,192104030600,230,14,***,35,*****
277,60.255,25.043,17.4,192104031300,160,14,***,37,*****
278,60.255,25.043,17.4,192104032000,230,11,***,38,*****
279,60.255,25.043,17.4,192104040600,200,11,***,36,*****
280,60.255,25.043,17.4,192104041300,140,7,***,42,*****
281,60.255,25.043,17.4,192104042000,200,11,***,46,*****
282,60.255,25.043,17.4,192104050600,200,11,***,41,*****
283,60.255,25.043,17.4,192104051300,230,5,***,46,*****
284,60.255,25.043,17.4,192104052000,360,11,***,38,*****
285,60.255,25.043,17.4,192104060600,320,9,***,35,*****
286,60.255,25.043,17.4,192104061300,360,16,***,47,*****
287,60.255,25.043,17.4,192104062000,360,11,***,41,*****
288,60.255,25.043,17.4,192104070600,020,18,***,38,*****
289,60.255,25.043,17.4,192104071300,070,18,***,48,*****
290,60.255,25.043,17.4,192104072000,070,7,***,41,*****
291,60.255,25.043,17.4,192104080600,090,7,***,39,*****
292,60.255,25.043,17.4,192104081300,160,7,***,42,*****
293,60.255,25.043,17.4,192104082000,160,5,***,31,*****
294,60.255,25.043,17.4,192104090600,070,7,***,39,*****
295,60.255,25.043,17.4,192104091300,160,5,***,47,*****
296,60.255,25.043,17.4,192104092000,160,2,***,37,*****
297,60.255,25.043,17.4,192104100600,250,7,***,38,*****
298,60.255,25.043,17.4,192104101300,230,11,***,49,*****
299,60.255,25.043,17.4,192104102000,250,11,***,43,*****
300,60.255,25.043,17.4,192104110600,250,9,***,38,*****
301,60.255,25.043,17.4,192104111300,200,18,***,46,*****
302,60.255,25.043,17.4,192104112000,250,9,***,42,*****
303,60.255,25.043,17.4,192104120600,320,5,***,38,*****
304,60.255,25.043,17.4,192104121300,200,7,***,45,*****
305,60.255,25.043,17.4,192104122000,200,7,***,38,*****
306,60.255,25.043,17.4,192104130600,200,14,***,39,*****
307,60.255,25.043,17.4,192104131300,180,16,***,41,*****
308,60.255,25.043,17.4,192104132000,250,14,***,40,*****
309,60.255,25.043,17.4,192104140600,230,14,***,39,*****
310,60.255,25.043,17.4,192104141300,230,14,***,40,*****
311,60.255,25.043,17.4,192104142000,180,5,***,38,*****
312,60.255,25.043,17.4,192104150600,160,11,***,41,*****
313,60.255,25.043,17.4,192104151300,200,11,***,41,*****
314,60.255,25.043,17.4,192104152000,180,16,***,37,*****
315,60.255,25.043,17.4,192104160600,230,9,***,38,*****
316,60.255,25.043,17.4,192104161300,230,7,***,41,*****
317,60.255,25.043,17.4,192104162000,180,9,***,38,*****
318,60.255,25.043,17.4,192104170600,160,9,***,37,*****
319,60.255,25.043,17.4,192104171300,090,7,***,40,*****
320,60.255,25.043,17.4,192104172000,070,11,***,38,*****
321,60.255,25.043,17.4,192104180600,020,18,***,36,*****
322,60.255,25.043,17.4,192104181300,070,7,***,49,*****
323,60.255,25.043,17.4,192104182000,090,11,***,49,*****
324,60.255,25.043,17.4,192104190600,090,14,***,41,*****
325,60.255,25.043,17.4,192104191300,160,16,***,43,*****
326,60.255,25.043,17.4,192104192000,160,14,***,43,*****
327,60.255,25.043,17.4,192104200600,090,5,***,39,*****
328,60.255,25.043,17.4,192104201300,160,5,***,52,*****
329,60.255,25.043,17.4,192104202000,270,5,***,46,*****
330,60.255,25.043,17.4,192104210600,320,5,***,44,*****
331,60.255,25.043,17.4,192104211300,160,7,***,47,*****
332,60.255,25.043,17.4,192104212000,140,7,***,43,*****
333,60.255,25.043,17.4,192104220600,250,7,***,43,*****
334,60.255,25.043,17.4,192104221300,230,9,***,46,*****
335,60.255,25.043,17.4,192104222000,230,5,***,43,*****
336,60.255,25.043,17.4,192104230600,090,5,***,46,*****
337,60.255,25.043,17.4,192104231300,070,11,***,58,*****
338,60.255,25.043,17.4,192104232000,070,5,***,57,*****
339,60.255,25.043,17.4,192104240600,070,9,***,56,*****
340,60.255,25.043,17.4,192104241300,090,11,***,62,*****
341,60.255,25.043,17.4,192104242000,070,5,***,55,*****
342,60.255,25.043,17.4,192104250600,070,5,***,54,*****
343,60.255,25.043,17.4,192104251300,090,7,***,64,*****
344,60.255,25.043,17.4,192104252000,090,5,***,57,*****
345,60.255,25.043,17.4,192104260600,070,7,***,58,*****
346,60.255,25.043,17.4,192104261300,090,11,***,65,*****
347,60.255,25.043,17.4,192104262000,090,5,***,59,*****
348,60.255,25.043,17.4,192104270600,090,5,***,54,*****
349,60.255,25.043,17.4,192104271300,090,9,***,57,*****
350,60.255,25.043,17.4,192104272000,230,5,***,54,*****
351,60.255,25.043,17.4,192104280600,270,9,***,54,*****
352,60.255,25.043,17.4,192104281300,230,11,***,59,*****
353,60.255,25.043,17.4,192104282000,250,9,***,57,*****
354,60.255,25.043,17.4,192104290600,320,11,***,47,*****
355,60.255,25.043,17.4,192104291300,360,16,***,46,*****
356,60.255,25.043,17.4,192104292000,020,14,***,42,*****
357,60.255,25.043,17.4,192104300600,020,7,***,43,*****
358,60.255,25.043,17.4,192104301300,200,9,***,49,*****
359,60.255,25.043,17.4,192104302000,230,5,***,48,*****
360,60.255,25.043,17.4,192105010600,050,7,***,49,*****
361,60.255,25.043,17.4,192105011300,230,11,***,53,*****
362,60.255,25.043,17.4,192105012000,230,9,***,50,*****
363,60.255,25.043,17.4,192105020600,200,7,***,46,*****
364,60.255,25.043,17.4,192105021300,200,11,***,51,*****
365,60.255,25.043,17.4,192105022000,200,9,***,45,*****
366,60.255,25.043,17.4,192105030600,230,11,***,46,*****
367,60.255,25.043,17.4,192105031300,200,14,***,47,*****
368,60.255,25.043,17.4,192105032000,230,7,***,44,*****
369,60.255,25.043,17.4,192105040600,230,5,***,46,*****
370,60.255,25.043,17.4,192105041300,160,9,***,51,*****
371,60.255,25.043,17.4,192105042000,340,7,***,48,*****
372,60.255,25.043,17.4,192105050600,020,9,***,43,*****
373,60.255,25.043,17.4,192105051300,230,7,***,46,*****
374,60.255,25.043,17.4,192105052000,020,5,***,41,*****
375,60.255,25.043,17.4,192105060600,340,2,***,43,*****
376,60.255,25.043,17.4,192105061300,110,5,***,43,*****
377,60.255,25.043,17.4,192105062000,250,7,***,42,*****
378,60.255,25.043,17.4,192105070600,270,5,***,45,*****
379,60.255,25.043,17.4,192105071300,200,11,***,51,*****
380,60.255,25.043,17.4,192105072000,200,11,***,43,*****
381,60.255,25.043,17.4,192105080600,180,11,***,44,*****
382,60.255,25.043,17.4,192105081300,200,9,***,56,*****
383,60.255,25.043,17.4,192105082000,160,7,***,49,*****
384,60.255,25.043,17.4,192105090600,180,11,***,48,*****
385,60.255,25.043,17.4,192105091300,110,7,***,60,*****
386,60.255,25.043,17.4,192105092000,250,5,***,55,*****
387,60.255,25.043,17.4,192105100600,200,5,***,54,*****
388,60.255,25.043,17.4,192105101300,160,7,***,63,*****
389,60.255,25.043,17.4,192105102000,140,5,***,58,*****
390,60.255,25.043,17.4,192105110600,250,7,***,55,*****
391,60.255,25.043,17.4,192105111300,230,7,***,66,*****
392,60.255,25.043,17.4,192105112000,230,5,***,56,*****
393,60.255,25.043,17.4,192105120600,050,7,***,58,*****
394,60.255,25.043,17.4,192105121300,320,7,***,53,*****
395,60.255,25.043,17.4,192105122000,230,5,***,52,*****
396,60.255,25.043,17.4,192105130600,320,9,***,49,*****
397,60.255,25.043,17.4,192105131300,230,9,***,54,*****
398,60.255,25.043,17.4,192105132000,230,7,***,49,*****
399,60.255,25.043,17.4,192105140600,230,9,***,51,*****
400,60.255,25.043,17.4,192105141300,200,9,***,58,*****
401,60.255,25.043,17.4,192105142000,230,7,***,53,*****
402,60.255,25.043,17.4,192105150600,230,9,***,53,*****
403,60.255,25.043,17.4,192105151300,230,11,***,62,*****
404,60.255,25.043,17.4,192105152000,230,7,***,58,*****
405,60.255,25.043,17.4,192105160600,160,5,***,57,*****
406,60.255,25.043,17.4,192105161300,270,9,***,64,*****
407,60.255,25.043,17.4,192105162000,290,16,***,50,*****
408,60.255,25.043,17.4,192105170600,290,11,***,53,*****
409,60.255,25.043,17.4,192105171300,320,11,***,66,*****
410,60.255,25.043,17.4,192105172000,320,7,***,59,*****
411,60.255,25.043,17.4,192105180600,140,5,***,55,*****
412,60.255,25.043,17.4,192105181300,140,7,***,58,*****
413,60.255,25.043,17.4,192105182000,110,9,***,54,*****
414,60.255,25.043,17.4,192105190600,180,5,***,56,*****
415,60.255,25.043,17.4,192105191300,070,7,***,62,*****
416,60.255,25.043,17.4,192105192000,070,7,***,55,*****
417,60.255,25.043,17.4,192105200600,160,7,***,57,*****
418,60.255,25.043,17.4,192105201300,230,7,***,61,*****
419,60.255,25.043,17.4,192105202000,140,9,***,57,*****
420,60.255,25.043,17.4,192105210600,320,5,***,53,*****
421,60.255,25.043,17.4,192105211300,230,7,***,56,*****
422,60.255,25.043,17.4,192105212000,290,11,***,55,*****
423,60.255,25.043,17.4,192105220600,320,7,***,55,*****
424,60.255,25.043,17.4,192105221300,230,11,***,60,*****
425,60.255,25.043,17.4,192105222000,230,9,***,55,*****
426,60.255,25.043,17.4,192105230600,230,9,***,52,*****
427,60.255,25.043,17.4,192105231300,320,14,***,65,*****
428,60.255,25.043,17.4,192105232000,340,11,***,52,*****
429,60.255,25.043,17.4,192105240600,320,7,***,51,*****
430,60.255,25.043,17.4,192105241300,230,14,***,57,*****
431,60.255,25.043,17.4,192105242000,230,9,***,51,*****
432,60.255,25.043,17.4,192105250600,230,16,***,51,*****
433,60.255,25.043,17.4,192105251300,230,16,***,56,*****
434,60.255,25.043,17.4,192105252000,230,9,***,53,*****
435,60.255,25.043,17.4,192105260600,230,5,***,57,*****
436,60.255,25.043,17.4,192105261300,160,7,***,62,*****
437,60.255,25.043,17.4,192105262000,070,7,***,55,*****
438,60.255,25.043,17.4,192105270600,090,7,***,58,*****
439,60.255,25.043,17.4,192105271300,070,9,***,66,*****
440,60.255,25.043,17.4,192105272000,110,9,***,60,*****
441,60.255,25.043,17.4,192105280600,090,7,***,60,*****
442,60.255,25.043,17.4,192105281300,090,11,***,58,*****
443,60.255,25.043,17.4,192105282000,090,7,***,56,*****
444,60.255,25.043,17.4,192105290600,230,7,***,55,*****
445,60.255,25.043,17.4,192105291300,070,9,***,65,*****
446,60.255,25.043,17.4,192105292000,090,7,***,59,*****
447,60.255,25.043,17.4,192105300600,230,5,***,58,*****
448,60.255,25.043,17.4,192105301300,230,11,***,60,*****
449,60.255,25.043,17.4,192105302000,230,9,***,55,*****
450,60.255,25.043,17.4,192105310600,230,5,***,57,*****
451,60.255,25.043,17.4,192105311300,230,9,***,62,*****
452,60.255,25.043,17.4,192105312000,160,7,***,55,*****
453,60.255,25.043,17.4,192106010600,140,5,***,61,*****
454,60.255,25.043,17.4,192106011300,230,5,***,69,*****
455,60.255,25.043,17.4,192106012000,230,7,***,65,*****
456,60.255,25.043,17.4,192106020600,340,5,***,65,*****
457,60.255,25.043,17.4,192106021300,230,11,***,70,*****
458,60.255,25.043,17.4,192106022000,230,7,***,66,*****
459,60.255,25.043,17.4,192106030600,320,2,***,65,*****
460,60.255,25.043,17.4,192106031300,230,9,***,66,*****
461,60.255,25.043,17.4,192106032000,320,14,***,67,*****
462,60.255,25.043,17.4,192106040600,320,11,***,59,*****
463,60.255,25.043,17.4,192106041300,290,11,***,70,*****
464,60.255,25.043,17.4,192106042000,270,5,***,62,*****
465,60.255,25.043,17.4,192106050600,230,11,***,58,*****
466,60.255,25.043,17.4,192106051300,340,16,***,56,*****
467,60.255,25.043,17.4,192106052000,340,14,***,50,*****
468,60.255,25.043,17.4,192106060600,340,14,***,51,*****
469,60.255,25.043,17.4,192106061300,340,18,***,56,*****
470,60.255,25.043,17.4,192106062000,320,9,***,49,*****
471,60.255,25.043,17.4,192106070600,290,7,***,51,*****
472,60.255,25.043,17.4,192106071300,230,9,***,54,*****
473,60.255,25.043,17.4,192106072000,340,5,***,53,*****
474,60.255,25.043,17.4,192106080600,360,7,***,56,*****
475,60.255,25.043,17.4,192106081300,230,9,***,60,*****
476,60.255,25.043,17.4,192106082000,230,7,***,58,*****
477,60.255,25.043,17.4,192106090600,320,7,***,58,*****
478,60.255,25.043,17.4,192106091300,230,14,***,64,*****
479,60.255,25.043,17.4,192106092000,230,7,***,56,*****
480,60.255,25.043,17.4,192106100600,160,9,***,58,*****
481,60.255,25.043,17.4,192106101300,090,9,***,67,*****
482,60.255,25.043,17.4,192106102000,160,11,***,62,*****
483,60.255,25.043,17.4,192106110600,230,7,***,55,*****
484,60.255,25.043,17.4,192106111300,140,9,***,62,*****
485,60.255,25.043,17.4,192106112000,090,7,***,57,*****
486,60.255,25.043,17.4,192106120600,270,5,***,52,*****
487,60.255,25.043,17.4,192106121300,140,7,***,58,*****
488,60.255,25.043,17.4,192106122000,090,5,***,56,*****
489,60.255,25.043,17.4,192106130600,230,9,***,56,*****
490,60.255,25.043,17.4,192106131300,230,9,***,61,*****
491,60.255,25.043,17.4,192106132000,230,9,***,53,*****
492,60.255,25.043,17.4,192106140600,230,7,***,51,*****
493,60.255,25.043,17.4,192106141300,230,11,***,58,*****
494,60.255,25.043,17.4,192106142000,230,9,***,55,*****
495,60.255,25.043,17.4,192106150600,320,9,***,58,*****
496,60.255,25.043,17.4,192106151300,230,14,***,61,*****
497,60.255,25.043,17.4,192106152000,230,9,***,58,*****
498,60.255,25.043,17.4,192106160600,270,2,***,53,*****
499,60.255,25.043,17.4,192106161300,320,11,***,60,*****
500,60.255,25.043,17.4,192106162000,320,11,***,56,*****
501,60.255,25.043,17.4,192106170600,320,9,***,55,*****
502,60.255,25.043,17.4,192106171300,230,11,***,60,*****
503,60.255,25.043,17.4,192106172000,230,7,***,55,*****
504,60.255,25.043,17.4,192106180600,140,9,***,55,*****
505,60.255,25.043,17.4,192106181300,070,9,***,62,*****
506,60.255,25.043,17.4,192106182000,050,7,***,57,*****
507,60.255,25.043,17.4,192106190600,070,7,***,58,*****
508,60.255,25.043,17.4,192106191300,230,14,***,59,*****
509,60.255,25.043,17.4,192106192000,230,9,***,54,*****
510,60.255,25.043,17.4,192106200600,230,11,***,54,*****
511,60.255,25.043,17.4,192106201300,230,14,***,57,*****
512,60.255,25.043,17.4,192106202000,230,7,***,52,*****
513,60.255,25.043,17.4,192106210600,230,14,***,54,*****
514,60.255,25.043,17.4,192106211300,230,9,***,59,*****
515,60.255,25.043,17.4,192106212000,160,9,***,55,*****
516,60.255,25.043,17.4,192106220600,090,7,***,54,*****
517,60.255,25.043,17.4,192106221300,090,7,***,60,*****
518,60.255,25.043,17.4,192106222000,320,7,***,57,*****
519,60.255,25.043,17.4,192106230600,320,11,***,52,*****
520,60.255,25.043,17.4,192106231300,320,11,***,66,*****
521,60.255,25.043,17.4,192106232000,290,11,***,59,*****
522,60.255,25.043,17.4,192106240600,320,7,***,57,*****
523,60.255,25.043,17.4,192106241300,230,9,***,62,*****
524,60.255,25.043,17.4,192106242000,050,7,***,65,*****
525,60.255,25.043,17.4,192106250600,340,18,***,62,*****
526,60.255,25.043,17.4,192106251300,340,16,***,62,*****
527,60.255,25.043,17.4,192106252000,050,9,***,63,*****
528,60.255,25.043,17.4,192106260600,320,7,***,63,*****
529,60.255,25.043,17.4,192106261300,230,11,***,67,*****
530,60.255,25.043,17.4,192106262000,230,7,***,59,*****
531,60.255,25.043,17.4,192106270600,230,7,***,63,*****
532,60.255,25.043,17.4,192106271300,230,7,***,67,*****
533,60.255,25.043,17.4,192106272000,230,9,***,59,*****
534,60.255,25.043,17.4,192106280600,230,5,***,57,*****
535,60.255,25.043,17.4,192106281300,230,5,***,65,*****
536,60.255,25.043,17.4,192106282000,320,14,***,55,*****
537,60.255,25.043,17.4,192106290600,290,19,***,47,*****
538,60.255,25.043,17.4,192106291300,320,18,***,48,*****
539,60.255,25.043,17.4,192106292000,270,14,***,47,*****
540,60.255,25.043,17.4,192106300600,360,7,***,51,*****
541,60.255,25.043,17.4,192106301300,090,7,***,57,*****
542,60.255,25.043,17.4,192106302000,090,7,***,54,*****
543,60.255,25.043,17.4,192107010600,050,9,***,57,*****
544,60.255,25.043,17.4,192107011300,140,7,***,64,*****
545,60.255,25.043,17.4,192107012000,090,5,***,59,*****
546,60.255,25.043,17.4,192107020600,090,5,***,57,*****
547,60.255,25.043,17.4,192107021300,140,7,***,59,*****
548,60.255,25.043,17.4,192107022000,090,5,***,58,*****
549,60.255,25.043,17.4,192107030600,050,7,***,61,*****
550,60.255,25.043,17.4,192107031300,050,7,***,69,*****
551,60.255,25.043,17.4,192107032000,180,7,***,63,*****
552,60.255,25.043,17.4,192107040600,020,5,***,67,*****
553,60.255,25.043,17.4,192107041300,230,11,***,71,*****
554,60.255,25.043,17.4,192107042000,230,7,***,64,*****
555,60.255,25.043,17.4,192107050600,250,7,***,60,*****
556,60.255,25.043,17.4,192107051300,230,14,***,64,*****
557,60.255,25.043,17.4,192107052000,230,7,***,59,*****
558,60.255,25.043,17.4,192107060600,320,7,***,54,*****
559,60.255,25.043,17.4,192107061300,320,9,***,58,*****
560,60.255,25.043,17.4,192107062000,320,7,***,56,*****
561,60.255,25.043,17.4,192107070600,320,9,***,58,*****
562,60.255,25.043,17.4,192107071300,270,9,***,64,*****
563,60.255,25.043,17.4,192107072000,270,5,***,58,*****
564,60.255,25.043,17.4,192107080600,340,5,***,60,*****
565,60.255,25.043,17.4,192107081300,200,9,***,66,*****
566,60.255,25.043,17.4,192107082000,270,7,***,61,*****
567,60.255,25.043,17.4,192107090600,200,7,***,61,*****
568,60.255,25.043,17.4,192107091300,230,9,***,66,*****
569,60.255,25.043,17.4,192107092000,230,5,***,60,*****
570,60.255,25.043,17.4,192107100600,320,9,***,58,*****
571,60.255,25.043,17.4,192107101300,270,7,***,62,*****
572,60.255,25.043,17.4,192107102000,230,2,***,59,*****
573,60.255,25.043,17.4,192107110600,320,9,***,56,*****
574,60.255,25.043,17.4,192107111300,230,14,***,63,*****
575,60.255,25.043,17.4,192107112000,180,9,***,59,*****
576,60.255,25.043,17.4,192107120600,020,7,***,58,*****
577,60.255,25.043,17.4,192107121300,230,11,***,56,*****
578,60.255,25.043,17.4,192107122000,290,24,***,53,*****
579,60.255,25.043,17.4,192107130600,290,18,***,53,*****
580,60.255,25.043,17.4,192107131300,270,22,***,49,*****
581,60.255,25.043,17.4,192107132000,270,11,***,49,*****
582,60.255,25.043,17.4,192107140600,270,18,***,51,*****
583,60.255,25.043,17.4,192107141300,320,9,***,59,*****
584,60.255,25.043,17.4,192107142000,320,14,***,53,*****
585,60.255,25.043,17.4,192107150600,320,14,***,56,*****
586,60.255,25.043,17.4,192107151300,320,16,***,56,*****
587,60.255,25.043,17.4,192107152000,340,7,***,54,*****
588,60.255,25.043,17.4,192107160600,340,9,***,56,*****
589,60.255,25.043,17.4,192107161300,230,11,***,60,*****
590,60.255,25.043,17.4,192107162000,230,5,***,54,*****
591,60.255,25.043,17.4,192107170600,320,7,***,58,*****
592,60.255,25.043,17.4,192107171300,320,11,***,63,*****
593,60.255,25.043,17.4,192107172000,320,5,***,53,*****
594,60.255,25.043,17.4,192107180600,360,9,***,56,*****
595,60.255,25.043,17.4,192107181300,250,7,***,64,*****
596,60.255,25.043,17.4,192107182000,230,2,***,58,*****
597,60.255,25.043,17.4,192107190600,320,7,***,53,*****
598,60.255,25.043,17.4,192107191300,320,11,***,61,*****
599,60.255,25.043,17.4,192107192000,320,7,***,56,*****
600,60.255,25.043,17.4,192107200600,320,7,***,56,*****
601,60.255,25.043,17.4,192107201300,270,5,***,62,*****
602,60.255,25.043,17.4,192107202000,230,5,***,56,*****
603,60.255,25.043,17.4,192107210600,050,5,***,56,*****
604,60.255,25.043,17.4,192107211300,160,9,***,60,*****
605,60.255,25.043,17.4,192107212000,070,5,***,56,*****
606,60.255,25.043,17.4,192107220600,050,7,***,58,*****
607,60.255,25.043,17.4,192107221300,140,7,***,64,*****
608,60.255,25.043,17.4,192107222000,200,5,***,59,*****
609,60.255,25.043,17.4,192107230600,230,7,***,59,*****
610,60.255,25.043,17.4,192107231300,140,9,***,58,*****
611,60.255,25.043,17.4,192107232000,230,16,***,55,*****
612,60.255,25.043,17.4,192107240600,250,14,***,57,*****
613,60.255,25.043,17.4,192107241300,250,16,***,57,*****
614,60.255,25.043,17.4,192107242000,230,11,***,54,*****
615,60.255,25.043,17.4,192107250600,230,11,***,57,*****
616,60.255,25.043,17.4,192107251300,270,16,***,54,*****
617,60.255,25.043,17.4,192107252000,270,16,***,55,*****
618,60.255,25.043,17.4,192107260600,290,11,***,60,*****
619,60.255,25.043,17.4,192107261300,230,11,***,66,*****
620,60.255,25.043,17.4,192107262000,230,9,***,61,*****
621,60.255,25.043,17.4,192107270600,230,9,***,56,*****
622,60.255,25.043,17.4,192107271300,200,9,***,61,*****
623,60.255,25.043,17.4,192107272000,200,7,***,56,*****
624,60.255,25.043,17.4,192107280600,250,7,***,59,*****
625,60.255,25.043,17.4,192107281300,200,14,***,59,*****
626,60.255,25.043,17.4,192107282000,230,9,***,57,*****
627,60.255,25.043,17.4,192107290600,320,5,***,58,*****
628,60.255,25.043,17.4,192107291300,250,9,***,64,*****
629,60.255,25.043,17.4,192107292000,230,5,***,59,*****
630,60.255,25.043,17.4,192107300600,090,11,***,58,*****
631,60.255,25.043,17.4,192107301300,090,9,***,57,*****
632,60.255,25.043,17.4,192107302000,230,9,***,55,*****
633,60.255,25.043,17.4,192107310600,250,16,***,53,*****
634,60.255,25.043,17.4,192107311300,250,18,***,62,*****
635,60.255,25.043,17.4,192107312000,270,9,***,57,*****
636,60.255,25.043,17.4,192108010600,230,7,***,53,*****
637,60.255,25.043,17.4,192108011300,250,9,***,62,*****
638,60.255,25.043,17.4,192108012000,250,7,***,60,*****
639,60.255,25.043,17.4,192108020600,230,2,***,55,*****
640,60.255,25.043,17.4,192108021300,250,11,***,65,*****
641,60.255,25.043,17.4,192108022000,230,7,***,60,*****
642,60.255,25.043,17.4,192108030600,230,2,***,60,*****
643,60.255,25.043,17.4,192108031300,200,7,***,68,*****
644,60.255,25.043,17.4,192108032000,140,7,***,63,*****
645,60.255,25.043,17.4,192108040600,200,5,***,67,*****
646,60.255,25.043,17.4,192108041300,180,7,***,80,*****
647,60.255,25.043,17.4,192108042000,140,7,***,69,*****
648,60.255,25.043,17.4,192108050600,270,14,***,60,*****
649,60.255,25.043,17.4,192108051300,230,14,***,61,*****
650,60.255,25.043,17.4,192108052000,230,9,***,58,*****
651,60.255,25.043,17.4,192108060600,200,7,***,56,*****
652,60.255,25.043,17.4,192108061300,160,11,***,57,*****
653,60.255,25.043,17.4,192108062000,180,14,***,57,*****
654,60.255,25.043,17.4,192108070600,200,7,***,56,*****
655,60.255,25.043,17.4,192108071300,250,14,***,59,*****
656,60.255,25.043,17.4,192108072000,180,7,***,55,*****
657,60.255,25.043,17.4,192108080600,270,11,***,51,*****
658,60.255,25.043,17.4,192108081300,200,16,***,56,*****
659,60.255,25.043,17.4,192108082000,230,9,***,53,*****
660,60.255,25.043,17.4,192108090600,230,9,***,56,*****
661,60.255,25.043,17.4,192108091300,200,14,***,58,*****
662,60.255,25.043,17.4,192108092000,180,7,***,54,*****
663,60.255,25.043,17.4,192108100600,160,2,***,54,*****
664,60.255,25.043,17.4,192108101300,180,11,***,59,*****
665,60.255,25.043,17.4,192108102000,230,5,***,55,*****
666,60.255,25.043,17.4,192108110600,320,5,***,55,*****
667,60.255,25.043,17.4,192108111300,270,9,***,67,*****
668,60.255,25.043,17.4,192108112000,180,7,***,60,*****
669,60.255,25.043,17.4,192108120600,290,5,***,58,*****
670,60.255,25.043,17.4,192108121300,230,7,***,62,*****
671,60.255,25.043,17.4,192108122000,140,5,***,58,*****
672,60.255,25.043,17.4,192108130600,090,9,***,61,*****
673,60.255,25.043,17.4,192108131300,070,16,***,66,*****
674,60.255,25.043,17.4,192108132000,070,11,***,65,*****
675,60.255,25.043,17.4,192108140600,090,9,***,62,*****
676,60.255,25.043,17.4,192108141300,070,11,***,67,*****
677,60.255,25.043,17.4,192108142000,090,9,***,67,*****
678,60.255,25.043,17.4,192108150600,070,7,***,62,*****
679,60.255,25.043,17.4,192108151300,230,11,***,63,*****
680,60.255,25.043,17.4,192108152000,140,2,***,59,*****
681,60.255,25.043,17.4,192108160600,200,7,***,60,*****
682,60.255,25.043,17.4,192108161300,160,7,***,67,*****
683,60.255,25.043,17.4,192108162000,160,7,***,60,*****
684,60.255,25.043,17.4,192108170600,200,5,***,60,*****
685,60.255,25.043,17.4,192108171300,230,11,***,63,*****
686,60.255,25.043,17.4,192108172000,230,9,***,56,*****
687,60.255,25.043,17.4,192108180600,250,7,***,58,*****
688,60.255,25.043,17.4,192108181300,200,11,***,63,*****
689,60.255,25.043,17.4,192108182000,200,5,***,58,*****
690,60.255,25.043,17.4,192108190600,340,9,***,57,*****
691,60.255,25.043,17.4,192108191300,050,11,***,64,*****
692,60.255,25.043,17.4,192108192000,050,5,***,56,*****
693,60.255,25.043,17.4,192108200600,050,5,***,54,*****
694,60.255,25.043,17.4,192108201300,200,11,***,64,*****
695,60.255,25.043,17.4,192108202000,230,5,***,62,*****
696,60.255,25.043,17.4,192108210600,250,5,***,58,*****
697,60.255,25.043,17.4,192108211300,250,9,***,66,*****
698,60.255,25.043,17.4,192108212000,230,7,***,61,*****
699,60.255,25.043,17.4,192108220600,290,7,***,57,*****
700,60.255,25.043,17.4,192108221300,200,9,***,67,*****
701,60.255,25.043,17.4,192108222000,250,7,***,66,*****
702,60.255,25.043,17.4,192108230600,090,9,***,55,*****
703,60.255,25.043,17.4,192108231300,180,7,***,63,*****
704,60.255,25.043,17.4,192108232000,200,5,***,57,*****
705,60.255,25.043,17.4,192108240600,070,5,***,52,*****
706,60.255,25.043,17.4,192108241300,200,9,***,61,*****
707,60.255,25.043,17.4,192108242000,230,5,***,58,*****
708,60.255,25.043,17.4,192108250600,200,9,***,58,*****
709,60.255,25.043,17.4,192108251300,090,11,***,60,*****
710,60.255,25.043,17.4,192108252000,140,9,***,60,*****
711,60.255,25.043,17.4,192108260600,180,11,***,58,*****
712,60.255,25.043,17.4,192108261300,140,11,***,64,*****
713,60.255,25.043,17.4,192108262000,140,14,***,61,*****
714,60.255,25.043,17.4,192108270600,180,7,***,57,*****
715,60.255,25.043,17.4,192108271300,270,9,***,62,*****
716,60.255,25.043,17.4,192108272000,180,7,***,57,*****
717,60.255,25.043,17.4,192108280600,250,14,***,58,*****
718,60.255,25.043,17.4,192108281300,230,18,***,58,*****
719,60.255,25.043,17.4,192108282000,320,11,***,52,*****
720,60.255,25.043,17.4,192108290600,250,7,***,54,*****
721,60.255,25.043,17.4,192108291300,230,9,***,62,*****
722,60.255,25.043,17.4,192108292000,140,7,***,57,*****
723,60.255,25.043,17.4,192108300600,110,7,***,60,*****
724,60.255,25.043,17.4,192108301300,250,14,***,65,*****
725,60.255,25.043,17.4,192108302000,160,14,***,58,*****
726,60.255,25.043,17.4,192108310600,270,18,***,53,*****
727,60.255,25.043,17.4,192108311300,270,18,***,53,*****
728,60.255,25.043,17.4,192108312000,270,11,***,50,*****
729,60.255,25.043,17.4,192109010600,200,7,***,49,*****
730,60.255,25.043,17.4,192109011300,200,7,***,52,*****
731,60.255,25.043,17.4,192109012000,270,9,***,49,*****
732,60.255,25.043,17.4,192109020600,270,7,***,48,*****
733,60.255,25.043,17.4,192109021300,230,11,***,58,*****
734,60.255,25.043,17.4,192109022000,230,7,***,51,*****
735,60.255,25.043,17.4,192109030600,160,7,***,54,*****
736,60.255,25.043,17.4,192109031300,160,9,***,58,*****
737,60.255,25.043,17.4,192109032000,160,7,***,55,*****
738,60.255,25.043,17.4,192109040600,250,5,***,53,*****
739,60.255,25.043,17.4,192109041300,050,5,***,56,*****
740,60.255,25.043,17.4,192109042000,340,7,***,53,*****
741,60.255,25.043,17.4,192109050600,050,7,***,51,*****
742,60.255,25.043,17.4,192109051300,050,14,***,56,*****
743,60.255,25.043,17.4,192109052000,270,7,***,54,*****
744,60.255,25.043,17.4,192109060600,050,7,***,47,*****
745,60.255,25.043,17.4,192109061300,160,9,***,56,*****
746,60.255,25.043,17.4,192109062000,180,7,***,54,*****
747,60.255,25.043,17.4,192109070600,200,9,***,53,*****
748,60.255,25.043,17.4,192109071300,200,9,***,55,*****
749,60.255,25.043,17.4,192109072000,230,5,***,56,*****
750,60.255,25.043,17.4,192109080600,230,7,***,53,*****
751,60.255,25.043,17.4,192109081300,200,14,***,61,*****
752,60.255,25.043,17.4,192109082000,230,7,***,57,*****
753,60.255,25.043,17.4,192109090600,200,9,***,56,*****
754,60.255,25.043,17.4,192109091300,230,11,***,58,*****
755,60.255,25.043,17.4,192109092000,230,11,***,58,*****
756,60.255,25.043,17.4,192109100600,270,7,***,55,*****
757,60.255,25.043,17.4,192109101300,250,9,***,58,*****
758,60.255,25.043,17.4,192109102000,180,7,***,58,*****
759,60.255,25.043,17.4,192109110600,180,11,***,57,*****
760,60.255,25.043,17.4,192109111300,230,7,***,63,*****
761,60.255,25.043,17.4,192109112000,180,16,***,****,*****
762,60.255,25.043,17.4,192109120600,180,14,***,57,*****
763,60.255,25.043,17.4,192109121300,200,16,***,59,*****
764,60.255,25.043,17.4,192109122000,180,11,***,57,*****
765,60.255,25.043,17.4,192109130600,180,5,***,55,*****
766,60.255,25.043,17.4,192109131300,140,5,***,53,*****
767,60.255,25.043,17.4,192109132000,230,7,***,50,*****
768,60.255,25.043,17.4,192109140600,320,7,***,47,*****
769,60.255,25.043,17.4,192109141300,230,11,***,52,*****
770,60.255,25.043,17.4,192109142000,270,11,***,48,*****
771,60.255,25.043,17.4,192109150600,250,9,***,53,*****
772,60.255,25.043,17.4,192109151300,230,9,***,50,*****
773,60.255,25.043,17.4,192109152000,270,9,***,48,*****
774,60.255,25.043,17.4,192109160600,270,2,***,48,*****
775,60.255,25.043,17.4,192109161300,270,5,***,56,*****
776,60.255,25.043,17.4,192109162000,360,9,***,51,*****
777,60.255,25.043,17.4,192109170600,320,11,***,47,*****
778,60.255,25.043,17.4,192109171300,360,16,***,47,*****
779,60.255,25.043,17.4,192109172000,340,14,***,44,*****
780,60.255,25.043,17.4,192109180600,340,9,***,39,*****
781,60.255,25.043,17.4,192109181300,320,11,***,48,*****
782,60.255,25.043,17.4,192109182000,320,5,***,42,*****
783,60.255,25.043,17.4,192109190600,320,9,***,43,*****
784,60.255,25.043,17.4,192109191300,340,9,***,51,*****
785,60.255,25.043,17.4,192109192000,320,5,***,43,*****
786,60.255,25.043,17.4,192109200600,290,9,***,40,*****
787,60.255,25.043,17.4,192109201300,290,14,***,58,*****
788,60.255,25.043,17.4,192109202000,320,11,***,49,*****
789,60.255,25.043,17.4,192109210600,270,5,***,43,*****
790,60.255,25.043,17.4,192109211300,250,16,***,56,*****
791,60.255,25.043,17.4,192109212000,250,9,***,50,*****
792,60.255,25.043,17.4,192109220600,230,7,***,51,*****
793,60.255,25.043,17.4,192109221300,230,11,***,57,*****
794,60.255,25.043,17.4,192109222000,230,11,***,54,*****
795,60.255,25.043,17.4,192109230600,270,18,***,55,*****
796,60.255,25.043,17.4,192109231300,290,14,***,61,*****
797,60.255,25.043,17.4,192109232000,250,11,***,51,*****
798,60.255,25.043,17.4,192109240600,270,11,***,50,*****
799,60.255,25.043,17.4,192109241300,290,18,***,55,*****
800,60.255,25.043,17.4,192109242000,290,11,***,45,*****
801,60.255,25.043,17.4,192109250600,290,14,***,42,*****
802,60.255,25.043,17.4,192109251300,320,16,***,46,*****
803,60.255,25.043,17.4,192109252000,320,11,***,40,*****
804,60.255,25.043,17.4,192109260600,340,14,***,41,*****
805,60.255,25.043,17.4,192109261300,320,18,***,47,*****
806,60.255,25.043,17.4,192109262000,320,11,***,42,*****
807,60.255,25.043,17.4,192109270600,340,11,***,38,*****
808,60.255,25.043,17.4,192109271300,290,11,***,46,*****
809,60.255,25.043,17.4,192109272000,340,5,***,38,*****
810,60.255,25.043,17.4,192109280600,230,11,***,47,*****
811,60.255,25.043,17.4,192109281300,230,11,***,50,*****
812,60.255,25.043,17.4,192109282000,230,16,***,53,*****
813,60.255,25.043,17.4,192109290600,250,14,***,44,*****
814,60.255,25.043,17.4,192109291300,270,16,***,49,*****
815,60.255,25.043,17.4,192109292000,270,11,***,41,*****
816,60.255,25.043,17.4,192109300600,320,16,***,40,*****
817,60.255,25.043,17.4,192109301300,290,19,***,45,*****
818,60.255,25.043,17.4,192109302000,290,14,***,37,*****
819,60.255,25.043,17.4,192110010600,270,5,***,34,*****
820,60.255,25.043,17.4,192110011300,250,7,***,44,*****
821,60.255,25.043,17.4,192110012000,230,9,***,46,*****
822,60.255,25.043,17.4,192110020600,290,9,***,46,*****
823,60.255,25.043,17.4,192110021300,290,9,***,54,*****
824,60.255,25.043,17.4,192110022000,230,7,***,45,*****
825,60.255,25.043,17.4,192110030600,230,5,***,45,*****
826,60.255,25.043,17.4,192110031300,200,9,***,50,*****
827,60.255,25.043,17.4,192110032000,200,14,***,53,*****
828,60.255,25.043,17.4,192110040600,200,14,***,51,*****
829,60.255,25.043,17.4,192110041300,290,29,***,38,*****
830,60.255,25.043,17.4,192110042000,290,26,***,39,*****
831,60.255,25.043,17.4,192110050600,290,19,***,35,*****
832,60.255,25.043,17.4,192110051300,290,19,***,47,*****
833,60.255,25.043,17.4,192110052000,290,14,***,40,*****
834,60.255,25.043,17.4,192110060600,290,7,***,34,*****
835,60.255,25.043,17.4,192110061300,200,7,***,46,*****
836,60.255,25.043,17.4,192110062000,200,7,***,46,*****
837,60.255,25.043,17.4,192110070600,250,7,***,44,*****
838,60.255,25.043,17.4,192110071300,200,9,***,53,*****
839,60.255,25.043,17.4,192110072000,200,9,***,49,*****
840,60.255,25.043,17.4,192110080600,200,14,***,49,*****
841,60.255,25.043,17.4,192110081300,250,7,***,50,*****
842,60.255,25.043,17.4,192110082000,290,14,***,47,*****
843,60.255,25.043,17.4,192110090600,290,9,***,40,*****
844,60.255,25.043,17.4,192110091300,320,14,***,51,*****
845,60.255,25.043,17.4,192110092000,320,9,***,41,*****
846,60.255,25.043,17.4,192110100600,360,5,***,36,*****
847,60.255,25.043,17.4,192110101300,320,5,***,42,*****
848,60.255,25.043,17.4,192110102000,180,7,***,45,*****
849,60.255,25.043,17.4,192110110600,200,14,***,46,*****
850,60.255,25.043,17.4,192110111300,200,14,***,48,*****
851,60.255,25.043,17.4,192110112000,290,18,***,44,*****
852,60.255,25.043,17.4,192110120600,320,7,***,36,*****
853,60.255,25.043,17.4,192110121300,320,5,***,49,*****
854,60.255,25.043,17.4,192110122000,230,7,***,44,*****
855,60.255,25.043,17.4,192110130600,250,9,***,47,*****
856,60.255,25.043,17.4,192110131300,250,5,***,49,*****
857,60.255,25.043,17.4,192110132000,250,5,***,46,*****
858,60.255,25.043,17.4,192110140600,180,7,***,45,*****
859,60.255,25.043,17.4,192110141300,200,14,***,51,*****
860,60.255,25.043,17.4,192110142000,230,19,***,50,*****
861,60.255,25.043,17.4,192110150600,290,19,***,40,*****
862,60.255,25.043,17.4,192110151300,290,22,***,43,*****
863,60.255,25.043,17.4,192110152000,290,9,***,37,*****
864,60.255,25.043,17.4,192110160600,200,7,***,44,*****
865,60.255,25.043,17.4,192110161300,200,9,***,50,*****
866,60.255,25.043,17.4,192110162000,250,7,***,47,*****
867,60.255,25.043,17.4,192110170600,290,11,***,49,*****
868,60.255,25.043,17.4,192110171300,290,19,***,48,*****
869,60.255,25.043,17.4,192110172000,290,11,***,40,*****
870,60.255,25.043,17.4,192110180600,230,14,***,46,*****
871,60.255,25.043,17.4,192110181300,290,14,***,51,*****
872,60.255,25.043,17.4,192110182000,250,9,***,45,*****
873,60.255,25.043,17.4,192110190600,180,2,***,48,*****
874,60.255,25.043,17.4,192110191300,230,9,***,50,*****
875,60.255,25.043,17.4,192110192000,200,7,***,50,*****
876,60.255,25.043,17.4,192110200600,250,9,***,52,*****
877,60.255,25.043,17.4,192110201300,200,9,***,50,*****
878,60.255,25.043,17.4,192110202000,270,22,***,45,*****
879,60.255,25.043,17.4,192110210600,200,9,***,43,*****
880,60.255,25.043,17.4,192110211300,230,16,***,47,*****
881,60.255,25.043,17.4,192110212000,230,16,***,47,*****
882,60.255,25.043,17.4,192110220600,250,19,***,41,*****
883,60.255,25.043,17.4,192110221300,290,26,***,40,*****
884,60.255,25.043,17.4,192110222000,290,22,***,35,*****
885,60.255,25.043,17.4,192110230600,290,14,***,33,*****
886,60.255,25.043,17.4,192110231300,320,7,***,36,*****
887,60.255,25.043,17.4,192110232000,070,14,***,34,*****
888,60.255,25.043,17.4,192110240600,070,18,***,34,*****
889,60.255,25.043,17.4,192110241300,050,22,***,33,*****
890,60.255,25.043,17.4,192110242000,290,18,***,28,*****
891,60.255,25.043,17.4,192110250600,320,2,***,18,*****
892,60.255,25.043,17.4,192110251300,320,2,***,26,*****
893,60.255,25.043,17.4,192110252000,180,7,***,33,*****
894,60.255,25.043,17.4,192110260600,180,16,***,37,*****
895,60.255,25.043,17.4,192110261300,290,11,***,37,*****
896,60.255,25.043,17.4,192110262000,320,11,***,33,*****
897,60.255,25.043,17.4,192110270600,050,9,***,31,*****
898,60.255,25.043,17.4,192110271300,140,11,***,35,*****
899,60.255,25.043,17.4,192110272000,180,9,***,33,*****
900,60.255,25.043,17.4,192110280600,180,11,***,35,*****
901,60.255,25.043,17.4,192110281300,160,14,***,35,*****
902,60.255,25.043,17.4,192110282000,180,11,***,35,*****
903,60.255,25.043,17.4,192110290600,***,0,***,32,*****
904,60.255,25.043,17.4,192110291300,320,7,***,34,*****
905,60.255,25.043,17.4,192110292000,320,7,***,33,*****
906,60.255,25.043,17.4,192110300600,290,11,***,28,*****
907,60.255,25.043,17.4,192110301300,290,18,***,28,*****
908,60.255,25.043,17.4,192110302000,290,14,***,23,*****
909,60.255,25.043,17.4,192110310600,320,5,***,19,*****
910,60.255,25.043,17.4,192110311300,200,14,***,32,*****
911,60.255,25.043,17.4,192110312000,230,14,***,39,*****
912,60.255,25.043,17.4,192111010600,230,16,***,45,*****
913,60.255,25.043,17.4,192111011300,230,19,***,46,*****
914,60.255,25.043,17.4,192111012000,250,11,***,40,*****
915,60.255,25.043,17.4,192111020600,250,11,***,32,*****
916,60.255,25.043,17.4,192111021300,250,14,***,32,*****
917,60.255,25.043,17.4,192111022000,290,18,***,31,*****
918,60.255,25.043,17.4,192111030600,290,16,***,31,*****
919,60.255,25.043,17.4,192111031300,290,19,***,31,*****
920,60.255,25.043,17.4,192111032000,290,18,***,28,*****
921,60.255,25.043,17.4,192111040600,320,9,***,20,*****
922,60.255,25.043,17.4,192111041300,320,7,***,26,*****
923,60.255,25.043,17.4,192111042000,320,5,***,22,*****
924,60.255,25.043,17.4,192111050600,070,5,***,20,*****
925,60.255,25.043,17.4,192111051300,140,18,***,32,*****
926,60.255,25.043,17.4,192111052000,140,18,***,32,*****
927,60.255,25.043,17.4,192111060600,070,16,***,28,*****
928,60.255,25.043,17.4,192111061300,340,16,***,27,*****
929,60.255,25.043,17.4,192111062000,290,11,***,23,*****
930,60.255,25.043,17.4,192111070600,020,7,***,13,*****
931,60.255,25.043,17.4,192111071300,050,11,***,19,*****
932,60.255,25.043,17.4,192111072000,050,16,***,17,*****
933,60.255,25.043,17.4,192111080600,360,18,***,19,*****
934,60.255,25.043,17.4,192111081300,290,16,***,22,*****
935,60.255,25.043,17.4,192111082000,290,14,***,16,*****
936,60.255,25.043,17.4,192111090600,320,7,***,11,*****
937,60.255,25.043,17.4,192111091300,320,7,***,21,*****
938,60.255,25.043,17.4,192111092000,320,5,***,18,*****
939,60.255,25.043,17.4,192111100600,180,7,***,30,*****
940,60.255,25.043,17.4,192111101300,230,5,***,31,*****
941,60.255,25.043,17.4,192111102000,180,11,***,34,*****
942,60.255,25.043,17.4,192111110600,200,11,***,35,*****
943,60.255,25.043,17.4,192111111300,230,9,***,35,*****
944,60.255,25.043,17.4,192111112000,230,7,***,31,*****
945,60.255,25.043,17.4,192111120600,180,7,***,31,*****
946,60.255,25.043,17.4,192111121300,090,14,***,33,*****
947,60.255,25.043,17.4,192111122000,110,16,***,29,*****
948,60.255,25.043,17.4,192111130600,160,9,***,26,*****
949,60.255,25.043,17.4,192111131300,110,7,***,29,*****
950,60.255,25.043,17.4,192111132000,180,9,***,30,*****
951,60.255,25.043,17.4,192111140600,160,7,***,31,*****
952,60.255,25.043,17.4,192111141300,090,9,***,32,*****
953,60.255,25.043,17.4,192111142000,180,7,***,33,*****
954,60.255,25.043,17.4,192111150600,140,7,***,33,*****
955,60.255,25.043,17.4,192111151300,180,7,***,32,*****
956,60.255,25.043,17.4,192111152000,180,7,***,32,*****
957,60.255,25.043,17.4,192111160600,090,7,***,33,*****
958,60.255,25.043,17.4,192111161300,090,7,***,33,*****
959,60.255,25.043,17.4,192111162000,070,9,***,33,*****
960,60.255,25.043,17.4,192111170600,050,9,***,27,*****
961,60.255,25.043,17.4,192111171300,070,7,***,34,*****
962,60.255,25.043,17.4,192111172000,070,9,***,33,*****
963,60.255,25.043,17.4,192111180600,090,7,***,33,*****
964,60.255,25.043,17.4,192111181300,090,7,***,32,*****
965,60.255,25.043,17.4,192111182000,070,7,***,30,*****
966,60.255,25.043,17.4,192111190600,050,9,***,23,*****
967,60.255,25.043,17.4,192111191300,050,11,***,24,*****
968,60.255,25.043,17.4,192111192000,070,11,***,26,*****
969,60.255,25.043,17.4,192111200600,020,9,***,24,*****
970,60.255,25.043,17.4,192111201300,070,16,***,28,*****
971,60.255,25.043,17.4,192111202000,110,11,***,26,*****
972,60.255,25.043,17.4,192111210600,070,5,***,15,*****
973,60.255,25.043,17.4,192111211300,050,5,***,19,*****
974,60.255,25.043,17.4,192111212000,050,5,***,14,*****
975,60.255,25.043,17.4,192111220600,050,2,***,11,*****
976,60.255,25.043,17.4,192111221300,070,2,***,15,*****
977,60.255,25.043,17.4,192111222000,***,0,***,17,*****
978,60.255,25.043,17.4,192111230600,***,0,***,25,*****
979,60.255,25.043,17.4,192111231300,320,5,***,23,*****
980,60.255,25.043,17.4,192111232000,320,2,***,22,*****
981,60.255,25.043,17.4,192111240600,320,2,***,23,*****
982,60.255,25.043,17.4,192111241300,230,11,***,35,*****
983,60.255,25.043,17.4,192111242000,230,16,***,36,*****
984,60.255,25.043,17.4,192111250600,230,16,***,35,*****
985,60.255,25.043,17.4,192111251300,250,11,***,35,*****
986,60.255,25.043,17.4,192111252000,250,7,***,35,*****
987,60.255,25.043,17.4,192111260600,290,7,***,35,*****
988,60.255,25.043,17.4,192111261300,270,11,***,28,*****
989,60.255,25.043,17.4,192111262000,290,9,***,24,*****
990,60.255,25.043,17.4,192111270600,270,11,***,31,*****
991,60.255,25.043,17.4,192111271300,270,11,***,30,*****
992,60.255,25.043,17.4,192111272000,290,9,***,21,*****
993,60.255,25.043,17.4,192111280600,360,5,***,14,*****
994,60.255,25.043,17.4,192111281300,320,5,***,20,*****
995,60.255,25.043,17.4,192111282000,340,5,***,13,*****
996,60.255,25.043,17.4,192111290600,340,5,***,8,*****
997,60.255,25.043,17.4,192111291300,320,5,***,17,*****
998,60.255,25.043,17.4,192111292000,270,7,***,20,*****
999,60.255,25.043,17.4,192111300600,270,5,***,19,*****
1000,60.255,25.043,17.4,192111301300,320,14,***,21,*****
1001,60.255,25.043,17.4,192111302000,320,16,***,10,*****
1002,60.255,25.043,17.4,192112010600,340,7,***,5,*****
1003,60.255,25.043,17.4,192112011300,320,11,***,14,*****
1004,60.255,25.043,17.4,192112012000,320,7,***,14,*****
1005,60.255,25.043,17.4,192112020600,270,5,***,16,*****
1006,60.255,25.043,17.4,192112021300,250,9,***,27,*****
1007,60.255,25.043,17.4,192112022000,230,7,***,29,*****
1008,60.255,25.043,17.4,192112030600,320,11,***,29,*****
1009,60.255,25.043,17.4,192112031300,320,18,***,21,*****
1010,60.255,25.043,17.4,192112032000,320,7,***,11,*****
1011,60.255,25.043,17.4,192112040600,270,14,***,30,*****
1012,60.255,25.043,17.4,192112041300,290,9,***,35,*****
1013,60.255,25.043,17.4,192112042000,270,14,***,34,*****
1014,60.255,25.043,17.4,192112050600,270,11,***,31,*****
1015,60.255,25.043,17.4,192112051300,270,9,***,30,*****
1016,60.255,25.043,17.4,192112052000,270,9,***,32,*****
1017,60.255,25.043,17.4,192112060600,270,9,***,32,*****
1018,60.255,25.043,17.4,192112061300,270,11,***,32,*****
1019,60.255,25.043,17.4,192112062000,270,5,***,33,*****
1020,60.255,25.043,17.4,192112070600,230,11,***,34,*****
1021,60.255,25.043,17.4,192112071300,270,11,***,35,*****
1022,60.255,25.043,17.4,192112072000,320,9,***,32,*****
1023,60.255,25.043,17.4,192112080600,050,7,***,29,*****
1024,60.255,25.043,17.4,192112081300,050,9,***,31,*****
1025,60.255,25.043,17.4,192112082000,050,11,***,23,*****
1026,60.255,25.043,17.4,192112090600,070,16,***,22,*****
1027,60.255,25.043,17.4,192112091300,090,16,***,19,*****
1028,60.255,25.043,17.4,192112092000,070,11,***,6,*****
1029,60.255,25.043,17.4,192112100600,360,11,***,14,*****
1030,60.255,25.043,17.4,192112101300,140,9,***,13,*****
1031,60.255,25.043,17.4,192112102000,180,11,***,14,*****
1032,60.255,25.043,17.4,192112110600,270,16,***,20,*****
1033,60.255,25.043,17.4,192112111300,200,19,***,25,*****
1034,60.255,25.043,17.4,192112112000,230,19,***,27,*****
1035,60.255,25.043,17.4,192112120600,250,19,***,31,*****
1036,60.255,25.043,17.4,192112121300,270,14,***,34,*****
1037,60.255,25.043,17.4,192112122000,270,11,***,35,*****
1038,60.255,25.043,17.4,192112130600,250,18,***,36,*****
1039,60.255,25.043,17.4,192112131300,270,19,***,36,*****
1040,60.255,25.043,17.4,192112132000,270,19,***,36,*****
1041,60.255,25.043,17.4,192112140600,270,18,***,35,*****
1042,60.255,25.043,17.4,192112141300,230,16,***,33,*****
1043,60.255,25.043,17.4,192112142000,200,16,***,32,*****
1044,60.255,25.043,17.4,192112150600,200,16,***,32,*****
1045,60.255,25.043,17.4,192112151300,200,16,***,33,*****
1046,60.255,25.043,17.4,192112152000,200,16,***,32,*****
1047,60.255,25.043,17.4,192112160600,200,16,***,32,*****
1048,60.255,25.043,17.4,192112161300,200,16,***,34,*****
1049,60.255,25.043,17.4,192112162000,200,18,***,35,*****
1050,60.255,25.043,17.4,192112170600,200,18,***,35,*****
1051,60.255,25.043,17.4,192112171300,180,16,***,33,*****
1052,60.255,25.043,17.4,192112172000,110,18,***,33,*****
1053,60.255,25.043,17.4,192112180600,070,9,***,33,*****
1054,60.255,25.043,17.4,192112181300,360,18,***,26,*****
1055,60.255,25.043,17.4,192112182000,360,19,***,22,*****
1056,60.255,25.043,17.4,192112190600,320,14,***,22,*****
1057,60.255,25.043,17.4,192112191300,320,11,***,22,*****
1058,60.255,25.043,17.4,192112192000,320,9,***,20,*****
1059,60.255,25.043,17.4,192112200600,340,5,***,13,*****
1060,60.255,25.043,17.4,192112201300,160,7,***,26,*****
1061,60.255,25.043,17.4,192112202000,140,18,***,27,*****
1062,60.255,25.043,17.4,192112210600,180,7,***,35,*****
1063,60.255,25.043,17.4,192112211300,180,16,***,35,*****
1064,60.255,25.043,17.4,192112212000,180,9,***,35,*****
1065,60.255,25.043,17.4,192112220600,320,7,***,33,*****
1066,60.255,25.043,17.4,192112221300,320,14,***,25,*****
1067,60.255,25.043,17.4,192112222000,320,14,***,17,*****
1068,60.255,25.043,17.4,192112230600,320,2,***,22,*****
1069,60.255,25.043,17.4,192112231300,070,9,***,26,*****
1070,60.255,25.043,17.4,192112232000,070,16,***,29,*****
1071,60.255,25.043,17.4,192112240600,360,7,***,33,*****
1072,60.255,25.043,17.4,192112241300,050,7,***,31,*****
1073,60.255,25.043,17.4,192112242000,050,11,***,29,*****
1074,60.255,25.043,17.4,192112250600,360,14,***,22,*****
1075,60.255,25.043,17.4,192112251300,320,14,***,18,*****
1076,60.255,25.043,17.4,192112252000,320,7,***,13,*****
1077,60.255,25.043,17.4,192112260600,320,5,***,19,*****
1078,60.255,25.043,17.4,192112261300,***,0,***,19,*****
1079,60.255,25.043,17.4,192112262000,340,7,***,14,*****
1080,60.255,25.043,17.4,192112270600,180,14,***,33,*****
1081,60.255,25.043,17.4,192112271300,180,16,***,33,*****
1082,60.255,25.043,17.4,192112272000,180,18,***,34,*****
1083,60.255,25.043,17.4,192112280600,230,11,***,36,*****
1084,60.255,25.043,17.4,192112281300,230,16,***,36,*****
1085,60.255,25.043,17.4,192112282000,230,5,***,35,*****
1086,60.255,25.043,17.4,192112290600,340,9,***,30,*****
1087,60.255,25.043,17.4,192112291300,320,9,***,27,*****
1088,60.255,25.043,17.4,192112292000,320,7,***,25,*****
1089,60.255,25.043,17.4,192112300600,050,5,***,27,*****
1090,60.255,25.043,17.4,192112301300,290,7,***,28,*****
1091,60.255,25.043,17.4,192112302000,290,5,***,27,*****
1092,60.255,25.043,17.4,192112310600,140,7,***,28,*****
1093,60.255,25.043,17.4,192112311300,140,14,***,30,*****
1094,60.255,25.043,17.4,192112312000,050,18,***,24,*****
