,Lat,Lon,Ele,YR--MODAHRMN,DIR,SPD,GUS,TEMP,ALT
0,60.255,25.043,17.4,192201010600,320,9,***,18,*****
1,60.255,25.043,17.4,192201011300,320,7,***,18,*****
2,60.255,25.043,17.4,192201012000,320,16,***,24,*****
3,60.255,25.043,17.4,192201020600,200,18,***,30,*****
4,60.255,25.043,17.4,192201021300,270,9,***,33,*****
5,60.255,25.043,17.4,192201022000,230,7,***,31,*****
6,60.255,25.043,17.4,192201030600,230,5,***,24,*****
7,60.255,25.043,17.4,192201031300,320,9,***,24,*****
8,60.255,25.043,17.4,192201032000,290,14,***,20,*****
9,60.255,25.043,17.4,192201040600,270,5,***,15,*****
10,60.255,25.043,17.4,192201041300,290,2,***,17,*****
11,60.255,25.043,17.4,192201042000,160,2,***,19,*****
12,60.255,25.043,17.4,192201050600,160,7,***,14,*****
13,60.255,25.043,17.4,192201051300,180,9,***,28,*****
14,60.255,25.043,17.4,192201052000,320,11,***,19,*****
15,60.255,25.043,17.4,192201060600,340,16,***,16,*****
16,60.255,25.043,17.4,192201061300,340,16,***,20,*****
17,60.255,25.043,17.4,192201062000,320,16,***,20,*****
18,60.255,25.043,17.4,192201070600,290,11,***,18,*****
19,60.255,25.043,17.4,192201071300,290,9,***,19,*****
20,60.255,25.043,17.4,192201072000,270,7,***,20,*****
21,60.255,25.043,17.4,192201080600,320,7,***,21,*****
22,60.255,25.043,17.4,192201081300,250,14,***,29,*****
23,60.255,25.043,17.4,192201082000,200,18,***,29,*****
24,60.255,25.043,17.4,192201090600,230,18,***,28,*****
25,60.255,25.043,17.4,192201091300,270,14,***,26,*****
26,60.255,25.043,17.4,192201092000,180,14,***,21,*****
27,60.255,25.043,17.4,192201100600,160,14,***,14,*****
28,60.255,25.043,17.4,192201101300,140,22,***,23,*****
29,60.255,25.043,17.4,192201102000,180,18,***,24,*****
30,60.255,25.043,17.4,192201110600,140,9,***,27,*****
31,60.255,25.043,17.4,192201111300,090,9,***,28,*****
32,60.255,25.043,17.4,192201112000,050,7,***,23,*****
33,60.255,25.043,17.4,192201120600,140,7,***,32,*****
34,60.255,25.043,17.4,192201121300,070,14,***,28,*****
35,60.255,25.043,17.4,192201122000,070,11,***,22,*****
36,60.255,25.043,17.4,192201130600,090,14,***,29,*****
37,60.255,25.043,17.4,192201131300,090,11,***,29,*****
38,60.255,25.043,17.4,192201132000,070,14,***,26,*****
39,60.255,25.043,17.4,192201140600,070,16,***,18,*****
40,60.255,25.043,17.4,192201141300,070,18,***,18,*****
41,60.255,25.043,17.4,192201142000,050,22,***,23,*****
42,60.255,25.043,17.4,192201150600,070,22,***,16,*****
43,60.255,25.043,17.4,192201151300,070,18,***,13,*****
44,60.255,25.043,17.4,192201152000,070,18,***,10,*****
45,60.255,25.043,17.4,192201160600,070,18,***,5,*****
46,60.255,25.043,17.4,192201161300,070,14,***,4,*****
47,60.255,25.043,17.4,192201162000,050,14,***,2,*****
48,60.255,25.043,17.4,192201170600,090,16,***,10,*****
49,60.255,25.043,17.4,192201171300,020,16,***,10,*****
50,60.255,25.043,17.4,192201172000,070,14,***,11,*****
51,60.255,25.043,17.4,192201180600,050,11,***,9,*****
52,60.255,25.043,17.4,192201181300,050,9,***,9,*****
53,60.255,25.043,17.4,192201182000,050,7,***,7,*****
54,60.255,25.043,17.4,192201190600,020,7,***,8,*****
55,60.255,25.043,17.4,192201191300,360,11,***,8,*****
56,60.255,25.043,17.4,192201192000,320,7,***,6,*****
57,60.255,25.043,17.4,192201200600,320,7,***,5,*****
58,60.255,25.043,17.4,192201201300,340,5,***,6,*****
59,60.255,25.043,17.4,192201202000,360,2,***,1,*****
60,60.255,25.043,17.4,192201210600,050,7,***,-1,*****
61,60.255,25.043,17.4,192201211300,050,5,***,6,*****
62,60.255,25.043,17.4,192201212000,140,7,***,12,*****
63,60.255,25.043,17.4,192201220600,180,7,***,17,*****
64,60.255,25.043,17.4,192201221300,200,7,***,18,*****
65,60.255,25.043,17.4,192201222000,230,7,***,20,*****
66,60.255,25.043,17.4,192201230600,270,7,***,18,*****
67,60.255,25.043,17.4,192201231300,230,5,***,23,*****
68,60.255,25.043,17.4,192201232000,270,5,***,21,*****
69,60.255,25.043,17.4,192201240600,270,5,***,14,*****
70,60.255,25.043,17.4,192201241300,090,7,***,20,*****
71,60.255,25.043,17.4,192201242000,070,7,***,15,*****
72,60.255,25.043,17.4,192201250600,070,9,***,11,*****
73,60.255,25.043,17.4,192201251300,360,5,***,10,*****
74,60.255,25.043,17.4,192201252000,290,5,***,11,*****
75,60.255,25.043,17.4,192201260600,290,9,***,21,*****
76,60.255,25.043,17.4,192201261300,320,9,***,26,*****
77,60.255,25.043,17.4,192201262000,320,7,***,26,*****
78,60.255,25.043,17.4,192201270600,290,11,***,21,*****
79,60.255,25.043,17.4,192201271300,290,7,***,19,*****
80,60.255,25.043,17.4,192201272000,320,5,***,21,*****
81,60.255,25.043,17.4,192201280600,050,5,***,20,*****
82,60.255,25.043,17.4,192201281300,320,5,***,22,*****
83,60.255,25.043,17.4,192201282000,320,2,***,20,*****
84,60.255,25.043,17.4,192201290600,290,7,***,18,*****
85,60.255,25.043,17.4,192201291300,290,7,***,21,*****
86,60.255,25.043,17.4,192201292000,270,5,***,19,*****
87,60.255,25.043,17.4,192201300600,180,7,***,17,*****
88,60.255,25.043,17.4,192201301300,250,11,***,15,*****
89,60.255,25.043,17.4,192201302000,230,9,***,14,*****
90,60.255,25.043,17.4,192201310600,230,5,***,8,*****
91,60.255,25.043,17.4,192201311300,090,5,***,9,*****
92,60.255,25.043,17.4,192201312000,070,7,***,8,*****
93,60.255,25.043,17.4,192202010600,050,7,***,10,*****
94,60.255,25.043,17.4,192202011300,050,7,***,10,*****
95,60.255,25.043,17.4,192202012000,320,11,***,10,*****
96,60.255,25.043,17.4,192202020600,050,11,***,-1,*****
97,60.255,25.043,17.4,192202021300,050,14,***,8,*****
98,60.255,25.043,17.4,192202022000,050,16,***,6,*****
99,60.255,25.043,17.4,192202030600,050,16,***,0,*****
100,60.255,25.043,17.4,192202031300,050,16,***,-1,*****
101,60.255,25.043,17.4,192202032000,050,14,***,0,*****
102,60.255,25.043,17.4,192202040600,050,14,***,-8,*****
103,60.255,25.043,17.4,192202041300,070,16,***,-1,*****
104,60.255,25.043,17.4,192202042000,070,19,***,0,*****
105,60.255,25.043,17.4,192202050600,070,18,***,0,*****
106,60.255,25.043,17.4,192202051300,070,19,***,11,*****
107,60.255,25.043,17.4,192202052000,070,18,***,10,*****
108,60.255,25.043,17.4,192202060600,070,9,***,8,*****
109,60.255,25.043,17.4,192202061300,070,7,***,10,*****
110,60.255,25.043,17.4,192202062000,070,7,***,7,*****
111,60.255,25.043,17.4,192202070600,090,7,***,7,*****
112,60.255,25.043,17.4,192202071300,090,9,***,8,*****
113,60.255,25.043,17.4,192202072000,070,5,***,3,*****
114,60.255,25.043,17.4,192202080600,250,2,***,6,*****
115,60.255,25.043,17.4,192202081300,200,7,***,9,*****
116,60.255,25.043,17.4,192202082000,180,7,***,11,*****
117,60.255,25.043,17.4,192202090600,230,14,***,25,*****
118,60.255,25.043,17.4,192202091300,270,9,***,30,*****
119,60.255,25.043,17.4,192202092000,320,7,***,26,*****
120,60.255,25.043,17.4,192202100600,340,5,***,18,*****
121,60.255,25.043,17.4,192202101300,270,2,***,24,*****
122,60.255,25.043,17.4,192202102000,230,9,***,18,*****
123,60.255,25.043,17.4,192202110600,250,16,***,29,*****
124,60.255,25.043,17.4,192202111300,230,14,***,32,*****
125,60.255,25.043,17.4,192202112000,250,14,***,33,*****
126,60.255,25.043,17.4,192202120600,270,7,***,31,*****
127,60.255,25.043,17.4,192202121300,290,9,***,37,*****
128,60.255,25.043,17.4,192202122000,270,9,***,33,*****
129,60.255,25.043,17.4,192202130600,270,7,***,24,*****
130,60.255,25.043,17.4,192202131300,250,5,***,31,*****
131,60.255,25.043,17.4,192202132000,270,7,***,23,*****
132,60.255,25.043,17.4,192202140600,230,7,***,18,*****
133,60.255,25.043,17.4,192202141300,250,9,***,29,*****
134,60.255,25.043,17.4,192202142000,230,9,***,28,*****
135,60.255,25.043,17.4,192202150600,200,11,***,31,*****
136,60.255,25.043,17.4,192202151300,140,9,***,32,*****
137,60.255,25.043,17.4,192202152000,290,9,***,29,*****
138,60.255,25.043,17.4,192202160600,050,9,***,26,*****
139,60.255,25.043,17.4,192202161300,050,9,***,23,*****
140,60.255,25.043,17.4,192202162000,070,11,***,19,*****
141,60.255,25.043,17.4,192202170600,050,7,***,16,*****
142,60.255,25.043,17.4,192202171300,020,5,***,19,*****
143,60.255,25.043,17.4,192202172000,340,5,***,18,*****
144,60.255,25.043,17.4,192202180600,250,5,***,18,*****
145,60.255,25.043,17.4,192202181300,200,9,***,21,*****
146,60.255,25.043,17.4,192202182000,140,9,***,23,*****
147,60.255,25.043,17.4,192202190600,160,9,***,22,*****
148,60.255,25.043,17.4,192202191300,160,7,***,26,*****
149,60.255,25.043,17.4,192202192000,110,7,***,26,*****
150,60.255,25.043,17.4,192202200600,090,5,***,26,*****
151,60.255,25.043,17.4,192202201300,050,5,***,27,*****
152,60.255,25.043,17.4,192202202000,070,5,***,25,*****
153,60.255,25.043,17.4,192202210600,020,7,***,24,*****
154,60.255,25.043,17.4,192202211300,020,7,***,26,*****
155,60.255,25.043,17.4,192202212000,340,5,***,26,*****
156,60.255,25.043,17.4,192202220600,230,5,***,26,*****
157,60.255,25.043,17.4,192202221300,180,7,***,29,*****
158,60.255,25.043,17.4,192202222000,200,9,***,30,*****
159,60.255,25.043,17.4,192202230600,140,11,***,28,*****
160,60.255,25.043,17.4,192202231300,160,9,***,30,*****
161,60.255,25.043,17.4,192202232000,200,7,***,32,*****
162,60.255,25.043,17.4,192202240600,200,5,***,32,*****
163,60.255,25.043,17.4,192202241300,200,7,***,33,*****
164,60.255,25.043,17.4,192202242000,250,5,***,33,*****
165,60.255,25.043,17.4,192202250600,230,7,***,28,*****
166,60.255,25.043,17.4,192202251300,140,11,***,33,*****
167,60.255,25.043,17.4,192202252000,200,9,***,33,*****
168,60.255,25.043,17.4,192202260600,270,9,***,35,*****
169,60.255,25.043,17.4,192202261300,270,14,***,34,*****
170,60.255,25.043,17.4,192202262000,270,16,***,33,*****
171,60.255,25.043,17.4,192202270600,230,9,***,34,*****
172,60.255,25.043,17.4,192202271300,200,9,***,34,*****
173,60.255,25.043,17.4,192202272000,230,9,***,34,*****
174,60.255,25.043,17.4,192202280600,200,11,***,33,*****
175,60.255,25.043,17.4,192202281300,230,14,***,37,*****
176,60.255,25.043,17.4,192202282000,200,9,***,34,*****
177,60.255,25.043,17.4,192203010600,020,7,***,33,*****
178,60.255,25.043,17.4,192203011300,360,5,***,33,*****
179,60.255,25.043,17.4,192203012000,250,7,***,31,*****
180,60.255,25.043,17.4,192203020600,070,5,***,29,*****
181,60.255,25.043,17.4,192203021300,070,11,***,31,*****
182,60.255,25.043,17.4,192203022000,020,11,***,28,*****
183,60.255,25.043,17.4,192203030600,020,11,***,23,*****
184,60.255,25.043,17.4,192203031300,320,5,***,24,*****
185,60.255,25.043,17.4,192203032000,180,5,***,24,*****
186,60.255,25.043,17.4,192203040600,140,5,***,29,*****
187,60.255,25.043,17.4,192203041300,110,9,***,31,*****
188,60.255,25.043,17.4,192203042000,140,11,***,32,*****
189,60.255,25.043,17.4,192203050600,230,14,***,31,*****
190,60.255,25.043,17.4,192203051300,270,9,***,32,*****
191,60.255,25.043,17.4,192203052000,230,5,***,30,*****
192,60.255,25.043,17.4,192203060600,160,7,***,27,*****
193,60.255,25.043,17.4,192203061300,140,11,***,33,*****
194,60.255,25.043,17.4,192203062000,320,16,***,32,*****
195,60.255,25.043,17.4,192203070600,230,7,***,29,*****
196,60.255,25.043,17.4,192203071300,270,11,***,37,*****
197,60.255,25.043,17.4,192203072000,270,7,***,33,*****
198,60.255,25.043,17.4,192203080600,140,7,***,32,*****
199,60.255,25.043,17.4,192203081300,200,11,***,34,*****
200,60.255,25.043,17.4,192203082000,200,9,***,33,*****
201,60.255,25.043,17.4,192203090600,320,7,***,26,*****
202,60.255,25.043,17.4,192203091300,320,11,***,28,*****
203,60.255,25.043,17.4,192203092000,320,14,***,20,*****
204,60.255,25.043,17.4,192203100600,270,7,***,18,*****
205,60.255,25.043,17.4,192203101300,270,19,***,26,*****
206,60.255,25.043,17.4,192203102000,290,11,***,20,*****
207,60.255,25.043,17.4,192203110600,180,5,***,11,*****
208,60.255,25.043,17.4,192203111300,200,18,***,31,*****
209,60.255,25.043,17.4,192203112000,230,18,***,33,*****
210,60.255,25.043,17.4,192203120600,250,9,***,33,*****
211,60.255,25.043,17.4,192203121300,290,16,***,27,*****
212,60.255,25.043,17.4,192203122000,270,9,***,27,*****
213,60.255,25.043,17.4,192203130600,360,22,***,21,*****
214,60.255,25.043,17.4,192203131300,290,26,***,33,*****
215,60.255,25.043,17.4,192203132000,340,16,***,26,*****
216,60.255,25.043,17.4,192203140600,270,9,***,17,*****
217,60.255,25.043,17.4,192203141300,020,7,***,31,*****
218,60.255,25.043,17.4,192203142000,050,7,***,23,*****
219,60.255,25.043,17.4,192203150600,290,9,***,20,*****
220,60.255,25.043,17.4,192203151300,320,11,***,27,*****
221,60.255,25.043,17.4,192203152000,320,5,***,20,*****
222,60.255,25.043,17.4,192203160600,160,11,***,23,*****
223,60.255,25.043,17.4,192203161300,090,16,***,24,*****
224,60.255,25.043,17.4,192203162000,320,11,***,21,*****
225,60.255,25.043,17.4,192203170600,320,9,***,16,*****
226,60.255,25.043,17.4,192203171300,320,18,***,26,*****
227,60.255,25.043,17.4,192203172000,290,9,***,19,*****
228,60.255,25.043,17.4,192203180600,320,14,***,11,*****
229,60.255,25.043,17.4,192203181300,290,18,***,20,*****
230,60.255,25.043,17.4,192203182000,320,5,***,13,*****
231,60.255,25.043,17.4,192203190600,200,7,***,19,*****
232,60.255,25.043,17.4,192203191300,090,7,***,21,*****
233,60.255,25.043,17.4,192203192000,050,7,***,11,*****
234,60.255,25.043,17.4,192203200600,050,7,***,2,*****
235,60.255,25.043,17.4,192203201300,070,7,***,20,*****
236,60.255,25.043,17.4,192203202000,090,9,***,13,*****
237,60.255,25.043,17.4,192203210600,340,7,***,5,*****
238,60.255,25.043,17.4,192203211300,050,5,***,21,*****
239,60.255,25.043,17.4,192203212000,270,7,***,14,*****
240,60.255,25.043,17.4,192203220600,270,7,***,12,*****
241,60.255,25.043,17.4,192203221300,200,9,***,24,*****
242,60.255,25.043,17.4,192203222000,200,7,***,20,*****
243,60.255,25.043,17.4,192203230600,200,7,***,20,*****
244,60.255,25.043,17.4,192203231300,200,18,***,32,*****
245,60.255,25.043,17.4,192203232000,230,16,***,30,*****
246,60.255,25.043,17.4,192203240600,200,11,***,27,*****
247,60.255,25.043,17.4,192203241300,200,7,***,30,*****
248,60.255,25.043,17.4,192203242000,070,7,***,21,*****
249,60.255,25.043,17.4,192203250600,090,11,***,20,*****
250,60.255,25.043,17.4,192203251300,090,9,***,23,*****
251,60.255,25.043,17.4,192203252000,090,7,***,27,*****
252,60.255,25.043,17.4,192203260600,070,7,***,23,*****
253,60.255,25.043,17.4,192203261300,140,7,***,31,*****
254,60.255,25.043,17.4,192203262000,180,5,***,31,*****
255,60.255,25.043,17.4,192203270600,***,0,***,25,*****
256,60.255,25.043,17.4,192203271300,200,5,***,29,*****
257,60.255,25.043,17.4,192203272000,090,5,***,20,*****
258,60.255,25.043,17.4,192203280600,020,7,***,21,*****
259,60.255,25.043,17.4,192203281300,020,14,***,37,*****
260,60.255,25.043,17.4,192203282000,020,11,***,32,*****
261,60.255,25.043,17.4,192203290600,320,14,***,26,*****
262,60.255,25.043,17.4,192203291300,320,11,***,31,*****
263,60.255,25.043,17.4,192203292000,320,9,***,31,*****
264,60.255,25.043,17.4,192203300600,250,7,***,31,*****
265,60.255,25.043,17.4,192203301300,230,14,***,32,*****
266,60.255,25.043,17.4,192203302000,200,9,***,31,*****
267,60.255,25.043,17.4,192203310600,200,7,***,26,*****
268,60.255,25.043,17.4,192203311300,200,7,***,31,*****
269,60.255,25.043,17.4,192203312000,110,7,***,27,*****
270,60.255,25.043,17.4,192204010600,340,7,***,17,*****
271,60.255,25.043,17.4,192204011300,050,11,***,29,*****
272,60.255,25.043,17.4,192204012000,110,14,***,30,*****
273,60.255,25.043,17.4,192204020600,110,14,***,29,*****
274,60.255,25.043,17.4,192204021300,160,11,***,34,*****
275,60.255,25.043,17.4,192204022000,180,11,***,28,*****
276,60.255,25.043,17.4,192204030600,180,11,***,25,*****
277,60.255,25.043,17.4,192204031300,180,9,***,35,*****
278,60.255,25.043,17.4,192204032000,140,5,***,29,*****
279,60.255,25.043,17.4,192204040600,050,5,***,18,*****
280,60.255,25.043,17.4,192204041300,050,9,***,35,*****
281,60.255,25.043,17.4,192204042000,020,7,***,32,*****
282,60.255,25.043,17.4,192204050600,050,7,***,32,*****
283,60.255,25.043,17.4,192204051300,070,11,***,34,*****
284,60.255,25.043,17.4,192204052000,070,7,***,35,*****
285,60.255,25.043,17.4,192204060600,090,11,***,34,*****
286,60.255,25.043,17.4,192204061300,110,9,***,35,*****
287,60.255,25.043,17.4,192204062000,110,7,***,33,*****
288,60.255,25.043,17.4,192204070600,140,11,***,31,*****
289,60.255,25.043,17.4,192204071300,180,16,***,34,*****
290,60.255,25.043,17.4,192204072000,200,14,***,31,*****
291,60.255,25.043,17.4,192204080600,200,11,***,26,*****
292,60.255,25.043,17.4,192204081300,200,14,***,29,*****
293,60.255,25.043,17.4,192204082000,180,7,***,26,*****
294,60.255,25.043,17.4,192204090600,140,5,***,21,*****
295,60.255,25.043,17.4,192204091300,090,11,***,29,*****
296,60.255,25.043,17.4,192204092000,050,7,***,27,*****
297,60.255,25.043,17.4,192204100600,340,18,***,26,*****
298,60.255,25.043,17.4,192204101300,320,18,***,30,*****
299,60.255,25.043,17.4,192204102000,270,18,***,27,*****
300,60.255,25.043,17.4,192204110600,270,9,***,20,*****
301,60.255,25.043,17.4,192204111300,140,7,***,29,*****
302,60.255,25.043,17.4,192204112000,230,5,***,27,*****
303,60.255,25.043,17.4,192204120600,200,9,***,30,*****
304,60.255,25.043,17.4,192204121300,230,14,***,36,*****
305,60.255,25.043,17.4,192204122000,200,9,***,29,*****
306,60.255,25.043,17.4,192204130600,180,7,***,29,*****
307,60.255,25.043,17.4,192204131300,160,11,***,38,*****
308,60.255,25.043,17.4,192204132000,140,11,***,35,*****
309,60.255,25.043,17.4,192204140600,200,14,***,36,*****
310,60.255,25.043,17.4,192204141300,200,11,***,37,*****
311,60.255,25.043,17.4,192204142000,200,11,***,35,*****
312,60.255,25.043,17.4,192204150600,270,5,***,35,*****
313,60.255,25.043,17.4,192204151300,200,7,***,44,*****
314,60.255,25.043,17.4,192204152000,090,7,***,39,*****
315,60.255,25.043,17.4,192204160600,250,7,***,39,*****
316,60.255,25.043,17.4,192204161300,230,9,***,46,*****
317,60.255,25.043,17.4,192204162000,180,7,***,41,*****
318,60.255,25.043,17.4,192204170600,180,9,***,40,*****
319,60.255,25.043,17.4,192204171300,180,5,***,46,*****
320,60.255,25.043,17.4,192204172000,270,7,***,39,*****
321,60.255,25.043,17.4,192204180600,320,9,***,41,*****
322,60.255,25.043,17.4,192204181300,320,11,***,49,*****
323,60.255,25.043,17.4,192204182000,320,7,***,38,*****
324,60.255,25.043,17.4,192204190600,340,11,***,36,*****
325,60.255,25.043,17.4,192204191300,340,16,***,43,*****
326,60.255,25.043,17.4,192204192000,340,16,***,34,*****
327,60.255,25.043,17.4,192204200600,020,16,***,25,*****
328,60.255,25.043,17.4,192204201300,360,18,***,34,*****
329,60.255,25.043,17.4,192204202000,360,9,***,31,*****
330,60.255,25.043,17.4,192204210600,050,9,***,28,*****
331,60.255,25.043,17.4,192204211300,140,9,***,40,*****
332,60.255,25.043,17.4,192204212000,140,5,***,32,*****
333,60.255,25.043,17.4,192204220600,070,5,***,33,*****
334,60.255,25.043,17.4,192204221300,090,5,***,40,*****
335,60.255,25.043,17.4,192204222000,230,2,***,36,*****
336,60.255,25.043,17.4,192204230600,270,2,***,35,*****
337,60.255,25.043,17.4,192204231300,200,7,***,42,*****
338,60.255,25.043,17.4,192204232000,200,2,***,34,*****
339,60.255,25.043,17.4,192204240600,050,7,***,37,*****
340,60.255,25.043,17.4,192204241300,070,11,***,44,*****
341,60.255,25.043,17.4,192204242000,070,7,***,43,*****
342,60.255,25.043,17.4,192204250600,070,9,***,39,*****
343,60.255,25.043,17.4,192204251300,110,11,***,41,*****
344,60.255,25.043,17.4,192204252000,070,7,***,40,*****
345,60.255,25.043,17.4,192204260600,090,9,***,37,*****
346,60.255,25.043,17.4,192204261300,090,7,***,43,*****
347,60.255,25.043,17.4,192204262000,090,9,***,42,*****
348,60.255,25.043,17.4,192204270600,070,7,***,40,*****
349,60.255,25.043,17.4,192204271300,020,11,***,48,*****
350,60.255,25.043,17.4,192204272000,090,9,***,43,*****
351,60.255,25.043,17.4,192204280600,090,11,***,39,*****
352,60.255,25.043,17.4,192204281300,090,7,***,44,*****
353,60.255,25.043,17.4,192204282000,140,11,***,46,*****
354,60.255,25.043,17.4,192204290600,180,5,***,38,*****
355,60.255,25.043,17.4,192204291300,270,7,***,44,*****
356,60.255,25.043,17.4,192204292000,200,2,***,37,*****
357,60.255,25.043,17.4,192204300600,290,7,***,43,*****
358,60.255,25.043,17.4,192204301300,200,9,***,48,*****
359,60.255,25.043,17.4,192204302000,200,2,***,41,*****
360,60.255,25.043,17.4,192205010600,070,11,***,41,*****
361,60.255,25.043,17.4,192205011300,070,18,***,45,*****
362,60.255,25.043,17.4,192205012000,090,18,***,43,*****
363,60.255,25.043,17.4,192205020600,090,5,***,38,*****
364,60.255,25.043,17.4,192205021300,090,2,***,44,*****
365,60.255,25.043,17.4,192205022000,270,5,***,42,*****
366,60.255,25.043,17.4,192205030600,250,9,***,35,*****
367,60.255,25.043,17.4,192205031300,230,14,***,42,*****
368,60.255,25.043,17.4,192205032000,230,7,***,41,*****
369,60.255,25.043,17.4,192205040600,200,7,***,41,*****
370,60.255,25.043,17.4,192205041300,140,7,***,51,*****
371,60.255,25.043,17.4,192205042000,070,7,***,44,*****
372,60.255,25.043,17.4,192205050600,320,5,***,43,*****
373,60.255,25.043,17.4,192205051300,200,9,***,48,*****
374,60.255,25.043,17.4,192205052000,230,7,***,42,*****
375,60.255,25.043,17.4,192205060600,230,9,***,38,*****
376,60.255,25.043,17.4,192205061300,200,14,***,47,*****
377,60.255,25.043,17.4,192205062000,180,9,***,41,*****
378,60.255,25.043,17.4,192205070600,230,11,***,41,*****
379,60.255,25.043,17.4,192205071300,270,11,***,46,*****
380,60.255,25.043,17.4,192205072000,230,7,***,37,*****
381,60.255,25.043,17.4,192205080600,230,7,***,34,*****
382,60.255,25.043,17.4,192205081300,180,7,***,43,*****
383,60.255,25.043,17.4,192205082000,270,9,***,42,*****
384,60.255,25.043,17.4,192205090600,230,7,***,41,*****
385,60.255,25.043,17.4,192205091300,230,14,***,43,*****
386,60.255,25.043,17.4,192205092000,230,11,***,37,*****
387,60.255,25.043,17.4,192205100600,290,11,***,36,*****
388,60.255,25.043,17.4,192205101300,270,14,***,38,*****
389,60.255,25.043,17.4,192205102000,320,9,***,41,*****
390,60.255,25.043,17.4,192205110600,290,14,***,41,*****
391,60.255,25.043,17.4,192205111300,230,7,***,44,*****
392,60.255,25.043,17.4,192205112000,230,11,***,38,*****
393,60.255,25.043,17.4,192205120600,230,11,***,38,*****
394,60.255,25.043,17.4,192205121300,230,14,***,44,*****
395,60.255,25.043,17.4,192205122000,250,9,***,38,*****
396,60.255,25.043,17.4,192205130600,180,7,***,40,*****
397,60.255,25.043,17.4,192205131300,180,14,***,45,*****
398,60.255,25.043,17.4,192205132000,180,7,***,34,*****
399,60.255,25.043,17.4,192205140600,320,9,***,43,*****
400,60.255,25.043,17.4,192205141300,230,9,***,50,*****
401,60.255,25.043,17.4,192205142000,290,9,***,47,*****
402,60.255,25.043,17.4,192205150600,320,5,***,47,*****
403,60.255,25.043,17.4,192205151300,180,11,***,45,*****
404,60.255,25.043,17.4,192205152000,270,7,***,41,*****
405,60.255,25.043,17.4,192205160600,270,14,***,46,*****
406,60.255,25.043,17.4,192205161300,270,18,***,55,*****
407,60.255,25.043,17.4,192205162000,320,11,***,47,*****
408,60.255,25.043,17.4,192205170600,270,9,***,50,*****
409,60.255,25.043,17.4,192205171300,230,11,***,52,*****
410,60.255,25.043,17.4,192205172000,270,9,***,49,*****
411,60.255,25.043,17.4,192205180600,***,0,***,49,*****
412,60.255,25.043,17.4,192205181300,230,7,***,58,*****
413,60.255,25.043,17.4,192205182000,230,5,***,53,*****
414,60.255,25.043,17.4,192205190600,090,5,***,50,*****
415,60.255,25.043,17.4,192205191300,180,5,***,50,*****
416,60.255,25.043,17.4,192205192000,230,9,***,43,*****
417,60.255,25.043,17.4,192205200600,230,5,***,49,*****
418,60.255,25.043,17.4,192205201300,230,7,***,51,*****
419,60.255,25.043,17.4,192205202000,***,0,***,46,*****
420,60.255,25.043,17.4,192205210600,090,5,***,55,*****
421,60.255,25.043,17.4,192205211300,250,7,***,58,*****
422,60.255,25.043,17.4,192205212000,250,2,***,56,*****
423,60.255,25.043,17.4,192205220600,050,2,***,56,*****
424,60.255,25.043,17.4,192205221300,230,7,***,63,*****
425,60.255,25.043,17.4,192205222000,250,7,***,58,*****
426,60.255,25.043,17.4,192205230600,230,5,***,53,*****
427,60.255,25.043,17.4,192205231300,230,7,***,61,*****
428,60.255,25.043,17.4,192205232000,230,7,***,51,*****
429,60.255,25.043,17.4,192205240600,230,5,***,53,*****
430,60.255,25.043,17.4,192205241300,230,9,***,58,*****
431,60.255,25.043,17.4,192205242000,250,9,***,59,*****
432,60.255,25.043,17.4,192205250600,230,7,***,53,*****
433,60.255,25.043,17.4,192205251300,250,11,***,67,*****
434,60.255,25.043,17.4,192205252000,270,11,***,60,*****
435,60.255,25.043,17.4,192205260600,320,9,***,58,*****
436,60.255,25.043,17.4,192205261300,250,9,***,68,*****
437,60.255,25.043,17.4,192205262000,270,2,***,59,*****
438,60.255,25.043,17.4,192205270600,160,9,***,53,*****
439,60.255,25.043,17.4,192205271300,230,11,***,51,*****
440,60.255,25.043,17.4,192205272000,250,9,***,48,*****
441,60.255,25.043,17.4,192205280600,270,9,***,51,*****
442,60.255,25.043,17.4,192205281300,270,14,***,54,*****
443,60.255,25.043,17.4,192205282000,320,14,***,51,*****
444,60.255,25.043,17.4,192205290600,290,14,***,48,*****
445,60.255,25.043,17.4,192205291300,270,16,***,51,*****
446,60.255,25.043,17.4,192205292000,290,9,***,47,*****
447,60.255,25.043,17.4,192205300600,250,7,***,49,*****
448,60.255,25.043,17.4,192205301300,250,14,***,48,*****
449,60.255,25.043,17.4,192205302000,250,9,***,46,*****
450,60.255,25.043,17.4,192205310600,230,14,***,45,*****
451,60.255,25.043,17.4,192205311300,320,16,***,55,*****
452,60.255,25.043,17.4,192205312000,270,14,***,52,*****
453,60.255,25.043,17.4,192206010600,290,16,***,48,*****
454,60.255,25.043,17.4,192206011300,360,22,***,55,*****
455,60.255,25.043,17.4,192206012000,290,18,***,48,*****
456,60.255,25.043,17.4,192206020600,320,14,***,45,*****
457,60.255,25.043,17.4,192206021300,320,14,***,54,*****
458,60.255,25.043,17.4,192206022000,320,9,***,48,*****
459,60.255,25.043,17.4,192206030600,320,9,***,51,*****
460,60.255,25.043,17.4,192206031300,230,9,***,50,*****
461,60.255,25.043,17.4,192206032000,270,5,***,47,*****
462,60.255,25.043,17.4,192206040600,360,9,***,47,*****
463,60.255,25.043,17.4,192206041300,230,11,***,53,*****
464,60.255,25.043,17.4,192206042000,230,9,***,46,*****
465,60.255,25.043,17.4,192206050600,230,7,***,50,*****
466,60.255,25.043,17.4,192206051300,230,7,***,59,*****
467,60.255,25.043,17.4,192206052000,140,5,***,51,*****
468,60.255,25.043,17.4,192206060600,140,5,***,51,*****
469,60.255,25.043,17.4,192206061300,200,7,***,60,*****
470,60.255,25.043,17.4,192206062000,230,5,***,51,*****
471,60.255,25.043,17.4,192206070600,270,2,***,46,*****
472,60.255,25.043,17.4,192206071300,230,5,***,57,*****
473,60.255,25.043,17.4,192206072000,270,2,***,53,*****
474,60.255,25.043,17.4,192206080600,050,5,***,57,*****
475,60.255,25.043,17.4,192206081300,180,5,***,58,*****
476,60.255,25.043,17.4,192206082000,230,2,***,55,*****
477,60.255,25.043,17.4,192206090600,320,9,***,54,*****
478,60.255,25.043,17.4,192206091300,320,9,***,55,*****
479,60.255,25.043,17.4,192206092000,340,5,***,54,*****
480,60.255,25.043,17.4,192206100600,360,2,***,59,*****
481,60.255,25.043,17.4,192206101300,050,11,***,68,*****
482,60.255,25.043,17.4,192206102000,050,9,***,59,*****
483,60.255,25.043,17.4,192206110600,090,9,***,61,*****
484,60.255,25.043,17.4,192206111300,270,11,***,64,*****
485,60.255,25.043,17.4,192206112000,320,7,***,61,*****
486,60.255,25.043,17.4,192206120600,320,5,***,58,*****
487,60.255,25.043,17.4,192206121300,230,7,***,64,*****
488,60.255,25.043,17.4,192206122000,160,2,***,57,*****
489,60.255,25.043,17.4,192206130600,070,5,***,57,*****
490,60.255,25.043,17.4,192206131300,110,9,***,65,*****
491,60.255,25.043,17.4,192206132000,090,5,***,58,*****
492,60.255,25.043,17.4,192206140600,090,5,***,57,*****
493,60.255,25.043,17.4,192206141300,230,7,***,58,*****
494,60.255,25.043,17.4,192206142000,***,0,***,59,*****
495,60.255,25.043,17.4,192206150600,340,7,***,58,*****
496,60.255,25.043,17.4,192206151300,270,7,***,62,*****
497,60.255,25.043,17.4,192206152000,270,7,***,61,*****
498,60.255,25.043,17.4,192206160600,230,7,***,55,*****
499,60.255,25.043,17.4,192206161300,230,16,***,60,*****
500,60.255,25.043,17.4,192206162000,270,9,***,57,*****
501,60.255,25.043,17.4,192206170600,270,7,***,57,*****
502,60.255,25.043,17.4,192206171300,180,7,***,66,*****
503,60.255,25.043,17.4,192206172000,090,5,***,59,*****
504,60.255,25.043,17.4,192206180600,070,5,***,62,*****
505,60.255,25.043,17.4,192206181300,090,11,***,67,*****
506,60.255,25.043,17.4,192206182000,070,9,***,66,*****
507,60.255,25.043,17.4,192206190600,090,11,***,61,*****
508,60.255,25.043,17.4,192206191300,070,11,***,63,*****
509,60.255,25.043,17.4,192206192000,090,7,***,60,*****
510,60.255,25.043,17.4,192206200600,180,9,***,55,*****
511,60.255,25.043,17.4,192206201300,250,9,***,56,*****
512,60.255,25.043,17.4,192206202000,270,7,***,54,*****
513,60.255,25.043,17.4,192206210600,050,11,***,64,*****
514,60.255,25.043,17.4,192206211300,090,14,***,60,*****
515,60.255,25.043,17.4,192206212000,090,2,***,60,*****
516,60.255,25.043,17.4,192206220600,***,0,***,67,*****
517,60.255,25.043,17.4,192206221300,180,7,***,69,*****
518,60.255,25.043,17.4,192206222000,180,11,***,55,*****
519,60.255,25.043,17.4,192206230600,270,9,***,55,*****
520,60.255,25.043,17.4,192206231300,230,14,***,60,*****
521,60.255,25.043,17.4,192206232000,230,9,***,56,*****
522,60.255,25.043,17.4,192206240600,230,7,***,55,*****
523,60.255,25.043,17.4,192206241300,140,9,***,56,*****
524,60.255,25.043,17.4,192206242000,320,5,***,53,*****
525,60.255,25.043,17.4,192206250600,250,9,***,54,*****
526,60.255,25.043,17.4,192206251300,180,14,***,59,*****
527,60.255,25.043,17.4,192206252000,250,9,***,53,*****
528,60.255,25.043,17.4,192206260600,160,5,***,50,*****
529,60.255,25.043,17.4,192206261300,070,14,***,59,*****
530,60.255,25.043,17.4,192206262000,250,7,***,54,*****
531,60.255,25.043,17.4,192206270600,180,9,***,54,*****
532,60.255,25.043,17.4,192206271300,180,9,***,62,*****
533,60.255,25.043,17.4,192206272000,140,7,***,56,*****
534,60.255,25.043,17.4,192206280600,140,7,***,55,*****
535,60.255,25.043,17.4,192206281300,230,11,***,57,*****
536,60.255,25.043,17.4,192206282000,180,9,***,53,*****
537,60.255,25.043,17.4,192206290600,180,5,***,55,*****
538,60.255,25.043,17.4,192206291300,180,9,***,61,*****
539,60.255,25.043,17.4,192206292000,160,9,***,58,*****
540,60.255,25.043,17.4,192206300600,230,9,***,57,*****
541,60.255,25.043,17.4,192206301300,200,18,***,59,*****
542,60.255,25.043,17.4,192206302000,230,11,***,53,*****
543,60.255,25.043,17.4,192207010600,230,11,***,55,*****
544,60.255,25.043,17.4,192207011300,180,14,***,61,*****
545,60.255,25.043,17.4,192207012000,250,9,***,54,*****
546,60.255,25.043,17.4,192207020600,200,9,***,54,*****
547,60.255,25.043,17.4,192207021300,230,11,***,63,*****
548,60.255,25.043,17.4,192207022000,200,5,***,57,*****
549,60.255,25.043,17.4,192207030600,110,7,***,61,*****
550,60.255,25.043,17.4,192207031300,090,7,***,67,*****
551,60.255,25.043,17.4,192207032000,160,9,***,62,*****
552,60.255,25.043,17.4,192207040600,110,5,***,58,*****
553,60.255,25.043,17.4,192207041300,090,7,***,61,*****
554,60.255,25.043,17.4,192207042000,200,5,***,59,*****
555,60.255,25.043,17.4,192207050600,200,7,***,61,*****
556,60.255,25.043,17.4,192207051300,230,14,***,63,*****
557,60.255,25.043,17.4,192207052000,140,5,***,60,*****
558,60.255,25.043,17.4,192207060600,270,9,***,59,*****
559,60.255,25.043,17.4,192207061300,230,9,***,63,*****
560,60.255,25.043,17.4,192207062000,160,5,***,60,*****
561,60.255,25.043,17.4,192207070600,070,7,***,66,*****
562,60.255,25.043,17.4,192207071300,230,9,***,77,*****
563,60.255,25.043,17.4,192207072000,270,7,***,69,*****
564,60.255,25.043,17.4,192207080600,270,7,***,58,*****
565,60.255,25.043,17.4,192207081300,180,14,***,63,*****
566,60.255,25.043,17.4,192207082000,250,14,***,55,*****
567,60.255,25.043,17.4,192207090600,230,7,***,60,*****
568,60.255,25.043,17.4,192207091300,230,11,***,64,*****
569,60.255,25.043,17.4,192207092000,160,5,***,61,*****
570,60.255,25.043,17.4,192207100600,140,11,***,61,*****
571,60.255,25.043,17.4,192207101300,230,14,***,62,*****
572,60.255,25.043,17.4,192207102000,250,7,***,58,*****
573,60.255,25.043,17.4,192207110600,270,11,***,58,*****
574,60.255,25.043,17.4,192207111300,230,16,***,61,*****
575,60.255,25.043,17.4,192207112000,230,11,***,56,*****
576,60.255,25.043,17.4,192207120600,290,9,***,60,*****
577,60.255,25.043,17.4,192207121300,270,9,***,67,*****
578,60.255,25.043,17.4,192207122000,340,9,***,60,*****
579,60.255,25.043,17.4,192207130600,320,7,***,57,*****
580,60.255,25.043,17.4,192207131300,050,9,***,61,*****
581,60.255,25.043,17.4,192207132000,020,5,***,57,*****
582,60.255,25.043,17.4,192207140600,050,9,***,53,*****
583,60.255,25.043,17.4,192207141300,160,9,***,59,*****
584,60.255,25.043,17.4,192207142000,050,7,***,58,*****
585,60.255,25.043,17.4,192207150600,090,9,***,58,*****
586,60.255,25.043,17.4,192207151300,180,9,***,61,*****
587,60.255,25.043,17.4,192207152000,090,7,***,58,*****
588,60.255,25.043,17.4,192207160600,070,7,***,60,*****
589,60.255,25.043,17.4,192207161300,090,9,***,66,*****
590,60.255,25.043,17.4,192207162000,090,7,***,62,*****
591,60.255,25.043,17.4,192207170600,090,16,***,65,*****
592,60.255,25.043,17.4,192207171300,180,19,***,66,*****
593,60.255,25.043,17.4,192207172000,090,18,***,64,*****
594,60.255,25.043,17.4,192207180600,250,2,***,56,*****
595,60.255,25.043,17.4,192207181300,090,9,***,61,*****
596,60.255,25.043,17.4,192207182000,090,9,***,61,*****
597,60.255,25.043,17.4,192207190600,050,7,***,58,*****
598,60.255,25.043,17.4,192207191300,140,11,***,64,*****
599,60.255,25.043,17.4,192207192000,070,5,***,60,*****
600,60.255,25.043,17.4,192207200600,050,5,***,59,*****
601,60.255,25.043,17.4,192207201300,160,9,***,66,*****
602,60.255,25.043,17.4,192207202000,270,2,***,62,*****
603,60.255,25.043,17.4,192207210600,340,7,***,62,*****
604,60.255,25.043,17.4,192207211300,320,14,***,73,*****
605,60.255,25.043,17.4,192207212000,320,7,***,66,*****
606,60.255,25.043,17.4,192207220600,290,14,***,61,*****
607,60.255,25.043,17.4,192207221300,290,11,***,69,*****
608,60.255,25.043,17.4,192207222000,320,7,***,62,*****
609,60.255,25.043,17.4,192207230600,320,7,***,62,*****
610,60.255,25.043,17.4,192207231300,230,9,***,66,*****
611,60.255,25.043,17.4,192207232000,250,7,***,62,*****
612,60.255,25.043,17.4,192207240600,320,7,***,59,*****
613,60.255,25.043,17.4,192207241300,270,7,***,66,*****
614,60.255,25.043,17.4,192207242000,250,5,***,61,*****
615,60.255,25.043,17.4,192207250600,090,9,***,64,*****
616,60.255,25.043,17.4,192207251300,090,9,***,69,*****
617,60.255,25.043,17.4,192207252000,090,7,***,64,*****
618,60.255,25.043,17.4,192207260600,070,9,***,65,*****
619,60.255,25.043,17.4,192207261300,050,11,***,62,*****
620,60.255,25.043,17.4,192207262000,050,11,***,63,*****
621,60.255,25.043,17.4,192207270600,050,14,***,64,*****
622,60.255,25.043,17.4,192207271300,020,16,***,70,*****
623,60.255,25.043,17.4,192207272000,360,9,***,63,*****
624,60.255,25.043,17.4,192207280600,340,11,***,61,*****
625,60.255,25.043,17.4,192207281300,360,11,***,69,*****
626,60.255,25.043,17.4,192207282000,320,7,***,63,*****
627,60.255,25.043,17.4,192207290600,320,9,***,62,*****
628,60.255,25.043,17.4,192207291300,290,11,***,70,*****
629,60.255,25.043,17.4,192207292000,270,9,***,63,*****
630,60.255,25.043,17.4,192207300600,230,9,***,64,*****
631,60.255,25.043,17.4,192207301300,230,18,***,68,*****
632,60.255,25.043,17.4,192207302000,230,11,***,60,*****
633,60.255,25.043,17.4,192207310600,230,5,***,60,*****
634,60.255,25.043,17.4,192207311300,230,11,***,67,*****
635,60.255,25.043,17.4,192207312000,250,9,***,61,*****
636,60.255,25.043,17.4,192208010600,230,7,***,62,*****
637,60.255,25.043,17.4,192208011300,230,11,***,65,*****
638,60.255,25.043,17.4,192208012000,230,9,***,61,*****
639,60.255,25.043,17.4,192208020600,230,9,***,62,*****
640,60.255,25.043,17.4,192208021300,230,14,***,64,*****
641,60.255,25.043,17.4,192208022000,250,7,***,59,*****
642,60.255,25.043,17.4,192208030600,090,7,***,57,*****
643,60.255,25.043,17.4,192208031300,320,11,***,56,*****
644,60.255,25.043,17.4,192208032000,320,11,***,55,*****
645,60.255,25.043,17.4,192208040600,290,7,***,57,*****
646,60.255,25.043,17.4,192208041300,160,11,***,65,*****
647,60.255,25.043,17.4,192208042000,250,9,***,58,*****
648,60.255,25.043,17.4,192208050600,230,9,***,59,*****
649,60.255,25.043,17.4,192208051300,180,14,***,63,*****
650,60.255,25.043,17.4,192208052000,230,7,***,58,*****
651,60.255,25.043,17.4,192208060600,090,9,***,60,*****
652,60.255,25.043,17.4,192208061300,070,14,***,64,*****
653,60.255,25.043,17.4,192208062000,090,7,***,55,*****
654,60.255,25.043,17.4,192208070600,140,5,***,59,*****
655,60.255,25.043,17.4,192208071300,090,7,***,57,*****
656,60.255,25.043,17.4,192208072000,340,7,***,56,*****
657,60.255,25.043,17.4,192208080600,270,7,***,55,*****
658,60.255,25.043,17.4,192208081300,180,14,***,64,*****
659,60.255,25.043,17.4,192208082000,250,7,***,59,*****
660,60.255,25.043,17.4,192208090600,090,5,***,58,*****
661,60.255,25.043,17.4,192208091300,090,9,***,67,*****
662,60.255,25.043,17.4,192208092000,090,11,***,60,*****
663,60.255,25.043,17.4,192208100600,090,7,***,58,*****
664,60.255,25.043,17.4,192208101300,290,5,***,62,*****
665,60.255,25.043,17.4,192208102000,290,11,***,58,*****
666,60.255,25.043,17.4,192208110600,290,11,***,57,*****
667,60.255,25.043,17.4,192208111300,270,14,***,65,*****
668,60.255,25.043,17.4,192208112000,290,7,***,58,*****
669,60.255,25.043,17.4,192208120600,250,7,***,57,*****
670,60.255,25.043,17.4,192208121300,270,11,***,65,*****
671,60.255,25.043,17.4,192208122000,320,7,***,53,*****
672,60.255,25.043,17.4,192208130600,320,11,***,51,*****
673,60.255,25.043,17.4,192208131300,290,14,***,56,*****
674,60.255,25.043,17.4,192208132000,290,7,***,54,*****
675,60.255,25.043,17.4,192208140600,320,5,***,54,*****
676,60.255,25.043,17.4,192208141300,230,5,***,60,*****
677,60.255,25.043,17.4,192208142000,090,2,***,54,*****
678,60.255,25.043,17.4,192208150600,070,2,***,53,*****
679,60.255,25.043,17.4,192208151300,230,7,***,63,*****
680,60.255,25.043,17.4,192208152000,360,2,***,55,*****
681,60.255,25.043,17.4,192208160600,360,5,***,56,*****
682,60.255,25.043,17.4,192208161300,090,7,***,58,*****
683,60.255,25.043,17.4,192208162000,320,5,***,53,*****
684,60.255,25.043,17.4,192208170600,320,5,***,54,*****
685,60.255,25.043,17.4,192208171300,200,9,***,63,*****
686,60.255,25.043,17.4,192208172000,250,5,***,56,*****
687,60.255,25.043,17.4,192208180600,200,7,***,60,*****
688,60.255,25.043,17.4,192208181300,230,9,***,62,*****
689,60.255,25.043,17.4,192208182000,180,9,***,61,*****
690,60.255,25.043,17.4,192208190600,200,5,***,59,*****
691,60.255,25.043,17.4,192208191300,270,5,***,57,*****
692,60.255,25.043,17.4,192208192000,250,2,***,55,*****
693,60.255,25.043,17.4,192208200600,***,0,***,53,*****
694,60.255,25.043,17.4,192208201300,360,9,***,56,*****
695,60.255,25.043,17.4,192208202000,290,18,***,51,*****
696,60.255,25.043,17.4,192208210600,090,14,***,56,*****
697,60.255,25.043,17.4,192208211300,160,14,***,58,*****
698,60.255,25.043,17.4,192208212000,250,11,***,56,*****
699,60.255,25.043,17.4,192208220600,230,9,***,59,*****
700,60.255,25.043,17.4,192208221300,230,9,***,62,*****
701,60.255,25.043,17.4,192208222000,200,5,***,58,*****
702,60.255,25.043,17.4,192208230600,160,7,***,59,*****
703,60.255,25.043,17.4,192208231300,110,11,***,63,*****
704,60.255,25.043,17.4,192208232000,110,14,***,62,*****
705,60.255,25.043,17.4,192208240600,090,9,***,58,*****
706,60.255,25.043,17.4,192208241300,110,14,***,65,*****
707,60.255,25.043,17.4,192208242000,160,9,***,60,*****
708,60.255,25.043,17.4,192208250600,160,9,***,58,*****
709,60.255,25.043,17.4,192208251300,160,11,***,62,*****
710,60.255,25.043,17.4,192208252000,140,7,***,58,*****
711,60.255,25.043,17.4,192208260600,110,7,***,59,*****
712,60.255,25.043,17.4,192208261300,160,9,***,62,*****
713,60.255,25.043,17.4,192208262000,090,7,***,59,*****
714,60.255,25.043,17.4,192208270600,200,9,***,58,*****
715,60.255,25.043,17.4,192208271300,230,11,***,62,*****
716,60.255,25.043,17.4,192208272000,250,7,***,58,*****
717,60.255,25.043,17.4,192208280600,250,5,***,58,*****
718,60.255,25.043,17.4,192208281300,200,11,***,62,*****
719,60.255,25.043,17.4,192208282000,250,5,***,57,*****
720,60.255,25.043,17.4,192208290600,270,5,***,57,*****
721,60.255,25.043,17.4,192208291300,250,11,***,61,*****
722,60.255,25.043,17.4,192208292000,230,7,***,60,*****
723,60.255,25.043,17.4,192208300600,180,9,***,61,*****
724,60.255,25.043,17.4,192208301300,180,5,***,66,*****
725,60.255,25.043,17.4,192208302000,230,2,***,59,*****
726,60.255,25.043,17.4,192208310600,360,2,***,55,*****
727,60.255,25.043,17.4,192208311300,110,7,***,67,*****
728,60.255,25.043,17.4,192208312000,090,7,***,60,*****
729,60.255,25.043,17.4,192209010600,090,7,***,56,*****
730,60.255,25.043,17.4,192209011300,090,14,***,59,*****
731,60.255,25.043,17.4,192209012000,050,9,***,53,*****
732,60.255,25.043,17.4,192209020600,090,7,***,55,*****
733,60.255,25.043,17.4,192209021300,110,11,***,61,*****
734,60.255,25.043,17.4,192209022000,090,9,***,59,*****
735,60.255,25.043,17.4,192209030600,110,11,***,57,*****
736,60.255,25.043,17.4,192209031300,110,11,***,58,*****
737,60.255,25.043,17.4,192209032000,140,9,***,56,*****
738,60.255,25.043,17.4,192209040600,180,7,***,55,*****
739,60.255,25.043,17.4,192209041300,180,7,***,57,*****
740,60.255,25.043,17.4,192209042000,180,2,***,51,*****
741,60.255,25.043,17.4,192209050600,320,2,***,51,*****
742,60.255,25.043,17.4,192209051300,230,9,***,60,*****
743,60.255,25.043,17.4,192209052000,270,5,***,54,*****
744,60.255,25.043,17.4,192209060600,270,2,***,52,*****
745,60.255,25.043,17.4,192209061300,230,7,***,62,*****
746,60.255,25.043,17.4,192209062000,***,0,***,53,*****
747,60.255,25.043,17.4,192209070600,160,2,***,51,*****
748,60.255,25.043,17.4,192209071300,200,9,***,62,*****
749,60.255,25.043,17.4,192209072000,270,5,***,56,*****
750,60.255,25.043,17.4,192209080600,230,7,***,58,*****
751,60.255,25.043,17.4,192209081300,200,7,***,60,*****
752,60.255,25.043,17.4,192209082000,180,5,***,58,*****
753,60.255,25.043,17.4,192209090600,140,5,***,57,*****
754,60.255,25.043,17.4,192209091300,110,7,***,58,*****
755,60.255,25.043,17.4,192209092000,090,2,***,56,*****
756,60.255,25.043,17.4,192209100600,270,2,***,52,*****
757,60.255,25.043,17.4,192209101300,250,5,***,58,*****
758,60.255,25.043,17.4,192209102000,***,0,***,54,*****
759,60.255,25.043,17.4,192209110600,230,5,***,54,*****
760,60.255,25.043,17.4,192209111300,230,14,***,61,*****
761,60.255,25.043,17.4,192209112000,230,9,***,58,*****
762,60.255,25.043,17.4,192209120600,200,7,***,56,*****
763,60.255,25.043,17.4,192209121300,180,9,***,62,*****
764,60.255,25.043,17.4,192209122000,160,9,***,61,*****
765,60.255,25.043,17.4,192209130600,140,9,***,58,*****
766,60.255,25.043,17.4,192209131300,090,11,***,63,*****
767,60.255,25.043,17.4,192209132000,090,11,***,62,*****
768,60.255,25.043,17.4,192209140600,090,16,***,60,*****
769,60.255,25.043,17.4,192209141300,110,16,***,58,*****
770,60.255,25.043,17.4,192209142000,140,16,***,56,*****
771,60.255,25.043,17.4,192209150600,140,7,***,55,*****
772,60.255,25.043,17.4,192209151300,230,7,***,58,*****
773,60.255,25.043,17.4,192209152000,230,9,***,56,*****
774,60.255,25.043,17.4,192209160600,180,11,***,55,*****
775,60.255,25.043,17.4,192209161300,180,9,***,59,*****
776,60.255,25.043,17.4,192209162000,180,7,***,56,*****
777,60.255,25.043,17.4,192209170600,270,9,***,53,*****
778,60.255,25.043,17.4,192209171300,270,14,***,58,*****
779,60.255,25.043,17.4,192209172000,230,16,***,56,*****
780,60.255,25.043,17.4,192209180600,200,18,***,56,*****
781,60.255,25.043,17.4,192209181300,230,11,***,58,*****
782,60.255,25.043,17.4,192209182000,200,9,***,54,*****
783,60.255,25.043,17.4,192209190600,090,5,***,51,*****
784,60.255,25.043,17.4,192209191300,180,5,***,55,*****
785,60.255,25.043,17.4,192209192000,360,7,***,50,*****
786,60.255,25.043,17.4,192209200600,320,7,***,45,*****
787,60.255,25.043,17.4,192209201300,200,9,***,53,*****
788,60.255,25.043,17.4,192209202000,160,11,***,53,*****
789,60.255,25.043,17.4,192209210600,110,14,***,51,*****
790,60.255,25.043,17.4,192209211300,160,9,***,51,*****
791,60.255,25.043,17.4,192209212000,270,7,***,47,*****
792,60.255,25.043,17.4,192209220600,290,18,***,43,*****
793,60.255,25.043,17.4,192209221300,320,18,***,51,*****
794,60.255,25.043,17.4,192209222000,320,11,***,42,*****
795,60.255,25.043,17.4,192209230600,180,11,***,46,*****
796,60.255,25.043,17.4,192209231300,290,7,***,47,*****
797,60.255,25.043,17.4,192209232000,320,9,***,42,*****
798,60.255,25.043,17.4,192209240600,340,9,***,39,*****
799,60.255,25.043,17.4,192209241300,320,14,***,51,*****
800,60.255,25.043,17.4,192209242000,340,7,***,43,*****
801,60.255,25.043,17.4,192209250600,320,9,***,44,*****
802,60.255,25.043,17.4,192209251300,320,16,***,49,*****
803,60.255,25.043,17.4,192209252000,320,14,***,45,*****
804,60.255,25.043,17.4,192209260600,320,11,***,45,*****
805,60.255,25.043,17.4,192209261300,320,14,***,48,*****
806,60.255,25.043,17.4,192209262000,320,11,***,44,*****
807,60.255,25.043,17.4,192209270600,320,11,***,46,*****
808,60.255,25.043,17.4,192209271300,320,16,***,50,*****
809,60.255,25.043,17.4,192209272000,320,11,***,43,*****
810,60.255,25.043,17.4,192209280600,320,9,***,43,*****
811,60.255,25.043,17.4,192209281300,320,11,***,51,*****
812,60.255,25.043,17.4,192209282000,340,9,***,44,*****
813,60.255,25.043,17.4,192209290600,320,9,***,42,*****
814,60.255,25.043,17.4,192209291300,320,14,***,50,*****
815,60.255,25.043,17.4,192209292000,320,7,***,42,*****
816,60.255,25.043,17.4,192209300600,340,11,***,40,*****
817,60.255,25.043,17.4,192209301300,050,9,***,48,*****
818,60.255,25.043,17.4,192209302000,050,7,***,44,*****
819,60.255,25.043,17.4,192210010600,050,5,***,39,*****
820,60.255,25.043,17.4,192210011300,090,5,***,47,*****
821,60.255,25.043,17.4,192210012000,250,2,***,44,*****
822,60.255,25.043,17.4,192210020600,180,7,***,46,*****
823,60.255,25.043,17.4,192210021300,200,7,***,48,*****
824,60.255,25.043,17.4,192210022000,290,5,***,43,*****
825,60.255,25.043,17.4,192210030600,140,7,***,47,*****
826,60.255,25.043,17.4,192210031300,140,5,***,46,*****
827,60.255,25.043,17.4,192210032000,050,9,***,42,*****
828,60.255,25.043,17.4,192210040600,050,5,***,38,*****
829,60.255,25.043,17.4,192210041300,050,7,***,43,*****
830,60.255,25.043,17.4,192210042000,340,7,***,40,*****
831,60.255,25.043,17.4,192210050600,050,7,***,37,*****
832,60.255,25.043,17.4,192210051300,340,11,***,43,*****
833,60.255,25.043,17.4,192210052000,320,9,***,38,*****
834,60.255,25.043,17.4,192210060600,340,11,***,40,*****
835,60.255,25.043,17.4,192210061300,340,14,***,45,*****
836,60.255,25.043,17.4,192210062000,290,9,***,40,*****
837,60.255,25.043,17.4,192210070600,270,9,***,41,*****
838,60.255,25.043,17.4,192210071300,320,16,***,46,*****
839,60.255,25.043,17.4,192210072000,320,9,***,37,*****
840,60.255,25.043,17.4,192210080600,320,7,***,33,*****
841,60.255,25.043,17.4,192210081300,320,9,***,45,*****
842,60.255,25.043,17.4,192210082000,340,7,***,36,*****
843,60.255,25.043,17.4,192210090600,320,5,***,31,*****
844,60.255,25.043,17.4,192210091300,270,9,***,47,*****
845,60.255,25.043,17.4,192210092000,270,7,***,45,*****
846,60.255,25.043,17.4,192210100600,290,5,***,42,*****
847,60.255,25.043,17.4,192210101300,320,5,***,47,*****
848,60.255,25.043,17.4,192210102000,290,5,***,46,*****
849,60.255,25.043,17.4,192210110600,270,7,***,48,*****
850,60.255,25.043,17.4,192210111300,230,9,***,48,*****
851,60.255,25.043,17.4,192210112000,180,5,***,47,*****
852,60.255,25.043,17.4,192210120600,200,7,***,45,*****
853,60.255,25.043,17.4,192210121300,180,7,***,46,*****
854,60.255,25.043,17.4,192210122000,200,7,***,46,*****
855,60.255,25.043,17.4,192210130600,230,7,***,48,*****
856,60.255,25.043,17.4,192210131300,200,5,***,48,*****
857,60.255,25.043,17.4,192210132000,140,5,***,45,*****
858,60.255,25.043,17.4,192210140600,140,5,***,45,*****
859,60.255,25.043,17.4,192210141300,230,11,***,48,*****
860,60.255,25.043,17.4,192210142000,230,14,***,50,*****
861,60.255,25.043,17.4,192210150600,250,11,***,49,*****
862,60.255,25.043,17.4,192210151300,290,16,***,51,*****
863,60.255,25.043,17.4,192210152000,320,18,***,46,*****
864,60.255,25.043,17.4,192210160600,320,24,***,41,*****
865,60.255,25.043,17.4,192210161300,320,18,***,44,*****
866,60.255,25.043,17.4,192210162000,360,14,***,44,*****
867,60.255,25.043,17.4,192210170600,070,14,***,41,*****
868,60.255,25.043,17.4,192210171300,050,16,***,44,*****
869,60.255,25.043,17.4,192210172000,360,9,***,37,*****
870,60.255,25.043,17.4,192210180600,050,9,***,32,*****
871,60.255,25.043,17.4,192210181300,090,7,***,38,*****
872,60.255,25.043,17.4,192210182000,090,5,***,31,*****
873,60.255,25.043,17.4,192210190600,270,9,***,37,*****
874,60.255,25.043,17.4,192210191300,290,14,***,45,*****
875,60.255,25.043,17.4,192210192000,290,7,***,38,*****
876,60.255,25.043,17.4,192210200600,270,7,***,35,*****
877,60.255,25.043,17.4,192210201300,250,9,***,46,*****
878,60.255,25.043,17.4,192210202000,270,9,***,40,*****
879,60.255,25.043,17.4,192210210600,320,14,***,33,*****
880,60.255,25.043,17.4,192210211300,360,16,***,37,*****
881,60.255,25.043,17.4,192210212000,360,5,***,28,*****
882,60.255,25.043,17.4,192210220600,250,11,***,36,*****
883,60.255,25.043,17.4,192210221300,320,9,***,35,*****
884,60.255,25.043,17.4,192210222000,360,11,***,33,*****
885,60.255,25.043,17.4,192210230600,320,9,***,28,*****
886,60.255,25.043,17.4,192210231300,320,11,***,28,*****
887,60.255,25.043,17.4,192210232000,320,11,***,25,*****
888,60.255,25.043,17.4,192210240600,320,11,***,22,*****
889,60.255,25.043,17.4,192210241300,320,18,***,30,*****
890,60.255,25.043,17.4,192210242000,320,11,***,27,*****
891,60.255,25.043,17.4,192210250600,320,7,***,19,*****
892,60.255,25.043,17.4,192210251300,320,5,***,33,*****
893,60.255,25.043,17.4,192210252000,180,5,***,30,*****
894,60.255,25.043,17.4,192210260600,320,7,***,30,*****
895,60.255,25.043,17.4,192210261300,270,7,***,33,*****
896,60.255,25.043,17.4,192210262000,270,5,***,29,*****
897,60.255,25.043,17.4,192210270600,320,5,***,20,*****
898,60.255,25.043,17.4,192210271300,020,7,***,26,*****
899,60.255,25.043,17.4,192210272000,050,7,***,20,*****
900,60.255,25.043,17.4,192210280600,360,9,***,21,*****
901,60.255,25.043,17.4,192210281300,020,9,***,29,*****
902,60.255,25.043,17.4,192210282000,360,5,***,21,*****
903,60.255,25.043,17.4,192210290600,270,5,***,24,*****
904,60.255,25.043,17.4,192210291300,250,14,***,38,*****
905,60.255,25.043,17.4,192210292000,270,11,***,35,*****
906,60.255,25.043,17.4,192210300600,270,7,***,30,*****
907,60.255,25.043,17.4,192210301300,050,5,***,34,*****
908,60.255,25.043,17.4,192210302000,070,7,***,34,*****
909,60.255,25.043,17.4,192210310600,070,14,***,31,*****
910,60.255,25.043,17.4,192210311300,360,14,***,31,*****
911,60.255,25.043,17.4,192210312000,020,9,***,20,*****
912,60.255,25.043,17.4,192211010600,020,5,***,18,*****
913,60.255,25.043,17.4,192211011300,230,16,***,35,*****
914,60.255,25.043,17.4,192211012000,230,14,***,35,*****
915,60.255,25.043,17.4,192211020600,180,14,***,26,*****
916,60.255,25.043,17.4,192211021300,180,16,***,32,*****
917,60.255,25.043,17.4,192211022000,180,18,***,35,*****
918,60.255,25.043,17.4,192211030600,180,16,***,39,*****
919,60.255,25.043,17.4,192211031300,230,19,***,40,*****
920,60.255,25.043,17.4,192211032000,230,18,***,39,*****
921,60.255,25.043,17.4,192211040600,230,18,***,40,*****
922,60.255,25.043,17.4,192211041300,250,14,***,40,*****
923,60.255,25.043,17.4,192211042000,180,7,***,39,*****
924,60.255,25.043,17.4,192211050600,020,11,***,33,*****
925,60.255,25.043,17.4,192211051300,320,11,***,33,*****
926,60.255,25.043,17.4,192211052000,270,16,***,34,*****
927,60.255,25.043,17.4,192211060600,270,9,***,32,*****
928,60.255,25.043,17.4,192211061300,270,9,***,36,*****
929,60.255,25.043,17.4,192211062000,270,7,***,35,*****
930,60.255,25.043,17.4,192211070600,250,7,***,38,*****
931,60.255,25.043,17.4,192211071300,200,7,***,37,*****
932,60.255,25.043,17.4,192211072000,140,11,***,34,*****
933,60.255,25.043,17.4,192211080600,140,11,***,35,*****
934,60.255,25.043,17.4,192211081300,070,11,***,33,*****
935,60.255,25.043,17.4,192211082000,110,7,***,34,*****
936,60.255,25.043,17.4,192211090600,140,5,***,36,*****
937,60.255,25.043,17.4,192211091300,110,5,***,35,*****
938,60.255,25.043,17.4,192211092000,270,7,***,34,*****
939,60.255,25.043,17.4,192211100600,270,7,***,33,*****
940,60.255,25.043,17.4,192211101300,270,7,***,37,*****
941,60.255,25.043,17.4,192211102000,270,5,***,36,*****
942,60.255,25.043,17.4,192211110600,270,2,***,35,*****
943,60.255,25.043,17.4,192211111300,200,9,***,39,*****
944,60.255,25.043,17.4,192211112000,230,9,***,40,*****
945,60.255,25.043,17.4,192211120600,250,7,***,39,*****
946,60.255,25.043,17.4,192211121300,250,7,***,40,*****
947,60.255,25.043,17.4,192211122000,250,7,***,39,*****
948,60.255,25.043,17.4,192211130600,230,7,***,39,*****
949,60.255,25.043,17.4,192211131300,250,11,***,39,*****
950,60.255,25.043,17.4,192211132000,250,9,***,40,*****
951,60.255,25.043,17.4,192211140600,270,7,***,37,*****
952,60.255,25.043,17.4,192211141300,250,7,***,37,*****
953,60.255,25.043,17.4,192211142000,270,11,***,40,*****
954,60.255,25.043,17.4,192211150600,320,16,***,36,*****
955,60.255,25.043,17.4,192211151300,320,16,***,38,*****
956,60.255,25.043,17.4,192211152000,320,11,***,34,*****
957,60.255,25.043,17.4,192211160600,290,9,***,29,*****
958,60.255,25.043,17.4,192211161300,250,7,***,36,*****
959,60.255,25.043,17.4,192211162000,230,16,***,40,*****
960,60.255,25.043,17.4,192211170600,270,9,***,37,*****
961,60.255,25.043,17.4,192211171300,290,16,***,39,*****
962,60.255,25.043,17.4,192211172000,320,16,***,36,*****
963,60.255,25.043,17.4,192211180600,320,9,***,29,*****
964,60.255,25.043,17.4,192211181300,320,11,***,30,*****
965,60.255,25.043,17.4,192211182000,050,14,***,27,*****
966,60.255,25.043,17.4,192211190600,320,9,***,28,*****
967,60.255,25.043,17.4,192211191300,320,9,***,28,*****
968,60.255,25.043,17.4,192211192000,340,9,***,27,*****
969,60.255,25.043,17.4,192211200600,320,9,***,24,*****
970,60.255,25.043,17.4,192211201300,320,14,***,25,*****
971,60.255,25.043,17.4,192211202000,340,11,***,26,*****
972,60.255,25.043,17.4,192211210600,320,7,***,22,*****
973,60.255,25.043,17.4,192211211300,270,7,***,28,*****
974,60.255,25.043,17.4,192211212000,270,18,***,36,*****
975,60.255,25.043,17.4,192211220600,270,7,***,34,*****
976,60.255,25.043,17.4,192211221300,320,11,***,40,*****
977,60.255,25.043,17.4,192211222000,250,7,***,35,*****
978,60.255,25.043,17.4,192211230600,230,14,***,37,*****
979,60.255,25.043,17.4,192211231300,250,9,***,37,*****
980,60.255,25.043,17.4,192211232000,230,16,***,41,*****
981,60.255,25.043,17.4,192211240600,230,7,***,39,*****
982,60.255,25.043,17.4,192211241300,290,19,***,32,*****
983,60.255,25.043,17.4,192211242000,290,9,***,28,*****
984,60.255,25.043,17.4,192211250600,320,19,***,31,*****
985,60.255,25.043,17.4,192211251300,320,16,***,27,*****
986,60.255,25.043,17.4,192211252000,340,14,***,27,*****
987,60.255,25.043,17.4,192211260600,320,7,***,22,*****
988,60.255,25.043,17.4,192211261300,050,7,***,22,*****
989,60.255,25.043,17.4,192211262000,020,9,***,15,*****
990,60.255,25.043,17.4,192211270600,360,5,***,10,*****
991,60.255,25.043,17.4,192211271300,340,5,***,19,*****
992,60.255,25.043,17.4,192211272000,340,9,***,18,*****
993,60.255,25.043,17.4,192211280600,270,5,***,17,*****
994,60.255,25.043,17.4,192211281300,230,14,***,32,*****
995,60.255,25.043,17.4,192211282000,230,22,***,33,*****
996,60.255,25.043,17.4,192211290600,290,7,***,31,*****
997,60.255,25.043,17.4,192211291300,320,7,***,22,*****
998,60.255,25.043,17.4,192211292000,320,5,***,21,*****
999,60.255,25.043,17.4,192211300600,320,5,***,13,*****
1000,60.255,25.043,17.4,192211301300,320,7,***,16,*****
1001,60.255,25.043,17.4,192211302000,320,5,***,8,*****
1002,60.255,25.043,17.4,192212010600,140,7,***,7,*****
1003,60.255,25.043,17.4,192212011300,180,9,***,31,*****
1004,60.255,25.043,17.4,192212012000,250,14,***,35,*****
1005,60.255,25.043,17.4,192212020600,270,11,***,36,*****
1006,60.255,25.043,17.4,192212021300,320,9,***,33,*****
1007,60.255,25.043,17.4,192212022000,050,14,***,22,*****
1008,60.255,25.043,17.4,192212030600,020,9,***,8,*****
1009,60.255,25.043,17.4,192212031300,320,9,***,11,*****
1010,60.255,25.043,17.4,192212032000,050,5,***,2,*****
1011,60.255,25.043,17.4,192212040600,230,11,***,25,*****
1012,60.255,25.043,17.4,192212041300,250,19,***,29,*****
1013,60.255,25.043,17.4,192212042000,230,18,***,33,*****
1014,60.255,25.043,17.4,192212050600,230,11,***,35,*****
1015,60.255,25.043,17.4,192212051300,270,9,***,34,*****
1016,60.255,25.043,17.4,192212052000,320,9,***,32,*****
1017,60.255,25.043,17.4,192212060600,320,5,***,29,*****
1018,60.255,25.043,17.4,192212061300,320,5,***,29,*****
1019,60.255,25.043,17.4,192212062000,320,7,***,26,*****
1020,60.255,25.043,17.4,192212070600,***,0,***,23,*****
1021,60.255,25.043,17.4,192212071300,320,9,***,24,*****
1022,60.255,25.043,17.4,192212072000,050,5,***,23,*****
1023,60.255,25.043,17.4,192212080600,050,11,***,22,*****
1024,60.255,25.043,17.4,192212081300,360,11,***,20,*****
1025,60.255,25.043,17.4,192212082000,360,14,***,16,*****
1026,60.255,25.043,17.4,192212090600,050,7,***,13,*****
1027,60.255,25.043,17.4,192212091300,320,5,***,12,*****
1028,60.255,25.043,17.4,192212092000,320,7,***,9,*****
1029,60.255,25.043,17.4,192212100600,200,7,***,23,*****
1030,60.255,25.043,17.4,192212101300,230,5,***,26,*****
1031,60.255,25.043,17.4,192212102000,340,11,***,19,*****
1032,60.255,25.043,17.4,192212110600,340,9,***,12,*****
1033,60.255,25.043,17.4,192212111300,320,11,***,26,*****
1034,60.255,25.043,17.4,192212112000,290,11,***,29,*****
1035,60.255,25.043,17.4,192212120600,020,11,***,24,*****
1036,60.255,25.043,17.4,192212121300,050,2,***,18,*****
1037,60.255,25.043,17.4,192212122000,050,7,***,21,*****
1038,60.255,25.043,17.4,192212130600,140,9,***,27,*****
1039,60.255,25.043,17.4,192212131300,090,5,***,30,*****
1040,60.255,25.043,17.4,192212132000,230,11,***,34,*****
1041,60.255,25.043,17.4,192212140600,230,18,***,40,*****
1042,60.255,25.043,17.4,192212141300,290,22,***,41,*****
1043,60.255,25.043,17.4,192212142000,290,19,***,39,*****
1044,60.255,25.043,17.4,192212150600,340,11,***,20,*****
1045,60.255,25.043,17.4,192212151300,320,11,***,19,*****
1046,60.255,25.043,17.4,192212152000,340,14,***,16,*****
1047,60.255,25.043,17.4,192212160600,320,7,***,11,*****
1048,60.255,25.043,17.4,192212161300,290,5,***,16,*****
1049,60.255,25.043,17.4,192212162000,250,5,***,25,*****
1050,60.255,25.043,17.4,192212170600,270,9,***,29,*****
1051,60.255,25.043,17.4,192212171300,250,7,***,29,*****
1052,60.255,25.043,17.4,192212172000,270,11,***,30,*****
1053,60.255,25.043,17.4,192212180600,270,11,***,17,*****
1054,60.255,25.043,17.4,192212181300,320,14,***,20,*****
1055,60.255,25.043,17.4,192212182000,340,11,***,16,*****
1056,60.255,25.043,17.4,192212190600,360,7,***,15,*****
1057,60.255,25.043,17.4,192212191300,340,5,***,14,*****
1058,60.255,25.043,17.4,192212192000,360,7,***,10,*****
1059,60.255,25.043,17.4,192212200600,050,7,***,3,*****
1060,60.255,25.043,17.4,192212201300,050,7,***,7,*****
1061,60.255,25.043,17.4,192212202000,050,7,***,12,*****
1062,60.255,25.043,17.4,192212210600,050,7,***,18,*****
1063,60.255,25.043,17.4,192212211300,090,7,***,19,*****
1064,60.255,25.043,17.4,192212212000,090,11,***,20,*****
1065,60.255,25.043,17.4,192212220600,140,14,***,21,*****
1066,60.255,25.043,17.4,192212221300,180,9,***,22,*****
1067,60.255,25.043,17.4,192212222000,180,9,***,24,*****
1068,60.255,25.043,17.4,192212230600,200,11,***,29,*****
1069,60.255,25.043,17.4,192212231300,200,9,***,31,*****
1070,60.255,25.043,17.4,192212232000,230,9,***,33,*****
1071,60.255,25.043,17.4,192212240600,230,9,***,34,*****
1072,60.255,25.043,17.4,192212241300,230,9,***,34,*****
1073,60.255,25.043,17.4,192212242000,230,9,***,34,*****
1074,60.255,25.043,17.4,192212250600,230,9,***,35,*****
1075,60.255,25.043,17.4,192212251300,230,11,***,36,*****
1076,60.255,25.043,17.4,192212252000,250,9,***,35,*****
1077,60.255,25.043,17.4,192212260600,230,11,***,35,*****
1078,60.255,25.043,17.4,192212261300,230,14,***,35,*****
1079,60.255,25.043,17.4,192212262000,200,14,***,34,*****
1080,60.255,25.043,17.4,192212270600,230,14,***,34,*****
1081,60.255,25.043,17.4,192212271300,230,11,***,35,*****
1082,60.255,25.043,17.4,192212272000,230,18,***,36,*****
1083,60.255,25.043,17.4,192212280600,250,9,***,36,*****
1084,60.255,25.043,17.4,192212281300,230,9,***,36,*****
1085,60.255,25.043,17.4,192212282000,230,9,***,35,*****
1086,60.255,25.043,17.4,192212290600,180,11,***,34,*****
1087,60.255,25.043,17.4,192212291300,180,11,***,32,*****
1088,60.255,25.043,17.4,192212292000,160,9,***,31,*****
1089,60.255,25.043,17.4,192212300600,140,5,***,31,*****
1090,60.255,25.043,17.4,192212301300,090,5,***,32,*****
1091,60.255,25.043,17.4,192212302000,090,11,***,32,*****
1092,60.255,25.043,17.4,192212310600,200,7,***,34,*****
1093,60.255,25.043,17.4,192212311300,180,7,***,34,*****
1094,60.255,25.043,17.4,192212312000,090,5,***,34,*****
