,Lat,Lon,Ele,YR--MODAHRMN,DIR,SPD,GUS,TEMP,ALT
0,60.255,25.043,17.4,192301010600,140,7,***,34,*****
1,60.255,25.043,17.4,192301011300,230,11,***,33,*****
2,60.255,25.043,17.4,192301012000,230,11,***,35,*****
3,60.255,25.043,17.4,192301020600,250,14,***,35,*****
4,60.255,25.043,17.4,192301021300,230,11,***,34,*****
5,60.255,25.043,17.4,192301022000,230,9,***,35,*****
6,60.255,25.043,17.4,192301030600,230,7,***,35,*****
7,60.255,25.043,17.4,192301031300,200,11,***,35,*****
8,60.255,25.043,17.4,192301032000,230,14,***,33,*****
9,60.255,25.043,17.4,192301040600,200,11,***,33,*****
10,60.255,25.043,17.4,192301041300,230,11,***,35,*****
11,60.255,25.043,17.4,192301042000,230,11,***,34,*****
12,60.255,25.043,17.4,192301050600,230,9,***,34,*****
13,60.255,25.043,17.4,192301051300,250,9,***,33,*****
14,60.255,25.043,17.4,192301052000,250,7,***,34,*****
15,60.255,25.043,17.4,192301060600,200,5,***,34,*****
16,60.255,25.043,17.4,192301061300,180,7,***,33,*****
17,60.255,25.043,17.4,192301062000,180,7,***,31,*****
18,60.255,25.043,17.4,192301070600,180,7,***,29,*****
19,60.255,25.043,17.4,192301071300,180,7,***,29,*****
20,60.255,25.043,17.4,192301072000,200,7,***,29,*****
21,60.255,25.043,17.4,192301080600,200,7,***,31,*****
22,60.255,25.043,17.4,192301081300,160,9,***,32,*****
23,60.255,25.043,17.4,192301082000,230,11,***,34,*****
24,60.255,25.043,17.4,192301090600,200,18,***,33,*****
25,60.255,25.043,17.4,192301091300,230,18,***,34,*****
26,60.255,25.043,17.4,192301092000,230,9,***,35,*****
27,60.255,25.043,17.4,192301100600,230,11,***,34,*****
28,60.255,25.043,17.4,192301101300,200,11,***,33,*****
29,60.255,25.043,17.4,192301102000,230,9,***,33,*****
30,60.255,25.043,17.4,192301110600,200,11,***,34,*****
31,60.255,25.043,17.4,192301111300,200,9,***,34,*****
32,60.255,25.043,17.4,192301112000,200,9,***,33,*****
33,60.255,25.043,17.4,192301120600,180,14,***,35,*****
34,60.255,25.043,17.4,192301121300,200,11,***,35,*****
35,60.255,25.043,17.4,192301122000,180,14,***,33,*****
36,60.255,25.043,17.4,192301130600,230,9,***,34,*****
37,60.255,25.043,17.4,192301131300,270,7,***,33,*****
38,60.255,25.043,17.4,192301132000,320,9,***,30,*****
39,60.255,25.043,17.4,192301140600,250,2,***,24,*****
40,60.255,25.043,17.4,192301141300,230,11,***,31,*****
41,60.255,25.043,17.4,192301142000,230,14,***,32,*****
42,60.255,25.043,17.4,192301150600,180,19,***,31,*****
43,60.255,25.043,17.4,192301151300,180,16,***,28,*****
44,60.255,25.043,17.4,192301152000,140,11,***,28,*****
45,60.255,25.043,17.4,192301160600,110,11,***,27,*****
46,60.255,25.043,17.4,192301161300,050,11,***,26,*****
47,60.255,25.043,17.4,192301162000,070,11,***,23,*****
48,60.255,25.043,17.4,192301170600,090,9,***,23,*****
49,60.255,25.043,17.4,192301171300,070,9,***,20,*****
50,60.255,25.043,17.4,192301172000,070,9,***,19,*****
51,60.255,25.043,17.4,192301180600,070,11,***,19,*****
52,60.255,25.043,17.4,192301181300,050,7,***,19,*****
53,60.255,25.043,17.4,192301182000,070,7,***,19,*****
54,60.255,25.043,17.4,192301190600,090,7,***,21,*****
55,60.255,25.043,17.4,192301191300,230,7,***,24,*****
56,60.255,25.043,17.4,192301192000,200,14,***,25,*****
57,60.255,25.043,17.4,192301200600,180,19,***,29,*****
58,60.255,25.043,17.4,192301201300,180,22,***,28,*****
59,60.255,25.043,17.4,192301202000,200,18,***,29,*****
60,60.255,25.043,17.4,192301210600,200,16,***,32,*****
61,60.255,25.043,17.4,192301211300,250,9,***,34,*****
62,60.255,25.043,17.4,192301212000,230,7,***,30,*****
63,60.255,25.043,17.4,192301220600,230,22,***,32,*****
64,60.255,25.043,17.4,192301221300,290,7,***,34,*****
65,60.255,25.043,17.4,192301222000,270,9,***,26,*****
66,60.255,25.043,17.4,192301230600,270,9,***,25,*****
67,60.255,25.043,17.4,192301231300,320,16,***,28,*****
68,60.255,25.043,17.4,192301232000,320,14,***,21,*****
69,60.255,25.043,17.4,192301240600,230,9,***,29,*****
70,60.255,25.043,17.4,192301241300,180,11,***,30,*****
71,60.255,25.043,17.4,192301242000,290,7,***,30,*****
72,60.255,25.043,17.4,192301250600,270,9,***,26,*****
73,60.255,25.043,17.4,192301251300,290,14,***,33,*****
74,60.255,25.043,17.4,192301252000,230,14,***,35,*****
75,60.255,25.043,17.4,192301260600,270,9,***,36,*****
76,60.255,25.043,17.4,192301261300,270,14,***,34,*****
77,60.255,25.043,17.4,192301262000,320,18,***,30,*****
78,60.255,25.043,17.4,192301270600,290,16,***,29,*****
79,60.255,25.043,17.4,192301271300,200,7,***,31,*****
80,60.255,25.043,17.4,192301272000,020,16,***,27,*****
81,60.255,25.043,17.4,192301280600,290,14,***,18,*****
82,60.255,25.043,17.4,192301281300,320,16,***,21,*****
83,60.255,25.043,17.4,192301282000,320,9,***,21,*****
84,60.255,25.043,17.4,192301290600,270,11,***,17,*****
85,60.255,25.043,17.4,192301291300,270,9,***,22,*****
86,60.255,25.043,17.4,192301292000,270,7,***,22,*****
87,60.255,25.043,17.4,192301300600,320,9,***,12,*****
88,60.255,25.043,17.4,192301301300,320,9,***,20,*****
89,60.255,25.043,17.4,192301302000,290,9,***,13,*****
90,60.255,25.043,17.4,192301310600,320,5,***,6,*****
91,60.255,25.043,17.4,192301311300,320,5,***,15,*****
92,60.255,25.043,17.4,192301312000,070,7,***,3,*****
93,60.255,25.043,17.4,192302010600,***,0,***,7,*****
94,60.255,25.043,17.4,192302011300,090,5,***,12,*****
95,60.255,25.043,17.4,192302012000,200,7,***,18,*****
96,60.255,25.043,17.4,192302020600,200,18,***,20,*****
97,60.255,25.043,17.4,192302021300,180,11,***,24,*****
98,60.255,25.043,17.4,192302022000,200,7,***,28,*****
99,60.255,25.043,17.4,192302030600,320,9,***,30,*****
100,60.255,25.043,17.4,192302031300,320,16,***,21,*****
101,60.255,25.043,17.4,192302032000,340,11,***,12,*****
102,60.255,25.043,17.4,192302040600,360,7,***,1,*****
103,60.255,25.043,17.4,192302041300,050,2,***,4,*****
104,60.255,25.043,17.4,192302042000,050,2,***,2,*****
105,60.255,25.043,17.4,192302050600,140,5,***,10,*****
106,60.255,25.043,17.4,192302051300,230,7,***,10,*****
107,60.255,25.043,17.4,192302052000,200,7,***,9,*****
108,60.255,25.043,17.4,192302060600,180,14,***,19,*****
109,60.255,25.043,17.4,192302061300,230,14,***,26,*****
110,60.255,25.043,17.4,192302062000,230,14,***,28,*****
111,60.255,25.043,17.4,192302070600,270,14,***,32,*****
112,60.255,25.043,17.4,192302071300,250,11,***,31,*****
113,60.255,25.043,17.4,192302072000,250,7,***,31,*****
114,60.255,25.043,17.4,192302080600,270,7,***,30,*****
115,60.255,25.043,17.4,192302081300,230,9,***,26,*****
116,60.255,25.043,17.4,192302082000,250,5,***,24,*****
117,60.255,25.043,17.4,192302090600,160,5,***,13,*****
118,60.255,25.043,17.4,192302091300,090,9,***,22,*****
119,60.255,25.043,17.4,192302092000,090,11,***,23,*****
120,60.255,25.043,17.4,192302100600,090,14,***,12,*****
121,60.255,25.043,17.4,192302101300,090,14,***,14,*****
122,60.255,25.043,17.4,192302102000,070,7,***,9,*****
123,60.255,25.043,17.4,192302110600,050,7,***,7,*****
124,60.255,25.043,17.4,192302111300,090,11,***,14,*****
125,60.255,25.043,17.4,192302112000,110,9,***,14,*****
126,60.255,25.043,17.4,192302120600,090,11,***,5,*****
127,60.255,25.043,17.4,192302121300,090,9,***,12,*****
128,60.255,25.043,17.4,192302122000,090,9,***,10,*****
129,60.255,25.043,17.4,192302130600,090,7,***,3,*****
130,60.255,25.043,17.4,192302131300,050,7,***,15,*****
131,60.255,25.043,17.4,192302132000,050,7,***,7,*****
132,60.255,25.043,17.4,192302140600,070,7,***,1,*****
133,60.255,25.043,17.4,192302141300,090,7,***,8,*****
134,60.255,25.043,17.4,192302142000,090,7,***,6,*****
135,60.255,25.043,17.4,192302150600,090,9,***,4,*****
136,60.255,25.043,17.4,192302151300,090,14,***,6,*****
137,60.255,25.043,17.4,192302152000,090,9,***,2,*****
138,60.255,25.043,17.4,192302160600,090,9,***,-1,*****
139,60.255,25.043,17.4,192302161300,090,11,***,8,*****
140,60.255,25.043,17.4,192302162000,090,7,***,8,*****
141,60.255,25.043,17.4,192302170600,070,9,***,6,*****
142,60.255,25.043,17.4,192302171300,070,9,***,10,*****
143,60.255,25.043,17.4,192302172000,070,9,***,8,*****
144,60.255,25.043,17.4,192302180600,050,9,***,8,*****
145,60.255,25.043,17.4,192302181300,090,9,***,9,*****
146,60.255,25.043,17.4,192302182000,070,9,***,7,*****
147,60.255,25.043,17.4,192302190600,050,11,***,1,*****
148,60.255,25.043,17.4,192302191300,020,14,***,5,*****
149,60.255,25.043,17.4,192302192000,020,9,***,3,*****
150,60.255,25.043,17.4,192302200600,340,7,***,-1,*****
151,60.255,25.043,17.4,192302201300,320,7,***,12,*****
152,60.255,25.043,17.4,192302202000,320,5,***,5,*****
153,60.255,25.043,17.4,192302210600,340,2,***,-6,*****
154,60.255,25.043,17.4,192302211300,320,5,***,16,*****
155,60.255,25.043,17.4,192302212000,***,0,***,1,*****
156,60.255,25.043,17.4,192302220600,090,5,***,4,*****
157,60.255,25.043,17.4,192302221300,050,2,***,11,*****
158,60.255,25.043,17.4,192302222000,070,5,***,12,*****
159,60.255,25.043,17.4,192302230600,090,2,***,10,*****
160,60.255,25.043,17.4,192302231300,090,9,***,14,*****
161,60.255,25.043,17.4,192302232000,140,9,***,14,*****
162,60.255,25.043,17.4,192302240600,110,9,***,9,*****
163,60.255,25.043,17.4,192302241300,090,11,***,7,*****
164,60.255,25.043,17.4,192302242000,090,9,***,8,*****
165,60.255,25.043,17.4,192302250600,110,9,***,7,*****
166,60.255,25.043,17.4,192302251300,090,11,***,9,*****
167,60.255,25.043,17.4,192302252000,090,9,***,9,*****
168,60.255,25.043,17.4,192302260600,090,9,***,6,*****
169,60.255,25.043,17.4,192302261300,090,9,***,7,*****
170,60.255,25.043,17.4,192302262000,090,9,***,4,*****
171,60.255,25.043,17.4,192302270600,090,9,***,5,*****
172,60.255,25.043,17.4,192302271300,050,7,***,11,*****
173,60.255,25.043,17.4,192302272000,070,7,***,5,*****
174,60.255,25.043,17.4,192302280600,050,9,***,3,*****
175,60.255,25.043,17.4,192302281300,070,11,***,14,*****
176,60.255,25.043,17.4,192302282000,050,9,***,5,*****
177,60.255,25.043,17.4,192303010600,050,11,***,0,*****
178,60.255,25.043,17.4,192303011300,090,14,***,16,*****
179,60.255,25.043,17.4,192303012000,070,11,***,10,*****
180,60.255,25.043,17.4,192303020600,070,16,***,6,*****
181,60.255,25.043,17.4,192303021300,090,14,***,17,*****
182,60.255,25.043,17.4,192303022000,090,16,***,14,*****
183,60.255,25.043,17.4,192303030600,090,18,***,8,*****
184,60.255,25.043,17.4,192303031300,070,16,***,15,*****
185,60.255,25.043,17.4,192303032000,070,14,***,19,*****
186,60.255,25.043,17.4,192303040600,090,11,***,20,*****
187,60.255,25.043,17.4,192303041300,050,9,***,23,*****
188,60.255,25.043,17.4,192303042000,020,5,***,15,*****
189,60.255,25.043,17.4,192303050600,360,5,***,8,*****
190,60.255,25.043,17.4,192303051300,160,5,***,20,*****
191,60.255,25.043,17.4,192303052000,230,2,***,11,*****
192,60.255,25.043,17.4,192303060600,110,5,***,5,*****
193,60.255,25.043,17.4,192303061300,090,5,***,18,*****
194,60.255,25.043,17.4,192303062000,090,7,***,11,*****
195,60.255,25.043,17.4,192303070600,090,7,***,11,*****
196,60.255,25.043,17.4,192303071300,090,9,***,15,*****
197,60.255,25.043,17.4,192303072000,090,7,***,14,*****
198,60.255,25.043,17.4,192303080600,090,7,***,13,*****
199,60.255,25.043,17.4,192303081300,090,9,***,16,*****
200,60.255,25.043,17.4,192303082000,090,5,***,17,*****
201,60.255,25.043,17.4,192303090600,070,7,***,16,*****
202,60.255,25.043,17.4,192303091300,090,11,***,18,*****
203,60.255,25.043,17.4,192303092000,070,9,***,17,*****
204,60.255,25.043,17.4,192303100600,090,9,***,16,*****
205,60.255,25.043,17.4,192303101300,090,9,***,17,*****
206,60.255,25.043,17.4,192303102000,090,7,***,16,*****
207,60.255,25.043,17.4,192303110600,090,5,***,18,*****
208,60.255,25.043,17.4,192303111300,090,11,***,19,*****
209,60.255,25.043,17.4,192303112000,090,5,***,15,*****
210,60.255,25.043,17.4,192303120600,090,5,***,11,*****
211,60.255,25.043,17.4,192303121300,070,5,***,22,*****
212,60.255,25.043,17.4,192303122000,090,7,***,19,*****
213,60.255,25.043,17.4,192303130600,090,5,***,12,*****
214,60.255,25.043,17.4,192303131300,090,5,***,24,*****
215,60.255,25.043,17.4,192303132000,110,5,***,16,*****
216,60.255,25.043,17.4,192303140600,250,5,***,16,*****
217,60.255,25.043,17.4,192303141300,250,7,***,25,*****
218,60.255,25.043,17.4,192303142000,270,7,***,25,*****
219,60.255,25.043,17.4,192303150600,270,7,***,25,*****
220,60.255,25.043,17.4,192303151300,320,9,***,44,*****
221,60.255,25.043,17.4,192303152000,320,9,***,37,*****
222,60.255,25.043,17.4,192303160600,320,7,***,33,*****
223,60.255,25.043,17.4,192303161300,290,9,***,47,*****
224,60.255,25.043,17.4,192303162000,340,11,***,38,*****
225,60.255,25.043,17.4,192303170600,320,7,***,30,*****
226,60.255,25.043,17.4,192303171300,320,11,***,43,*****
227,60.255,25.043,17.4,192303172000,340,11,***,39,*****
228,60.255,25.043,17.4,192303180600,340,7,***,32,*****
229,60.255,25.043,17.4,192303181300,340,11,***,43,*****
230,60.255,25.043,17.4,192303182000,320,9,***,38,*****
231,60.255,25.043,17.4,192303190600,320,7,***,31,*****
232,60.255,25.043,17.4,192303191300,320,11,***,45,*****
233,60.255,25.043,17.4,192303192000,320,9,***,37,*****
234,60.255,25.043,17.4,192303200600,320,14,***,32,*****
235,60.255,25.043,17.4,192303201300,320,11,***,47,*****
236,60.255,25.043,17.4,192303202000,320,9,***,38,*****
237,60.255,25.043,17.4,192303210600,320,7,***,32,*****
238,60.255,25.043,17.4,192303211300,230,5,***,45,*****
239,60.255,25.043,17.4,192303212000,320,7,***,38,*****
240,60.255,25.043,17.4,192303220600,290,5,***,28,*****
241,60.255,25.043,17.4,192303221300,250,9,***,44,*****
242,60.255,25.043,17.4,192303222000,290,11,***,37,*****
243,60.255,25.043,17.4,192303230600,340,7,***,33,*****
244,60.255,25.043,17.4,192303231300,320,7,***,45,*****
245,60.255,25.043,17.4,192303232000,***,0,***,34,*****
246,60.255,25.043,17.4,192303240600,290,2,***,29,*****
247,60.255,25.043,17.4,192303241300,230,9,***,37,*****
248,60.255,25.043,17.4,192303242000,250,11,***,35,*****
249,60.255,25.043,17.4,192303250600,270,5,***,31,*****
250,60.255,25.043,17.4,192303251300,160,5,***,45,*****
251,60.255,25.043,17.4,192303252000,070,7,***,37,*****
252,60.255,25.043,17.4,192303260600,070,7,***,27,*****
253,60.255,25.043,17.4,192303261300,200,7,***,36,*****
254,60.255,25.043,17.4,192303262000,230,5,***,31,*****
255,60.255,25.043,17.4,192303270600,200,7,***,30,*****
256,60.255,25.043,17.4,192303271300,250,9,***,36,*****
257,60.255,25.043,17.4,192303272000,250,5,***,34,*****
258,60.255,25.043,17.4,192303280600,270,7,***,34,*****
259,60.255,25.043,17.4,192303281300,250,5,***,43,*****
260,60.255,25.043,17.4,192303282000,290,7,***,38,*****
261,60.255,25.043,17.4,192303290600,340,11,***,35,*****
262,60.255,25.043,17.4,192303291300,340,16,***,46,*****
263,60.255,25.043,17.4,192303292000,020,5,***,36,*****
264,60.255,25.043,17.4,192303300600,110,7,***,26,*****
265,60.255,25.043,17.4,192303301300,160,14,***,31,*****
266,60.255,25.043,17.4,192303302000,090,18,***,26,*****
267,60.255,25.043,17.4,192303310600,070,11,***,19,*****
268,60.255,25.043,17.4,192303311300,050,11,***,27,*****
269,60.255,25.043,17.4,192303312000,050,5,***,20,*****
270,60.255,25.043,17.4,192304010600,020,5,***,16,*****
271,60.255,25.043,17.4,192304011300,230,9,***,31,*****
272,60.255,25.043,17.4,192304012000,320,11,***,31,*****
273,60.255,25.043,17.4,192304020600,340,9,***,30,*****
274,60.255,25.043,17.4,192304021300,320,11,***,41,*****
275,60.255,25.043,17.4,192304022000,070,5,***,33,*****
276,60.255,25.043,17.4,192304030600,360,7,***,27,*****
277,60.255,25.043,17.4,192304031300,230,7,***,40,*****
278,60.255,25.043,17.4,192304032000,230,2,***,36,*****
279,60.255,25.043,17.4,192304040600,230,2,***,35,*****
280,60.255,25.043,17.4,192304041300,230,5,***,37,*****
281,60.255,25.043,17.4,192304042000,***,0,***,33,*****
282,60.255,25.043,17.4,192304050600,070,2,***,33,*****
283,60.255,25.043,17.4,192304051300,200,5,***,39,*****
284,60.255,25.043,17.4,192304052000,360,5,***,37,*****
285,60.255,25.043,17.4,192304060600,360,7,***,35,*****
286,60.255,25.043,17.4,192304061300,050,11,***,42,*****
287,60.255,25.043,17.4,192304062000,090,5,***,32,*****
288,60.255,25.043,17.4,192304070600,070,7,***,26,*****
289,60.255,25.043,17.4,192304071300,230,7,***,36,*****
290,60.255,25.043,17.4,192304072000,250,5,***,33,*****
291,60.255,25.043,17.4,192304080600,340,5,***,35,*****
292,60.255,25.043,17.4,192304081300,290,14,***,46,*****
293,60.255,25.043,17.4,192304082000,290,9,***,36,*****
294,60.255,25.043,17.4,192304090600,320,5,***,32,*****
295,60.255,25.043,17.4,192304091300,230,7,***,40,*****
296,60.255,25.043,17.4,192304092000,250,7,***,36,*****
297,60.255,25.043,17.4,192304100600,290,7,***,33,*****
298,60.255,25.043,17.4,192304101300,320,9,***,48,*****
299,60.255,25.043,17.4,192304102000,340,7,***,39,*****
300,60.255,25.043,17.4,192304110600,250,5,***,33,*****
301,60.255,25.043,17.4,192304111300,320,7,***,45,*****
302,60.255,25.043,17.4,192304112000,340,7,***,38,*****
303,60.255,25.043,17.4,192304120600,020,11,***,27,*****
304,60.255,25.043,17.4,192304121300,050,9,***,37,*****
305,60.255,25.043,17.4,192304122000,230,2,***,28,*****
306,60.255,25.043,17.4,192304130600,230,2,***,27,*****
307,60.255,25.043,17.4,192304131300,250,9,***,36,*****
308,60.255,25.043,17.4,192304132000,230,5,***,30,*****
309,60.255,25.043,17.4,192304140600,160,9,***,29,*****
310,60.255,25.043,17.4,192304141300,090,9,***,35,*****
311,60.255,25.043,17.4,192304142000,090,9,***,34,*****
312,60.255,25.043,17.4,192304150600,090,7,***,33,*****
313,60.255,25.043,17.4,192304151300,070,7,***,34,*****
314,60.255,25.043,17.4,192304152000,070,9,***,33,*****
315,60.255,25.043,17.4,192304160600,050,16,***,32,*****
316,60.255,25.043,17.4,192304161300,020,16,***,42,*****
317,60.255,25.043,17.4,192304162000,050,9,***,33,*****
318,60.255,25.043,17.4,192304170600,050,9,***,29,*****
319,60.255,25.043,17.4,192304171300,140,7,***,40,*****
320,60.255,25.043,17.4,192304172000,070,9,***,35,*****
321,60.255,25.043,17.4,192304180600,070,14,***,32,*****
322,60.255,25.043,17.4,192304181300,070,14,***,39,*****
323,60.255,25.043,17.4,192304182000,050,11,***,35,*****
324,60.255,25.043,17.4,192304190600,020,11,***,36,*****
325,60.255,25.043,17.4,192304191300,070,2,***,38,*****
326,60.255,25.043,17.4,192304192000,200,5,***,35,*****
327,60.255,25.043,17.4,192304200600,020,7,***,33,*****
328,60.255,25.043,17.4,192304201300,230,7,***,42,*****
329,60.255,25.043,17.4,192304202000,360,11,***,35,*****
330,60.255,25.043,17.4,192304210600,340,9,***,30,*****
331,60.255,25.043,17.4,192304211300,320,11,***,39,*****
332,60.255,25.043,17.4,192304212000,320,9,***,30,*****
333,60.255,25.043,17.4,192304220600,320,14,***,30,*****
334,60.255,25.043,17.4,192304221300,320,11,***,37,*****
335,60.255,25.043,17.4,192304222000,020,5,***,32,*****
336,60.255,25.043,17.4,192304230600,090,7,***,28,*****
337,60.255,25.043,17.4,192304231300,160,9,***,33,*****
338,60.255,25.043,17.4,192304232000,090,7,***,30,*****
339,60.255,25.043,17.4,192304240600,090,14,***,28,*****
340,60.255,25.043,17.4,192304241300,090,19,***,31,*****
341,60.255,25.043,17.4,192304242000,090,19,***,29,*****
342,60.255,25.043,17.4,192304250600,050,14,***,26,*****
343,60.255,25.043,17.4,192304251300,020,9,***,31,*****
344,60.255,25.043,17.4,192304252000,320,5,***,30,*****
345,60.255,25.043,17.4,192304260600,090,7,***,29,*****
346,60.255,25.043,17.4,192304261300,160,9,***,36,*****
347,60.255,25.043,17.4,192304262000,090,9,***,33,*****
348,60.255,25.043,17.4,192304270600,090,11,***,33,*****
349,60.255,25.043,17.4,192304271300,140,7,***,43,*****
350,60.255,25.043,17.4,192304272000,230,7,***,37,*****
351,60.255,25.043,17.4,192304280600,230,11,***,36,*****
352,60.255,25.043,17.4,192304281300,230,14,***,42,*****
353,60.255,25.043,17.4,192304282000,230,9,***,37,*****
354,60.255,25.043,17.4,192304290600,230,5,***,35,*****
355,60.255,25.043,17.4,192304291300,230,14,***,38,*****
356,60.255,25.043,17.4,192304292000,320,11,***,34,*****
357,60.255,25.043,17.4,192304300600,200,7,***,36,*****
358,60.255,25.043,17.4,192304301300,200,11,***,41,*****
359,60.255,25.043,17.4,192304302000,250,5,***,39,*****
360,60.255,25.043,17.4,192305010600,230,7,***,31,*****
361,60.255,25.043,17.4,192305011300,140,7,***,40,*****
362,60.255,25.043,17.4,192305012000,090,9,***,35,*****
363,60.255,25.043,17.4,192305020600,340,11,***,35,*****
364,60.255,25.043,17.4,192305021300,360,11,***,38,*****
365,60.255,25.043,17.4,192305022000,360,5,***,38,*****
366,60.255,25.043,17.4,192305030600,050,7,***,36,*****
367,60.255,25.043,17.4,192305031300,250,9,***,41,*****
368,60.255,25.043,17.4,192305032000,290,7,***,37,*****
369,60.255,25.043,17.4,192305040600,270,5,***,36,*****
370,60.255,25.043,17.4,192305041300,160,9,***,38,*****
371,60.255,25.043,17.4,192305042000,110,9,***,32,*****
372,60.255,25.043,17.4,192305050600,160,9,***,38,*****
373,60.255,25.043,17.4,192305051300,180,9,***,45,*****
374,60.255,25.043,17.4,192305052000,200,5,***,41,*****
375,60.255,25.043,17.4,192305060600,090,7,***,40,*****
376,60.255,25.043,17.4,192305061300,090,9,***,44,*****
377,60.255,25.043,17.4,192305062000,090,11,***,41,*****
378,60.255,25.043,17.4,192305070600,230,9,***,43,*****
379,60.255,25.043,17.4,192305071300,230,11,***,48,*****
380,60.255,25.043,17.4,192305072000,250,9,***,41,*****
381,60.255,25.043,17.4,192305080600,320,7,***,48,*****
382,60.255,25.043,17.4,192305081300,270,16,***,57,*****
383,60.255,25.043,17.4,192305082000,320,7,***,44,*****
384,60.255,25.043,17.4,192305090600,160,7,***,39,*****
385,60.255,25.043,17.4,192305091300,230,11,***,49,*****
386,60.255,25.043,17.4,192305092000,250,9,***,38,*****
387,60.255,25.043,17.4,192305100600,250,5,***,39,*****
388,60.255,25.043,17.4,192305101300,230,7,***,42,*****
389,60.255,25.043,17.4,192305102000,***,0,***,38,*****
390,60.255,25.043,17.4,192305110600,070,7,***,42,*****
391,60.255,25.043,17.4,192305111300,090,7,***,48,*****
392,60.255,25.043,17.4,192305112000,050,14,***,43,*****
393,60.255,25.043,17.4,192305120600,340,11,***,40,*****
394,60.255,25.043,17.4,192305121300,320,7,***,48,*****
395,60.255,25.043,17.4,192305122000,230,5,***,40,*****
396,60.255,25.043,17.4,192305130600,140,11,***,40,*****
397,60.255,25.043,17.4,192305131300,140,18,***,43,*****
398,60.255,25.043,17.4,192305132000,200,7,***,42,*****
399,60.255,25.043,17.4,192305140600,180,11,***,41,*****
400,60.255,25.043,17.4,192305141300,110,9,***,47,*****
401,60.255,25.043,17.4,192305142000,270,9,***,43,*****
402,60.255,25.043,17.4,192305150600,230,11,***,41,*****
403,60.255,25.043,17.4,192305151300,230,14,***,47,*****
404,60.255,25.043,17.4,192305152000,270,5,***,46,*****
405,60.255,25.043,17.4,192305160600,360,16,***,39,*****
406,60.255,25.043,17.4,192305161300,290,16,***,52,*****
407,60.255,25.043,17.4,192305162000,250,5,***,42,*****
408,60.255,25.043,17.4,192305170600,140,9,***,43,*****
409,60.255,25.043,17.4,192305171300,090,16,***,49,*****
410,60.255,25.043,17.4,192305172000,250,7,***,43,*****
411,60.255,25.043,17.4,192305180600,230,9,***,42,*****
412,60.255,25.043,17.4,192305181300,230,11,***,49,*****
413,60.255,25.043,17.4,192305182000,250,7,***,47,*****
414,60.255,25.043,17.4,192305190600,050,7,***,51,*****
415,60.255,25.043,17.4,192305191300,200,7,***,54,*****
416,60.255,25.043,17.4,192305192000,250,2,***,50,*****
417,60.255,25.043,17.4,192305200600,250,5,***,48,*****
418,60.255,25.043,17.4,192305201300,230,7,***,53,*****
419,60.255,25.043,17.4,192305202000,250,7,***,49,*****
420,60.255,25.043,17.4,192305210600,230,9,***,46,*****
421,60.255,25.043,17.4,192305211300,230,9,***,56,*****
422,60.255,25.043,17.4,192305212000,160,5,***,48,*****
423,60.255,25.043,17.4,192305220600,140,7,***,52,*****
424,60.255,25.043,17.4,192305221300,090,9,***,55,*****
425,60.255,25.043,17.4,192305222000,140,7,***,50,*****
426,60.255,25.043,17.4,192305230600,230,9,***,45,*****
427,60.255,25.043,17.4,192305231300,230,14,***,54,*****
428,60.255,25.043,17.4,192305232000,230,9,***,43,*****
429,60.255,25.043,17.4,192305240600,230,7,***,46,*****
430,60.255,25.043,17.4,192305241300,200,7,***,48,*****
431,60.255,25.043,17.4,192305242000,200,5,***,44,*****
432,60.255,25.043,17.4,192305250600,270,7,***,46,*****
433,60.255,25.043,17.4,192305251300,250,18,***,51,*****
434,60.255,25.043,17.4,192305252000,250,9,***,45,*****
435,60.255,25.043,17.4,192305260600,230,7,***,49,*****
436,60.255,25.043,17.4,192305261300,140,5,***,54,*****
437,60.255,25.043,17.4,192305262000,110,9,***,49,*****
438,60.255,25.043,17.4,192305270600,090,9,***,50,*****
439,60.255,25.043,17.4,192305271300,090,7,***,54,*****
440,60.255,25.043,17.4,192305272000,340,9,***,56,*****
441,60.255,25.043,17.4,192305280600,020,9,***,50,*****
442,60.255,25.043,17.4,192305281300,320,11,***,54,*****
443,60.255,25.043,17.4,192305282000,320,14,***,47,*****
444,60.255,25.043,17.4,192305290600,340,11,***,44,*****
445,60.255,25.043,17.4,192305291300,320,11,***,53,*****
446,60.255,25.043,17.4,192305292000,320,14,***,44,*****
447,60.255,25.043,17.4,192305300600,320,9,***,42,*****
448,60.255,25.043,17.4,192305301300,230,7,***,51,*****
449,60.255,25.043,17.4,192305302000,360,7,***,44,*****
450,60.255,25.043,17.4,192305310600,050,7,***,45,*****
451,60.255,25.043,17.4,192305311300,200,9,***,49,*****
452,60.255,25.043,17.4,192305312000,250,9,***,45,*****
453,60.255,25.043,17.4,192306010600,230,7,***,43,*****
454,60.255,25.043,17.4,192306011300,250,11,***,45,*****
455,60.255,25.043,17.4,192306012000,290,7,***,46,*****
456,60.255,25.043,17.4,192306020600,360,14,***,46,*****
457,60.255,25.043,17.4,192306021300,340,11,***,50,*****
458,60.255,25.043,17.4,192306022000,340,9,***,46,*****
459,60.255,25.043,17.4,192306030600,270,7,***,45,*****
460,60.255,25.043,17.4,192306031300,230,9,***,51,*****
461,60.255,25.043,17.4,192306032000,230,5,***,44,*****
462,60.255,25.043,17.4,192306040600,360,5,***,46,*****
463,60.255,25.043,17.4,192306041300,230,7,***,51,*****
464,60.255,25.043,17.4,192306042000,250,7,***,46,*****
465,60.255,25.043,17.4,192306050600,270,9,***,40,*****
466,60.255,25.043,17.4,192306051300,230,11,***,44,*****
467,60.255,25.043,17.4,192306052000,290,7,***,44,*****
468,60.255,25.043,17.4,192306060600,250,2,***,44,*****
469,60.255,25.043,17.4,192306061300,020,7,***,47,*****
470,60.255,25.043,17.4,192306062000,200,5,***,42,*****
471,60.255,25.043,17.4,192306070600,340,7,***,44,*****
472,60.255,25.043,17.4,192306071300,270,11,***,50,*****
473,60.255,25.043,17.4,192306072000,290,9,***,46,*****
474,60.255,25.043,17.4,192306080600,320,7,***,50,*****
475,60.255,25.043,17.4,192306081300,230,14,***,52,*****
476,60.255,25.043,17.4,192306082000,250,9,***,47,*****
477,60.255,25.043,17.4,192306090600,250,18,***,47,*****
478,60.255,25.043,17.4,192306091300,230,14,***,46,*****
479,60.255,25.043,17.4,192306092000,230,11,***,46,*****
480,60.255,25.043,17.4,192306100600,290,11,***,51,*****
481,60.255,25.043,17.4,192306101300,290,16,***,64,*****
482,60.255,25.043,17.4,192306102000,250,9,***,52,*****
483,60.255,25.043,17.4,192306110600,230,11,***,47,*****
484,60.255,25.043,17.4,192306111300,230,18,***,51,*****
485,60.255,25.043,17.4,192306112000,230,11,***,47,*****
486,60.255,25.043,17.4,192306120600,230,9,***,46,*****
487,60.255,25.043,17.4,192306121300,250,9,***,47,*****
488,60.255,25.043,17.4,192306122000,320,9,***,50,*****
489,60.255,25.043,17.4,192306130600,320,11,***,47,*****
490,60.255,25.043,17.4,192306131300,230,11,***,53,*****
491,60.255,25.043,17.4,192306132000,250,7,***,44,*****
492,60.255,25.043,17.4,192306140600,160,5,***,45,*****
493,60.255,25.043,17.4,192306141300,090,11,***,54,*****
494,60.255,25.043,17.4,192306142000,090,9,***,48,*****
495,60.255,25.043,17.4,192306150600,140,9,***,52,*****
496,60.255,25.043,17.4,192306151300,140,7,***,53,*****
497,60.255,25.043,17.4,192306152000,230,7,***,50,*****
498,60.255,25.043,17.4,192306160600,180,9,***,48,*****
499,60.255,25.043,17.4,192306161300,180,9,***,50,*****
500,60.255,25.043,17.4,192306162000,230,9,***,47,*****
501,60.255,25.043,17.4,192306170600,180,7,***,48,*****
502,60.255,25.043,17.4,192306171300,140,7,***,55,*****
503,60.255,25.043,17.4,192306172000,110,5,***,54,*****
504,60.255,25.043,17.4,192306180600,090,5,***,57,*****
505,60.255,25.043,17.4,192306181300,180,7,***,64,*****
506,60.255,25.043,17.4,192306182000,090,9,***,58,*****
507,60.255,25.043,17.4,192306190600,250,5,***,62,*****
508,60.255,25.043,17.4,192306191300,090,7,***,67,*****
509,60.255,25.043,17.4,192306192000,110,7,***,60,*****
510,60.255,25.043,17.4,192306200600,090,9,***,58,*****
511,60.255,25.043,17.4,192306201300,250,7,***,61,*****
512,60.255,25.043,17.4,192306202000,090,7,***,59,*****
513,60.255,25.043,17.4,192306210600,180,9,***,56,*****
514,60.255,25.043,17.4,192306211300,200,9,***,54,*****
515,60.255,25.043,17.4,192306212000,200,7,***,52,*****
516,60.255,25.043,17.4,192306220600,200,9,***,50,*****
517,60.255,25.043,17.4,192306221300,250,14,***,54,*****
518,60.255,25.043,17.4,192306222000,290,11,***,50,*****
519,60.255,25.043,17.4,192306230600,250,14,***,49,*****
520,60.255,25.043,17.4,192306231300,230,14,***,53,*****
521,60.255,25.043,17.4,192306232000,250,11,***,49,*****
522,60.255,25.043,17.4,192306240600,230,9,***,50,*****
523,60.255,25.043,17.4,192306241300,290,18,***,58,*****
524,60.255,25.043,17.4,192306242000,270,11,***,50,*****
525,60.255,25.043,17.4,192306250600,230,9,***,51,*****
526,60.255,25.043,17.4,192306251300,270,14,***,55,*****
527,60.255,25.043,17.4,192306252000,270,9,***,50,*****
528,60.255,25.043,17.4,192306260600,230,9,***,50,*****
529,60.255,25.043,17.4,192306261300,140,11,***,51,*****
530,60.255,25.043,17.4,192306262000,180,7,***,50,*****
531,60.255,25.043,17.4,192306270600,180,9,***,50,*****
532,60.255,25.043,17.4,192306271300,140,9,***,55,*****
533,60.255,25.043,17.4,192306272000,140,5,***,52,*****
534,60.255,25.043,17.4,192306280600,140,5,***,52,*****
535,60.255,25.043,17.4,192306281300,160,7,***,54,*****
536,60.255,25.043,17.4,192306282000,180,5,***,51,*****
537,60.255,25.043,17.4,192306290600,180,7,***,52,*****
538,60.255,25.043,17.4,192306291300,180,7,***,57,*****
539,60.255,25.043,17.4,192306292000,200,5,***,54,*****
540,60.255,25.043,17.4,192306300600,360,5,***,53,*****
541,60.255,25.043,17.4,192306301300,230,7,***,60,*****
542,60.255,25.043,17.4,192306302000,230,7,***,54,*****
543,60.255,25.043,17.4,192307010600,160,5,***,56,*****
544,60.255,25.043,17.4,192307011300,230,9,***,62,*****
545,60.255,25.043,17.4,192307012000,250,7,***,54,*****
546,60.255,25.043,17.4,192307020600,270,5,***,55,*****
547,60.255,25.043,17.4,192307021300,180,9,***,63,*****
548,60.255,25.043,17.4,192307022000,180,7,***,57,*****
549,60.255,25.043,17.4,192307030600,160,5,***,60,*****
550,60.255,25.043,17.4,192307031300,110,9,***,69,*****
551,60.255,25.043,17.4,192307032000,110,5,***,62,*****
552,60.255,25.043,17.4,192307040600,110,7,***,65,*****
553,60.255,25.043,17.4,192307041300,140,9,***,69,*****
554,60.255,25.043,17.4,192307042000,270,7,***,65,*****
555,60.255,25.043,17.4,192307050600,270,5,***,57,*****
556,60.255,25.043,17.4,192307051300,200,11,***,63,*****
557,60.255,25.043,17.4,192307052000,270,9,***,61,*****
558,60.255,25.043,17.4,192307060600,230,5,***,59,*****
559,60.255,25.043,17.4,192307061300,270,9,***,68,*****
560,60.255,25.043,17.4,192307062000,250,7,***,65,*****
561,60.255,25.043,17.4,192307070600,320,7,***,67,*****
562,60.255,25.043,17.4,192307071300,340,11,***,77,*****
563,60.255,25.043,17.4,192307072000,340,7,***,67,*****
564,60.255,25.043,17.4,192307080600,340,5,***,62,*****
565,60.255,25.043,17.4,192307081300,290,14,***,68,*****
566,60.255,25.043,17.4,192307082000,320,7,***,60,*****
567,60.255,25.043,17.4,192307090600,360,7,***,62,*****
568,60.255,25.043,17.4,192307091300,360,11,***,71,*****
569,60.255,25.043,17.4,192307092000,250,5,***,63,*****
570,60.255,25.043,17.4,192307100600,320,5,***,64,*****
571,60.255,25.043,17.4,192307101300,230,9,***,69,*****
572,60.255,25.043,17.4,192307102000,250,7,***,63,*****
573,60.255,25.043,17.4,192307110600,320,2,***,65,*****
574,60.255,25.043,17.4,192307111300,230,9,***,73,*****
575,60.255,25.043,17.4,192307112000,230,2,***,68,*****
576,60.255,25.043,17.4,192307120600,290,7,***,69,*****
577,60.255,25.043,17.4,192307121300,230,9,***,77,*****
578,60.255,25.043,17.4,192307122000,270,7,***,72,*****
579,60.255,25.043,17.4,192307130600,290,5,***,70,*****
580,60.255,25.043,17.4,192307131300,230,14,***,70,*****
581,60.255,25.043,17.4,192307132000,270,9,***,68,*****
582,60.255,25.043,17.4,192307140600,270,5,***,68,*****
583,60.255,25.043,17.4,192307141300,360,9,***,75,*****
584,60.255,25.043,17.4,192307142000,340,14,***,60,*****
585,60.255,25.043,17.4,192307150600,340,11,***,60,*****
586,60.255,25.043,17.4,192307151300,270,16,***,70,*****
587,60.255,25.043,17.4,192307152000,340,7,***,63,*****
588,60.255,25.043,17.4,192307160600,070,7,***,62,*****
589,60.255,25.043,17.4,192307161300,180,9,***,65,*****
590,60.255,25.043,17.4,192307162000,140,7,***,61,*****
591,60.255,25.043,17.4,192307170600,090,9,***,62,*****
592,60.255,25.043,17.4,192307171300,090,18,***,66,*****
593,60.255,25.043,17.4,192307172000,090,11,***,60,*****
594,60.255,25.043,17.4,192307180600,090,7,***,60,*****
595,60.255,25.043,17.4,192307181300,090,9,***,60,*****
596,60.255,25.043,17.4,192307182000,230,2,***,60,*****
597,60.255,25.043,17.4,192307190600,250,5,***,64,*****
598,60.255,25.043,17.4,192307191300,230,11,***,69,*****
599,60.255,25.043,17.4,192307192000,250,7,***,62,*****
600,60.255,25.043,17.4,192307200600,200,7,***,62,*****
601,60.255,25.043,17.4,192307201300,200,11,***,61,*****
602,60.255,25.043,17.4,192307202000,230,7,***,59,*****
603,60.255,25.043,17.4,192307210600,290,5,***,59,*****
604,60.255,25.043,17.4,192307211300,270,9,***,60,*****
605,60.255,25.043,17.4,192307212000,320,11,***,59,*****
606,60.255,25.043,17.4,192307220600,270,9,***,59,*****
607,60.255,25.043,17.4,192307221300,290,11,***,59,*****
608,60.255,25.043,17.4,192307222000,320,9,***,58,*****
609,60.255,25.043,17.4,192307230600,250,7,***,57,*****
610,60.255,25.043,17.4,192307231300,230,11,***,63,*****
611,60.255,25.043,17.4,192307232000,270,7,***,58,*****
612,60.255,25.043,17.4,192307240600,140,7,***,58,*****
613,60.255,25.043,17.4,192307241300,230,14,***,63,*****
614,60.255,25.043,17.4,192307242000,230,9,***,58,*****
615,60.255,25.043,17.4,192307250600,270,9,***,57,*****
616,60.255,25.043,17.4,192307251300,270,14,***,61,*****
617,60.255,25.043,17.4,192307252000,250,9,***,56,*****
618,60.255,25.043,17.4,192307260600,250,9,***,57,*****
619,60.255,25.043,17.4,192307261300,180,9,***,63,*****
620,60.255,25.043,17.4,192307262000,140,7,***,58,*****
621,60.255,25.043,17.4,192307270600,090,5,***,60,*****
622,60.255,25.043,17.4,192307271300,140,5,***,64,*****
623,60.255,25.043,17.4,192307272000,290,5,***,59,*****
624,60.255,25.043,17.4,192307280600,320,7,***,62,*****
625,60.255,25.043,17.4,192307281300,320,9,***,66,*****
626,60.255,25.043,17.4,192307282000,320,11,***,62,*****
627,60.255,25.043,17.4,192307290600,340,11,***,55,*****
628,60.255,25.043,17.4,192307291300,230,11,***,67,*****
629,60.255,25.043,17.4,192307292000,270,11,***,57,*****
630,60.255,25.043,17.4,192307300600,230,5,***,59,*****
631,60.255,25.043,17.4,192307301300,110,5,***,65,*****
632,60.255,25.043,17.4,192307302000,***,0,***,59,*****
633,60.255,25.043,17.4,192307310600,230,5,***,59,*****
634,60.255,25.043,17.4,192307311300,230,9,***,63,*****
635,60.255,25.043,17.4,192307312000,250,9,***,58,*****
636,60.255,25.043,17.4,192308010600,250,5,***,59,*****
637,60.255,25.043,17.4,192308011300,230,14,***,64,*****
638,60.255,25.043,17.4,192308012000,140,5,***,61,*****
639,60.255,25.043,17.4,192308020600,050,14,***,57,*****
640,60.255,25.043,17.4,192308021300,050,16,***,62,*****
641,60.255,25.043,17.4,192308022000,360,16,***,58,*****
642,60.255,25.043,17.4,192308030600,360,11,***,54,*****
643,60.255,25.043,17.4,192308031300,320,9,***,62,*****
644,60.255,25.043,17.4,192308032000,250,5,***,57,*****
645,60.255,25.043,17.4,192308040600,020,2,***,53,*****
646,60.255,25.043,17.4,192308041300,090,9,***,59,*****
647,60.255,25.043,17.4,192308042000,090,7,***,56,*****
648,60.255,25.043,17.4,192308050600,020,7,***,55,*****
649,60.255,25.043,17.4,192308051300,050,11,***,63,*****
650,60.255,25.043,17.4,192308052000,020,5,***,58,*****
651,60.255,25.043,17.4,192308060600,020,5,***,57,*****
652,60.255,25.043,17.4,192308061300,230,11,***,64,*****
653,60.255,25.043,17.4,192308062000,320,5,***,59,*****
654,60.255,25.043,17.4,192308070600,090,2,***,58,*****
655,60.255,25.043,17.4,192308071300,230,5,***,58,*****
656,60.255,25.043,17.4,192308072000,***,0,***,55,*****
657,60.255,25.043,17.4,192308080600,***,0,***,53,*****
658,60.255,25.043,17.4,192308081300,230,7,***,64,*****
659,60.255,25.043,17.4,192308082000,290,5,***,56,*****
660,60.255,25.043,17.4,192308090600,340,7,***,56,*****
661,60.255,25.043,17.4,192308091300,320,11,***,62,*****
662,60.255,25.043,17.4,192308092000,270,7,***,59,*****
663,60.255,25.043,17.4,192308100600,230,11,***,57,*****
664,60.255,25.043,17.4,192308101300,230,7,***,59,*****
665,60.255,25.043,17.4,192308102000,290,7,***,59,*****
666,60.255,25.043,17.4,192308110600,340,11,***,57,*****
667,60.255,25.043,17.4,192308111300,320,14,***,62,*****
668,60.255,25.043,17.4,192308112000,340,5,***,56,*****
669,60.255,25.043,17.4,192308120600,320,14,***,53,*****
670,60.255,25.043,17.4,192308121300,020,9,***,57,*****
671,60.255,25.043,17.4,192308122000,340,7,***,50,*****
672,60.255,25.043,17.4,192308130600,360,7,***,48,*****
673,60.255,25.043,17.4,192308131300,320,9,***,63,*****
674,60.255,25.043,17.4,192308132000,270,5,***,55,*****
675,60.255,25.043,17.4,192308140600,360,5,***,54,*****
676,60.255,25.043,17.4,192308141300,230,9,***,61,*****
677,60.255,25.043,17.4,192308142000,290,7,***,57,*****
678,60.255,25.043,17.4,192308150600,270,2,***,56,*****
679,60.255,25.043,17.4,192308151300,230,9,***,57,*****
680,60.255,25.043,17.4,192308152000,230,7,***,57,*****
681,60.255,25.043,17.4,192308160600,320,7,***,52,*****
682,60.255,25.043,17.4,192308161300,090,7,***,53,*****
683,60.255,25.043,17.4,192308162000,320,14,***,52,*****
684,60.255,25.043,17.4,192308170600,320,18,***,53,*****
685,60.255,25.043,17.4,192308171300,320,16,***,52,*****
686,60.255,25.043,17.4,192308172000,320,11,***,51,*****
687,60.255,25.043,17.4,192308180600,320,9,***,49,*****
688,60.255,25.043,17.4,192308181300,290,9,***,56,*****
689,60.255,25.043,17.4,192308182000,290,2,***,54,*****
690,60.255,25.043,17.4,192308190600,050,7,***,49,*****
691,60.255,25.043,17.4,192308191300,020,5,***,56,*****
692,60.255,25.043,17.4,192308192000,070,5,***,50,*****
693,60.255,25.043,17.4,192308200600,070,9,***,51,*****
694,60.255,25.043,17.4,192308201300,070,9,***,58,*****
695,60.255,25.043,17.4,192308202000,050,9,***,52,*****
696,60.255,25.043,17.4,192308210600,320,9,***,52,*****
697,60.255,25.043,17.4,192308211300,360,9,***,61,*****
698,60.255,25.043,17.4,192308212000,050,5,***,54,*****
699,60.255,25.043,17.4,192308220600,090,5,***,52,*****
700,60.255,25.043,17.4,192308221300,180,9,***,59,*****
701,60.255,25.043,17.4,192308222000,180,9,***,59,*****
702,60.255,25.043,17.4,192308230600,200,14,***,57,*****
703,60.255,25.043,17.4,192308231300,230,11,***,61,*****
704,60.255,25.043,17.4,192308232000,230,5,***,56,*****
705,60.255,25.043,17.4,192308240600,230,7,***,58,*****
706,60.255,25.043,17.4,192308241300,270,16,***,61,*****
707,60.255,25.043,17.4,192308242000,250,7,***,56,*****
708,60.255,25.043,17.4,192308250600,180,7,***,58,*****
709,60.255,25.043,17.4,192308251300,160,9,***,64,*****
710,60.255,25.043,17.4,192308252000,140,9,***,60,*****
711,60.255,25.043,17.4,192308260600,250,9,***,58,*****
712,60.255,25.043,17.4,192308261300,230,14,***,62,*****
713,60.255,25.043,17.4,192308262000,250,9,***,56,*****
714,60.255,25.043,17.4,192308270600,250,9,***,58,*****
715,60.255,25.043,17.4,192308271300,200,9,***,62,*****
716,60.255,25.043,17.4,192308272000,180,9,***,58,*****
717,60.255,25.043,17.4,192308280600,140,9,***,59,*****
718,60.255,25.043,17.4,192308281300,160,7,***,62,*****
719,60.255,25.043,17.4,192308282000,250,9,***,59,*****
720,60.255,25.043,17.4,192308290600,250,9,***,58,*****
721,60.255,25.043,17.4,192308291300,230,11,***,61,*****
722,60.255,25.043,17.4,192308292000,180,9,***,57,*****
723,60.255,25.043,17.4,192308300600,230,11,***,56,*****
724,60.255,25.043,17.4,192308301300,140,7,***,60,*****
725,60.255,25.043,17.4,192308302000,180,7,***,59,*****
726,60.255,25.043,17.4,192308310600,230,11,***,56,*****
727,60.255,25.043,17.4,192308311300,200,11,***,61,*****
728,60.255,25.043,17.4,192308312000,230,18,***,56,*****
729,60.255,25.043,17.4,192309010600,250,11,***,57,*****
730,60.255,25.043,17.4,192309011300,230,16,***,59,*****
731,60.255,25.043,17.4,192309012000,140,5,***,56,*****
732,60.255,25.043,17.4,192309020600,090,14,***,58,*****
733,60.255,25.043,17.4,192309021300,270,19,***,56,*****
734,60.255,25.043,17.4,192309022000,230,16,***,55,*****
735,60.255,25.043,17.4,192309030600,230,18,***,55,*****
736,60.255,25.043,17.4,192309031300,230,16,***,54,*****
737,60.255,25.043,17.4,192309032000,250,14,***,52,*****
738,60.255,25.043,17.4,192309040600,290,11,***,48,*****
739,60.255,25.043,17.4,192309041300,270,9,***,54,*****
740,60.255,25.043,17.4,192309042000,320,11,***,49,*****
741,60.255,25.043,17.4,192309050600,270,7,***,47,*****
742,60.255,25.043,17.4,192309051300,250,7,***,55,*****
743,60.255,25.043,17.4,192309052000,180,5,***,51,*****
744,60.255,25.043,17.4,192309060600,050,7,***,47,*****
745,60.255,25.043,17.4,192309061300,320,9,***,58,*****
746,60.255,25.043,17.4,192309062000,360,14,***,50,*****
747,60.255,25.043,17.4,192309070600,340,7,***,45,*****
748,60.255,25.043,17.4,192309071300,180,7,***,52,*****
749,60.255,25.043,17.4,192309072000,230,7,***,51,*****
750,60.255,25.043,17.4,192309080600,180,16,***,52,*****
751,60.255,25.043,17.4,192309081300,320,16,***,54,*****
752,60.255,25.043,17.4,192309082000,320,22,***,46,*****
753,60.255,25.043,17.4,192309090600,320,18,***,46,*****
754,60.255,25.043,17.4,192309091300,270,16,***,56,*****
755,60.255,25.043,17.4,192309092000,250,7,***,50,*****
756,60.255,25.043,17.4,192309100600,250,16,***,54,*****
757,60.255,25.043,17.4,192309101300,230,16,***,57,*****
758,60.255,25.043,17.4,192309102000,230,9,***,51,*****
759,60.255,25.043,17.4,192309110600,250,14,***,51,*****
760,60.255,25.043,17.4,192309111300,230,14,***,53,*****
761,60.255,25.043,17.4,192309112000,270,9,***,47,*****
762,60.255,25.043,17.4,192309120600,230,11,***,50,*****
763,60.255,25.043,17.4,192309121300,230,16,***,51,*****
764,60.255,25.043,17.4,192309122000,230,18,***,53,*****
765,60.255,25.043,17.4,192309130600,270,14,***,52,*****
766,60.255,25.043,17.4,192309131300,250,16,***,55,*****
767,60.255,25.043,17.4,192309132000,230,9,***,49,*****
768,60.255,25.043,17.4,192309140600,270,5,***,45,*****
769,60.255,25.043,17.4,192309141300,270,11,***,57,*****
770,60.255,25.043,17.4,192309142000,250,7,***,47,*****
771,60.255,25.043,17.4,192309150600,230,9,***,53,*****
772,60.255,25.043,17.4,192309151300,180,9,***,58,*****
773,60.255,25.043,17.4,192309152000,160,9,***,53,*****
774,60.255,25.043,17.4,192309160600,140,7,***,51,*****
775,60.255,25.043,17.4,192309161300,090,14,***,56,*****
776,60.255,25.043,17.4,192309162000,140,9,***,56,*****
777,60.255,25.043,17.4,192309170600,230,9,***,56,*****
778,60.255,25.043,17.4,192309171300,200,11,***,57,*****
779,60.255,25.043,17.4,192309172000,230,5,***,51,*****
780,60.255,25.043,17.4,192309180600,230,7,***,51,*****
781,60.255,25.043,17.4,192309181300,160,5,***,53,*****
782,60.255,25.043,17.4,192309182000,140,7,***,51,*****
783,60.255,25.043,17.4,192309190600,140,14,***,52,*****
784,60.255,25.043,17.4,192309191300,090,16,***,57,*****
785,60.255,25.043,17.4,192309192000,230,7,***,54,*****
786,60.255,25.043,17.4,192309200600,320,7,***,51,*****
787,60.255,25.043,17.4,192309201300,070,5,***,53,*****
788,60.255,25.043,17.4,192309202000,360,7,***,51,*****
789,60.255,25.043,17.4,192309210600,320,7,***,49,*****
790,60.255,25.043,17.4,192309211300,200,7,***,51,*****
791,60.255,25.043,17.4,192309212000,090,5,***,51,*****
792,60.255,25.043,17.4,192309220600,200,14,***,52,*****
793,60.255,25.043,17.4,192309221300,180,9,***,54,*****
794,60.255,25.043,17.4,192309222000,230,5,***,51,*****
795,60.255,25.043,17.4,192309230600,230,7,***,50,*****
796,60.255,25.043,17.4,192309231300,230,9,***,54,*****
797,60.255,25.043,17.4,192309232000,180,14,***,53,*****
798,60.255,25.043,17.4,192309240600,250,16,***,53,*****
799,60.255,25.043,17.4,192309241300,250,9,***,55,*****
800,60.255,25.043,17.4,192309242000,050,7,***,51,*****
801,60.255,25.043,17.4,192309250600,270,9,***,54,*****
802,60.255,25.043,17.4,192309251300,290,5,***,55,*****
803,60.255,25.043,17.4,192309252000,200,5,***,50,*****
804,60.255,25.043,17.4,192309260600,110,11,***,54,*****
805,60.255,25.043,17.4,192309261300,140,9,***,60,*****
806,60.255,25.043,17.4,192309262000,160,9,***,56,*****
807,60.255,25.043,17.4,192309270600,090,5,***,53,*****
808,60.255,25.043,17.4,192309271300,140,7,***,54,*****
809,60.255,25.043,17.4,192309272000,***,0,***,54,*****
810,60.255,25.043,17.4,192309280600,360,5,***,48,*****
811,60.255,25.043,17.4,192309281300,290,5,***,51,*****
812,60.255,25.043,17.4,192309282000,180,9,***,52,*****
813,60.255,25.043,17.4,192309290600,250,14,***,52,*****
814,60.255,25.043,17.4,192309291300,320,16,***,52,*****
815,60.255,25.043,17.4,192309292000,320,11,***,45,*****
816,60.255,25.043,17.4,192309300600,290,9,***,43,*****
817,60.255,25.043,17.4,192309301300,320,14,***,49,*****
818,60.255,25.043,17.4,192309302000,320,11,***,44,*****
819,60.255,25.043,17.4,192310010600,290,7,***,40,*****
820,60.255,25.043,17.4,192310011300,250,9,***,51,*****
821,60.255,25.043,17.4,192310012000,180,14,***,51,*****
822,60.255,25.043,17.4,192310020600,200,11,***,52,*****
823,60.255,25.043,17.4,192310021300,200,11,***,53,*****
824,60.255,25.043,17.4,192310022000,230,7,***,49,*****
825,60.255,25.043,17.4,192310030600,230,5,***,44,*****
826,60.255,25.043,17.4,192310031300,230,7,***,51,*****
827,60.255,25.043,17.4,192310032000,270,5,***,48,*****
828,60.255,25.043,17.4,192310040600,290,2,***,46,*****
829,60.255,25.043,17.4,192310041300,200,2,***,53,*****
830,60.255,25.043,17.4,192310042000,110,2,***,48,*****
831,60.255,25.043,17.4,192310050600,070,7,***,46,*****
832,60.255,25.043,17.4,192310051300,110,9,***,52,*****
833,60.255,25.043,17.4,192310052000,050,5,***,45,*****
834,60.255,25.043,17.4,192310060600,360,5,***,44,*****
835,60.255,25.043,17.4,192310061300,360,7,***,47,*****
836,60.255,25.043,17.4,192310062000,070,7,***,45,*****
837,60.255,25.043,17.4,192310070600,050,9,***,37,*****
838,60.255,25.043,17.4,192310071300,020,14,***,45,*****
839,60.255,25.043,17.4,192310072000,360,16,***,38,*****
840,60.255,25.043,17.4,192310080600,050,11,***,40,*****
841,60.255,25.043,17.4,192310081300,320,7,***,46,*****
842,60.255,25.043,17.4,192310082000,320,9,***,44,*****
843,60.255,25.043,17.4,192310090600,290,9,***,41,*****
844,60.255,25.043,17.4,192310091300,200,7,***,46,*****
845,60.255,25.043,17.4,192310092000,200,14,***,49,*****
846,60.255,25.043,17.4,192310100600,180,18,***,46,*****
847,60.255,25.043,17.4,192310101300,200,9,***,50,*****
848,60.255,25.043,17.4,192310102000,230,14,***,48,*****
849,60.255,25.043,17.4,192310110600,270,7,***,44,*****
850,60.255,25.043,17.4,192310111300,250,11,***,48,*****
851,60.255,25.043,17.4,192310112000,320,11,***,46,*****
852,60.255,25.043,17.4,192310120600,050,5,***,40,*****
853,60.255,25.043,17.4,192310121300,320,7,***,46,*****
854,60.255,25.043,17.4,192310122000,290,9,***,44,*****
855,60.255,25.043,17.4,192310130600,250,5,***,41,*****
856,60.255,25.043,17.4,192310131300,200,9,***,49,*****
857,60.255,25.043,17.4,192310132000,160,16,***,46,*****
858,60.255,25.043,17.4,192310140600,230,11,***,49,*****
859,60.255,25.043,17.4,192310141300,230,16,***,51,*****
860,60.255,25.043,17.4,192310142000,200,18,***,50,*****
861,60.255,25.043,17.4,192310150600,250,9,***,47,*****
862,60.255,25.043,17.4,192310151300,250,16,***,50,*****
863,60.255,25.043,17.4,192310152000,250,7,***,46,*****
864,60.255,25.043,17.4,192310160600,250,5,***,39,*****
865,60.255,25.043,17.4,192310161300,270,11,***,44,*****
866,60.255,25.043,17.4,192310162000,250,5,***,40,*****
867,60.255,25.043,17.4,192310170600,230,11,***,45,*****
868,60.255,25.043,17.4,192310171300,250,11,***,45,*****
869,60.255,25.043,17.4,192310172000,270,9,***,43,*****
870,60.255,25.043,17.4,192310180600,230,9,***,47,*****
871,60.255,25.043,17.4,192310181300,320,11,***,44,*****
872,60.255,25.043,17.4,192310182000,320,9,***,39,*****
873,60.255,25.043,17.4,192310190600,320,7,***,32,*****
874,60.255,25.043,17.4,192310191300,320,9,***,38,*****
875,60.255,25.043,17.4,192310192000,020,2,***,35,*****
876,60.255,25.043,17.4,192310200600,180,9,***,43,*****
877,60.255,25.043,17.4,192310201300,180,14,***,45,*****
878,60.255,25.043,17.4,192310202000,160,16,***,45,*****
879,60.255,25.043,17.4,192310210600,250,11,***,46,*****
880,60.255,25.043,17.4,192310211300,270,9,***,47,*****
881,60.255,25.043,17.4,192310212000,290,7,***,45,*****
882,60.255,25.043,17.4,192310220600,180,5,***,44,*****
883,60.255,25.043,17.4,192310221300,110,11,***,47,*****
884,60.255,25.043,17.4,192310222000,250,16,***,50,*****
885,60.255,25.043,17.4,192310230600,230,16,***,48,*****
886,60.255,25.043,17.4,192310231300,230,14,***,49,*****
887,60.255,25.043,17.4,192310232000,200,14,***,47,*****
888,60.255,25.043,17.4,192310240600,230,16,***,49,*****
889,60.255,25.043,17.4,192310241300,180,14,***,51,*****
890,60.255,25.043,17.4,192310242000,230,18,***,51,*****
891,60.255,25.043,17.4,192310250600,270,5,***,45,*****
892,60.255,25.043,17.4,192310251300,250,11,***,50,*****
893,60.255,25.043,17.4,192310252000,250,14,***,48,*****
894,60.255,25.043,17.4,192310260600,270,9,***,45,*****
895,60.255,25.043,17.4,192310261300,320,16,***,44,*****
896,60.255,25.043,17.4,192310262000,290,11,***,39,*****
897,60.255,25.043,17.4,192310270600,***,0,***,36,*****
898,60.255,25.043,17.4,192310271300,340,9,***,40,*****
899,60.255,25.043,17.4,192310272000,340,7,***,36,*****
900,60.255,25.043,17.4,192310280600,340,7,***,28,*****
901,60.255,25.043,17.4,192310281300,340,9,***,32,*****
902,60.255,25.043,17.4,192310282000,340,5,***,29,*****
903,60.255,25.043,17.4,192310290600,070,7,***,28,*****
904,60.255,25.043,17.4,192310291300,140,11,***,39,*****
905,60.255,25.043,17.4,192310292000,160,14,***,41,*****
906,60.255,25.043,17.4,192310300600,250,5,***,44,*****
907,60.255,25.043,17.4,192310301300,320,7,***,47,*****
908,60.255,25.043,17.4,192310302000,050,5,***,40,*****
909,60.255,25.043,17.4,192310310600,160,7,***,40,*****
910,60.255,25.043,17.4,192310311300,180,9,***,46,*****
911,60.255,25.043,17.4,192310312000,200,14,***,46,*****
912,60.255,25.043,17.4,192311010600,270,9,***,46,*****
913,60.255,25.043,17.4,192311011300,290,9,***,46,*****
914,60.255,25.043,17.4,192311012000,270,7,***,44,*****
915,60.255,25.043,17.4,192311020600,200,5,***,38,*****
916,60.255,25.043,17.4,192311021300,180,11,***,45,*****
917,60.255,25.043,17.4,192311022000,200,14,***,45,*****
918,60.255,25.043,17.4,192311030600,200,16,***,43,*****
919,60.255,25.043,17.4,192311031300,230,14,***,45,*****
920,60.255,25.043,17.4,192311032000,200,16,***,45,*****
921,60.255,25.043,17.4,192311040600,180,16,***,47,*****
922,60.255,25.043,17.4,192311041300,200,18,***,47,*****
923,60.255,25.043,17.4,192311042000,230,19,***,45,*****
924,60.255,25.043,17.4,192311050600,230,18,***,44,*****
925,60.255,25.043,17.4,192311051300,230,16,***,43,*****
926,60.255,25.043,17.4,192311052000,200,7,***,40,*****
927,60.255,25.043,17.4,192311060600,290,5,***,40,*****
928,60.255,25.043,17.4,192311061300,270,11,***,43,*****
929,60.255,25.043,17.4,192311062000,200,11,***,44,*****
930,60.255,25.043,17.4,192311070600,230,7,***,42,*****
931,60.255,25.043,17.4,192311071300,290,9,***,43,*****
932,60.255,25.043,17.4,192311072000,270,9,***,37,*****
933,60.255,25.043,17.4,192311080600,340,2,***,32,*****
934,60.255,25.043,17.4,192311081300,070,7,***,36,*****
935,60.255,25.043,17.4,192311082000,070,9,***,37,*****
936,60.255,25.043,17.4,192311090600,050,11,***,35,*****
937,60.255,25.043,17.4,192311091300,050,18,***,36,*****
938,60.255,25.043,17.4,192311092000,020,22,***,33,*****
939,60.255,25.043,17.4,192311100600,360,18,***,30,*****
940,60.255,25.043,17.4,192311101300,360,16,***,31,*****
941,60.255,25.043,17.4,192311102000,340,14,***,31,*****
942,60.255,25.043,17.4,192311110600,340,9,***,27,*****
943,60.255,25.043,17.4,192311111300,***,0,***,31,*****
944,60.255,25.043,17.4,192311112000,270,7,***,34,*****
945,60.255,25.043,17.4,192311120600,230,14,***,42,*****
946,60.255,25.043,17.4,192311121300,250,14,***,44,*****
947,60.255,25.043,17.4,192311122000,230,16,***,47,*****
948,60.255,25.043,17.4,192311130600,250,18,***,46,*****
949,60.255,25.043,17.4,192311131300,320,18,***,44,*****
950,60.255,25.043,17.4,192311132000,250,11,***,43,*****
951,60.255,25.043,17.4,192311140600,200,5,***,39,*****
952,60.255,25.043,17.4,192311141300,230,11,***,47,*****
953,60.255,25.043,17.4,192311142000,200,11,***,45,*****
954,60.255,25.043,17.4,192311150600,200,9,***,45,*****
955,60.255,25.043,17.4,192311151300,180,7,***,46,*****
956,60.255,25.043,17.4,192311152000,230,7,***,45,*****
957,60.255,25.043,17.4,192311160600,270,5,***,36,*****
958,60.255,25.043,17.4,192311161300,090,5,***,40,*****
959,60.255,25.043,17.4,192311162000,160,14,***,40,*****
960,60.255,25.043,17.4,192311170600,200,19,***,42,*****
961,60.255,25.043,17.4,192311171300,270,11,***,41,*****
962,60.255,25.043,17.4,192311172000,250,14,***,40,*****
963,60.255,25.043,17.4,192311180600,180,11,***,40,*****
964,60.255,25.043,17.4,192311181300,230,16,***,42,*****
965,60.255,25.043,17.4,192311182000,230,11,***,41,*****
966,60.255,25.043,17.4,192311190600,230,14,***,41,*****
967,60.255,25.043,17.4,192311191300,230,5,***,40,*****
968,60.255,25.043,17.4,192311192000,050,7,***,36,*****
969,60.255,25.043,17.4,192311200600,070,19,***,36,*****
970,60.255,25.043,17.4,192311201300,090,22,***,35,*****
971,60.255,25.043,17.4,192311202000,050,22,***,32,*****
972,60.255,25.043,17.4,192311210600,230,9,***,34,*****
973,60.255,25.043,17.4,192311211300,250,9,***,31,*****
974,60.255,25.043,17.4,192311212000,270,9,***,29,*****
975,60.255,25.043,17.4,192311220600,270,11,***,28,*****
976,60.255,25.043,17.4,192311221300,290,7,***,31,*****
977,60.255,25.043,17.4,192311222000,360,5,***,30,*****
978,60.255,25.043,17.4,192311230600,050,7,***,29,*****
979,60.255,25.043,17.4,192311231300,050,5,***,31,*****
980,60.255,25.043,17.4,192311232000,020,14,***,32,*****
981,60.255,25.043,17.4,192311240600,340,11,***,31,*****
982,60.255,25.043,17.4,192311241300,320,14,***,28,*****
983,60.255,25.043,17.4,192311242000,320,18,***,29,*****
984,60.255,25.043,17.4,192311250600,320,16,***,23,*****
985,60.255,25.043,17.4,192311251300,250,14,***,28,*****
986,60.255,25.043,17.4,192311252000,250,14,***,28,*****
987,60.255,25.043,17.4,192311260600,270,9,***,28,*****
988,60.255,25.043,17.4,192311261300,290,5,***,31,*****
989,60.255,25.043,17.4,192311262000,320,7,***,27,*****
990,60.255,25.043,17.4,192311270600,340,11,***,24,*****
991,60.255,25.043,17.4,192311271300,360,14,***,24,*****
992,60.255,25.043,17.4,192311272000,340,14,***,28,*****
993,60.255,25.043,17.4,192311280600,360,11,***,27,*****
994,60.255,25.043,17.4,192311281300,360,9,***,25,*****
995,60.255,25.043,17.4,192311282000,090,5,***,24,*****
996,60.255,25.043,17.4,192311290600,090,5,***,28,*****
997,60.255,25.043,17.4,192311291300,140,11,***,31,*****
998,60.255,25.043,17.4,192311292000,160,9,***,29,*****
999,60.255,25.043,17.4,192311300600,180,7,***,30,*****
1000,60.255,25.043,17.4,192311301300,050,5,***,30,*****
1001,60.255,25.043,17.4,192311302000,020,9,***,28,*****
1002,60.255,25.043,17.4,192312010600,320,7,***,27,*****
1003,60.255,25.043,17.4,192312011300,340,9,***,24,*****
1004,60.255,25.043,17.4,192312012000,340,7,***,24,*****
1005,60.255,25.043,17.4,192312020600,070,5,***,20,*****
1006,60.255,25.043,17.4,192312021300,***,0,***,25,*****
1007,60.255,25.043,17.4,192312022000,180,11,***,29,*****
1008,60.255,25.043,17.4,192312030600,140,14,***,28,*****
1009,60.255,25.043,17.4,192312031300,140,14,***,29,*****
1010,60.255,25.043,17.4,192312032000,140,16,***,28,*****
1011,60.255,25.043,17.4,192312040600,180,14,***,33,*****
1012,60.255,25.043,17.4,192312041300,160,14,***,35,*****
1013,60.255,25.043,17.4,192312042000,180,11,***,34,*****
1014,60.255,25.043,17.4,192312050600,230,9,***,33,*****
1015,60.255,25.043,17.4,192312051300,230,9,***,37,*****
1016,60.255,25.043,17.4,192312052000,200,7,***,35,*****
1017,60.255,25.043,17.4,192312060600,140,5,***,33,*****
1018,60.255,25.043,17.4,192312061300,200,7,***,36,*****
1019,60.255,25.043,17.4,192312062000,200,9,***,36,*****
1020,60.255,25.043,17.4,192312070600,230,5,***,36,*****
1021,60.255,25.043,17.4,192312071300,320,5,***,37,*****
1022,60.255,25.043,17.4,192312072000,360,5,***,33,*****
1023,60.255,25.043,17.4,192312080600,090,7,***,35,*****
1024,60.255,25.043,17.4,192312081300,090,9,***,33,*****
1025,60.255,25.043,17.4,192312082000,140,9,***,36,*****
1026,60.255,25.043,17.4,192312090600,200,7,***,38,*****
1027,60.255,25.043,17.4,192312091300,200,11,***,38,*****
1028,60.255,25.043,17.4,192312092000,200,11,***,37,*****
1029,60.255,25.043,17.4,192312100600,230,7,***,38,*****
1030,60.255,25.043,17.4,192312101300,230,9,***,39,*****
1031,60.255,25.043,17.4,192312102000,230,11,***,39,*****
1032,60.255,25.043,17.4,192312110600,270,9,***,35,*****
1033,60.255,25.043,17.4,192312111300,290,5,***,34,*****
1034,60.255,25.043,17.4,192312112000,290,7,***,33,*****
1035,60.255,25.043,17.4,192312120600,250,5,***,36,*****
1036,60.255,25.043,17.4,192312121300,250,9,***,40,*****
1037,60.255,25.043,17.4,192312122000,250,11,***,41,*****
1038,60.255,25.043,17.4,192312130600,270,11,***,40,*****
1039,60.255,25.043,17.4,192312131300,250,11,***,40,*****
1040,60.255,25.043,17.4,192312132000,250,9,***,38,*****
1041,60.255,25.043,17.4,192312140600,270,9,***,36,*****
1042,60.255,25.043,17.4,192312141300,230,7,***,37,*****
1043,60.255,25.043,17.4,192312142000,230,16,***,39,*****
1044,60.255,25.043,17.4,192312150600,230,19,***,39,*****
1045,60.255,25.043,17.4,192312151300,230,19,***,39,*****
1046,60.255,25.043,17.4,192312152000,230,14,***,39,*****
1047,60.255,25.043,17.4,192312160600,290,9,***,34,*****
1048,60.255,25.043,17.4,192312161300,230,9,***,32,*****
1049,60.255,25.043,17.4,192312162000,270,16,***,35,*****
1050,60.255,25.043,17.4,192312170600,110,11,***,34,*****
1051,60.255,25.043,17.4,192312171300,360,11,***,33,*****
1052,60.255,25.043,17.4,192312172000,320,14,***,25,*****
1053,60.255,25.043,17.4,192312180600,020,5,***,24,*****
1054,60.255,25.043,17.4,192312181300,050,7,***,21,*****
1055,60.255,25.043,17.4,192312182000,020,9,***,22,*****
1056,60.255,25.043,17.4,192312190600,050,11,***,23,*****
1057,60.255,25.043,17.4,192312191300,320,9,***,21,*****
1058,60.255,25.043,17.4,192312192000,360,9,***,24,*****
1059,60.255,25.043,17.4,192312200600,360,7,***,15,*****
1060,60.255,25.043,17.4,192312201300,340,7,***,15,*****
1061,60.255,25.043,17.4,192312202000,360,5,***,13,*****
1062,60.255,25.043,17.4,192312210600,020,7,***,13,*****
1063,60.255,25.043,17.4,192312211300,050,7,***,17,*****
1064,60.255,25.043,17.4,192312212000,360,7,***,13,*****
1065,60.255,25.043,17.4,192312220600,070,11,***,17,*****
1066,60.255,25.043,17.4,192312221300,050,9,***,16,*****
1067,60.255,25.043,17.4,192312222000,020,9,***,14,*****
1068,60.255,25.043,17.4,192312230600,020,9,***,14,*****
1069,60.255,25.043,17.4,192312231300,020,9,***,14,*****
1070,60.255,25.043,17.4,192312232000,340,7,***,7,*****
1071,60.255,25.043,17.4,192312240600,***,0,***,1,*****
1072,60.255,25.043,17.4,192312241300,***,0,***,2,*****
1073,60.255,25.043,17.4,192312242000,***,0,***,-1,*****
1074,60.255,25.043,17.4,192312250600,***,0,***,5,*****
1075,60.255,25.043,17.4,192312251300,230,11,***,21,*****
1076,60.255,25.043,17.4,192312252000,270,9,***,19,*****
1077,60.255,25.043,17.4,192312260600,290,2,***,13,*****
1078,60.255,25.043,17.4,192312261300,250,9,***,23,*****
1079,60.255,25.043,17.4,192312262000,290,5,***,19,*****
1080,60.255,25.043,17.4,192312270600,230,9,***,27,*****
1081,60.255,25.043,17.4,192312271300,230,9,***,29,*****
1082,60.255,25.043,17.4,192312272000,340,11,***,12,*****
1083,60.255,25.043,17.4,192312280600,***,0,***,6,*****
1084,60.255,25.043,17.4,192312281300,180,11,***,22,*****
1085,60.255,25.043,17.4,192312282000,360,5,***,18,*****
1086,60.255,25.043,17.4,192312290600,140,9,***,29,*****
1087,60.255,25.043,17.4,192312291300,070,9,***,24,*****
1088,60.255,25.043,17.4,192312292000,070,11,***,15,*****
1089,60.255,25.043,17.4,192312300600,360,9,***,-6,*****
1090,60.255,25.043,17.4,192312301300,050,11,***,2,*****
1091,60.255,25.043,17.4,192312302000,360,14,***,4,*****
1092,60.255,25.043,17.4,192312310600,050,18,***,12,*****
1093,60.255,25.043,17.4,192312311300,020,11,***,15,*****
1094,60.255,25.043,17.4,192312312000,070,7,***,16,*****
