,Lat,Lon,Ele,YR--MODAHRMN,DIR,SPD,GUS,TEMP,ALT
0,60.255,25.043,17.4,192401010600,020,9,***,15,*****
1,60.255,25.043,17.4,192401011300,360,14,***,14,*****
2,60.255,25.043,17.4,192401012000,360,16,***,15,*****
3,60.255,25.043,17.4,192401020600,110,14,***,20,*****
4,60.255,25.043,17.4,192401021300,140,18,***,20,*****
5,60.255,25.043,17.4,192401022000,140,16,***,22,*****
6,60.255,25.043,17.4,192401030600,070,16,***,20,*****
7,60.255,25.043,17.4,192401031300,180,11,***,22,*****
8,60.255,25.043,17.4,192401032000,140,11,***,21,*****
9,60.255,25.043,17.4,192401040600,070,9,***,20,*****
10,60.255,25.043,17.4,192401041300,050,11,***,17,*****
11,60.255,25.043,17.4,192401042000,340,14,***,17,*****
12,60.255,25.043,17.4,192401050600,020,11,***,18,*****
13,60.255,25.043,17.4,192401051300,110,11,***,15,*****
14,60.255,25.043,17.4,192401052000,070,7,***,14,*****
15,60.255,25.043,17.4,192401060600,020,9,***,9,*****
16,60.255,25.043,17.4,192401061300,050,11,***,12,*****
17,60.255,25.043,17.4,192401062000,020,9,***,12,*****
18,60.255,25.043,17.4,192401070600,070,14,***,19,*****
19,60.255,25.043,17.4,192401071300,050,14,***,15,*****
20,60.255,25.043,17.4,192401072000,050,11,***,19,*****
21,60.255,25.043,17.4,192401080600,140,14,***,19,*****
22,60.255,25.043,17.4,192401081300,090,5,***,19,*****
23,60.255,25.043,17.4,192401082000,070,9,***,18,*****
24,60.255,25.043,17.4,192401090600,110,11,***,27,*****
25,60.255,25.043,17.4,192401091300,140,14,***,26,*****
26,60.255,25.043,17.4,192401092000,140,14,***,23,*****
27,60.255,25.043,17.4,192401100600,140,11,***,26,*****
28,60.255,25.043,17.4,192401101300,140,11,***,27,*****
29,60.255,25.043,17.4,192401102000,140,11,***,26,*****
30,60.255,25.043,17.4,192401110600,160,9,***,25,*****
31,60.255,25.043,17.4,192401111300,160,11,***,27,*****
32,60.255,25.043,17.4,192401112000,180,9,***,27,*****
33,60.255,25.043,17.4,192401120600,200,9,***,27,*****
34,60.255,25.043,17.4,192401121300,200,9,***,30,*****
35,60.255,25.043,17.4,192401122000,230,11,***,31,*****
36,60.255,25.043,17.4,192401130600,230,14,***,33,*****
37,60.255,25.043,17.4,192401131300,230,11,***,34,*****
38,60.255,25.043,17.4,192401132000,230,14,***,35,*****
39,60.255,25.043,17.4,192401140600,230,16,***,33,*****
40,60.255,25.043,17.4,192401141300,230,16,***,32,*****
41,60.255,25.043,17.4,192401142000,230,16,***,33,*****
42,60.255,25.043,17.4,192401150600,230,14,***,34,*****
43,60.255,25.043,17.4,192401151300,270,14,***,34,*****
44,60.255,25.043,17.4,192401152000,230,11,***,34,*****
45,60.255,25.043,17.4,192401160600,230,9,***,33,*****
46,60.255,25.043,17.4,192401161300,250,9,***,33,*****
47,60.255,25.043,17.4,192401162000,230,9,***,33,*****
48,60.255,25.043,17.4,192401170600,230,7,***,29,*****
49,60.255,25.043,17.4,192401171300,230,7,***,27,*****
50,60.255,25.043,17.4,192401172000,290,2,***,25,*****
51,60.255,25.043,17.4,192401180600,160,5,***,22,*****
52,60.255,25.043,17.4,192401181300,320,5,***,22,*****
53,60.255,25.043,17.4,192401182000,180,5,***,23,*****
54,60.255,25.043,17.4,192401190600,110,5,***,24,*****
55,60.255,25.043,17.4,192401191300,110,7,***,27,*****
56,60.255,25.043,17.4,192401192000,110,9,***,28,*****
57,60.255,25.043,17.4,192401200600,110,11,***,31,*****
58,60.255,25.043,17.4,192401201300,140,9,***,30,*****
59,60.255,25.043,17.4,192401202000,070,16,***,21,*****
60,60.255,25.043,17.4,192401210600,050,19,***,7,*****
61,60.255,25.043,17.4,192401211300,020,18,***,3,*****
62,60.255,25.043,17.4,192401212000,360,16,***,0,*****
63,60.255,25.043,17.4,192401220600,340,18,***,-6,*****
64,60.255,25.043,17.4,192401221300,340,16,***,-3,*****
65,60.255,25.043,17.4,192401222000,360,14,***,-2,*****
66,60.255,25.043,17.4,192401230600,340,7,***,-5,*****
67,60.255,25.043,17.4,192401231300,320,5,***,2,*****
68,60.255,25.043,17.4,192401232000,230,9,***,6,*****
69,60.255,25.043,17.4,192401240600,050,5,***,2,*****
70,60.255,25.043,17.4,192401241300,160,11,***,21,*****
71,60.255,25.043,17.4,192401242000,140,11,***,17,*****
72,60.255,25.043,17.4,192401250600,110,11,***,6,*****
73,60.255,25.043,17.4,192401251300,110,7,***,10,*****
74,60.255,25.043,17.4,192401252000,050,7,***,6,*****
75,60.255,25.043,17.4,192401260600,230,11,***,10,*****
76,60.255,25.043,17.4,192401261300,180,9,***,13,*****
77,60.255,25.043,17.4,192401262000,230,14,***,21,*****
78,60.255,25.043,17.4,192401270600,200,16,***,23,*****
79,60.255,25.043,17.4,192401271300,200,18,***,24,*****
80,60.255,25.043,17.4,192401272000,200,16,***,27,*****
81,60.255,25.043,17.4,192401280600,200,7,***,27,*****
82,60.255,25.043,17.4,192401281300,140,5,***,25,*****
83,60.255,25.043,17.4,192401282000,050,5,***,21,*****
84,60.255,25.043,17.4,192401290600,050,2,***,20,*****
85,60.255,25.043,17.4,192401291300,360,9,***,26,*****
86,60.255,25.043,17.4,192401292000,340,5,***,23,*****
87,60.255,25.043,17.4,192401300600,250,7,***,23,*****
88,60.255,25.043,17.4,192401301300,290,5,***,28,*****
89,60.255,25.043,17.4,192401302000,270,5,***,27,*****
90,60.255,25.043,17.4,192401310600,270,9,***,33,*****
91,60.255,25.043,17.4,192401311300,340,9,***,33,*****
92,60.255,25.043,17.4,192401312000,320,7,***,26,*****
93,60.255,25.043,17.4,192402010600,230,11,***,28,*****
94,60.255,25.043,17.4,192402011300,270,9,***,34,*****
95,60.255,25.043,17.4,192402012000,270,11,***,30,*****
96,60.255,25.043,17.4,192402020600,230,11,***,26,*****
97,60.255,25.043,17.4,192402021300,200,16,***,33,*****
98,60.255,25.043,17.4,192402022000,320,7,***,27,*****
99,60.255,25.043,17.4,192402030600,320,9,***,23,*****
100,60.255,25.043,17.4,192402031300,340,14,***,24,*****
101,60.255,25.043,17.4,192402032000,360,14,***,29,*****
102,60.255,25.043,17.4,192402040600,360,9,***,25,*****
103,60.255,25.043,17.4,192402041300,020,7,***,25,*****
104,60.255,25.043,17.4,192402042000,360,7,***,23,*****
105,60.255,25.043,17.4,192402050600,360,2,***,20,*****
106,60.255,25.043,17.4,192402051300,090,9,***,20,*****
107,60.255,25.043,17.4,192402052000,110,11,***,23,*****
108,60.255,25.043,17.4,192402060600,020,9,***,18,*****
109,60.255,25.043,17.4,192402061300,020,14,***,18,*****
110,60.255,25.043,17.4,192402062000,360,14,***,13,*****
111,60.255,25.043,17.4,192402070600,340,9,***,7,*****
112,60.255,25.043,17.4,192402071300,360,11,***,14,*****
113,60.255,25.043,17.4,192402072000,340,11,***,11,*****
114,60.255,25.043,17.4,192402080600,340,14,***,9,*****
115,60.255,25.043,17.4,192402081300,360,14,***,12,*****
116,60.255,25.043,17.4,192402082000,360,9,***,9,*****
117,60.255,25.043,17.4,192402090600,360,11,***,8,*****
118,60.255,25.043,17.4,192402091300,340,11,***,8,*****
119,60.255,25.043,17.4,192402092000,340,7,***,4,*****
120,60.255,25.043,17.4,192402100600,070,5,***,6,*****
121,60.255,25.043,17.4,192402101300,110,11,***,12,*****
122,60.255,25.043,17.4,192402102000,110,11,***,10,*****
123,60.255,25.043,17.4,192402110600,090,14,***,9,*****
124,60.255,25.043,17.4,192402111300,090,16,***,11,*****
125,60.255,25.043,17.4,192402112000,090,16,***,15,*****
126,60.255,25.043,17.4,192402120600,070,11,***,15,*****
127,60.255,25.043,17.4,192402121300,090,18,***,16,*****
128,60.255,25.043,17.4,192402122000,090,16,***,15,*****
129,60.255,25.043,17.4,192402130600,090,11,***,14,*****
130,60.255,25.043,17.4,192402131300,090,7,***,18,*****
131,60.255,25.043,17.4,192402132000,070,5,***,19,*****
132,60.255,25.043,17.4,192402140600,070,7,***,19,*****
133,60.255,25.043,17.4,192402141300,050,7,***,21,*****
134,60.255,25.043,17.4,192402142000,090,5,***,25,*****
135,60.255,25.043,17.4,192402150600,270,7,***,22,*****
136,60.255,25.043,17.4,192402151300,360,9,***,17,*****
137,60.255,25.043,17.4,192402152000,320,7,***,11,*****
138,60.255,25.043,17.4,192402160600,250,9,***,14,*****
139,60.255,25.043,17.4,192402161300,230,7,***,20,*****
140,60.255,25.043,17.4,192402162000,250,9,***,16,*****
141,60.255,25.043,17.4,192402170600,230,7,***,25,*****
142,60.255,25.043,17.4,192402171300,230,11,***,26,*****
143,60.255,25.043,17.4,192402172000,230,18,***,27,*****
144,60.255,25.043,17.4,192402180600,230,11,***,32,*****
145,60.255,25.043,17.4,192402181300,250,11,***,32,*****
146,60.255,25.043,17.4,192402182000,250,14,***,31,*****
147,60.255,25.043,17.4,192402190600,250,16,***,31,*****
148,60.255,25.043,17.4,192402191300,320,14,***,26,*****
149,60.255,25.043,17.4,192402192000,320,9,***,17,*****
150,60.255,25.043,17.4,192402200600,320,2,***,2,*****
151,60.255,25.043,17.4,192402201300,200,11,***,24,*****
152,60.255,25.043,17.4,192402202000,200,16,***,24,*****
153,60.255,25.043,17.4,192402210600,270,5,***,28,*****
154,60.255,25.043,17.4,192402211300,290,7,***,26,*****
155,60.255,25.043,17.4,192402212000,180,5,***,20,*****
156,60.255,25.043,17.4,192402220600,090,9,***,25,*****
157,60.255,25.043,17.4,192402221300,070,14,***,20,*****
158,60.255,25.043,17.4,192402222000,050,14,***,18,*****
159,60.255,25.043,17.4,192402230600,360,14,***,15,*****
160,60.255,25.043,17.4,192402231300,360,11,***,16,*****
161,60.255,25.043,17.4,192402232000,320,7,***,9,*****
162,60.255,25.043,17.4,192402240600,320,5,***,5,*****
163,60.255,25.043,17.4,192402241300,320,5,***,9,*****
164,60.255,25.043,17.4,192402242000,290,2,***,4,*****
165,60.255,25.043,17.4,192402250600,270,2,***,1,*****
166,60.255,25.043,17.4,192402251300,140,5,***,12,*****
167,60.255,25.043,17.4,192402252000,070,5,***,5,*****
168,60.255,25.043,17.4,192402260600,020,5,***,0,*****
169,60.255,25.043,17.4,192402261300,***,0,***,10,*****
170,60.255,25.043,17.4,192402262000,110,5,***,0,*****
171,60.255,25.043,17.4,192402270600,***,0,***,7,*****
172,60.255,25.043,17.4,192402271300,140,5,***,9,*****
173,60.255,25.043,17.4,192402272000,140,7,***,6,*****
174,60.255,25.043,17.4,192402280600,180,9,***,16,*****
175,60.255,25.043,17.4,192402281300,200,11,***,22,*****
176,60.255,25.043,17.4,192402282000,200,9,***,18,*****
177,60.255,25.043,17.4,192402290600,140,5,***,11,*****
178,60.255,25.043,17.4,192402291300,140,9,***,19,*****
179,60.255,25.043,17.4,192402292000,140,9,***,15,*****
180,60.255,25.043,17.4,192403010600,020,5,***,11,*****
181,60.255,25.043,17.4,192403011300,020,5,***,18,*****
182,60.255,25.043,17.4,192403012000,050,2,***,17,*****
183,60.255,25.043,17.4,192403020600,320,5,***,13,*****
184,60.255,25.043,17.4,192403021300,320,7,***,18,*****
185,60.255,25.043,17.4,192403022000,250,7,***,16,*****
186,60.255,25.043,17.4,192403030600,090,11,***,11,*****
187,60.255,25.043,17.4,192403031300,070,7,***,20,*****
188,60.255,25.043,17.4,192403032000,160,7,***,29,*****
189,60.255,25.043,17.4,192403040600,180,14,***,27,*****
190,60.255,25.043,17.4,192403041300,200,14,***,33,*****
191,60.255,25.043,17.4,192403042000,200,11,***,28,*****
192,60.255,25.043,17.4,192403050600,160,9,***,28,*****
193,60.255,25.043,17.4,192403051300,180,9,***,31,*****
194,60.255,25.043,17.4,192403052000,140,9,***,31,*****
195,60.255,25.043,17.4,192403060600,250,9,***,31,*****
196,60.255,25.043,17.4,192403061300,200,14,***,32,*****
197,60.255,25.043,17.4,192403062000,230,11,***,29,*****
198,60.255,25.043,17.4,192403070600,230,5,***,26,*****
199,60.255,25.043,17.4,192403071300,250,5,***,31,*****
200,60.255,25.043,17.4,192403072000,200,5,***,29,*****
201,60.255,25.043,17.4,192403080600,200,9,***,28,*****
202,60.255,25.043,17.4,192403081300,200,16,***,29,*****
203,60.255,25.043,17.4,192403082000,250,18,***,27,*****
204,60.255,25.043,17.4,192403090600,230,16,***,30,*****
205,60.255,25.043,17.4,192403091300,250,14,***,31,*****
206,60.255,25.043,17.4,192403092000,250,9,***,32,*****
207,60.255,25.043,17.4,192403100600,250,9,***,32,*****
208,60.255,25.043,17.4,192403101300,***,0,***,34,*****
209,60.255,25.043,17.4,192403102000,050,5,***,32,*****
210,60.255,25.043,17.4,192403110600,050,16,***,22,*****
211,60.255,25.043,17.4,192403111300,340,18,***,26,*****
212,60.255,25.043,17.4,192403112000,020,11,***,19,*****
213,60.255,25.043,17.4,192403120600,360,7,***,9,*****
214,60.255,25.043,17.4,192403121300,360,5,***,24,*****
215,60.255,25.043,17.4,192403122000,270,7,***,17,*****
216,60.255,25.043,17.4,192403130600,250,9,***,8,*****
217,60.255,25.043,17.4,192403131300,230,11,***,24,*****
218,60.255,25.043,17.4,192403132000,230,9,***,19,*****
219,60.255,25.043,17.4,192403140600,200,11,***,20,*****
220,60.255,25.043,17.4,192403141300,230,14,***,27,*****
221,60.255,25.043,17.4,192403142000,230,16,***,20,*****
222,60.255,25.043,17.4,192403150600,200,18,***,19,*****
223,60.255,25.043,17.4,192403151300,200,19,***,29,*****
224,60.255,25.043,17.4,192403152000,200,18,***,30,*****
225,60.255,25.043,17.4,192403160600,250,11,***,33,*****
226,60.255,25.043,17.4,192403161300,250,14,***,32,*****
227,60.255,25.043,17.4,192403162000,250,7,***,26,*****
228,60.255,25.043,17.4,192403170600,360,7,***,23,*****
229,60.255,25.043,17.4,192403171300,340,9,***,27,*****
230,60.255,25.043,17.4,192403172000,360,9,***,18,*****
231,60.255,25.043,17.4,192403180600,360,9,***,17,*****
232,60.255,25.043,17.4,192403181300,360,7,***,19,*****
233,60.255,25.043,17.4,192403182000,340,5,***,16,*****
234,60.255,25.043,17.4,192403190600,320,7,***,9,*****
235,60.255,25.043,17.4,192403191300,360,7,***,21,*****
236,60.255,25.043,17.4,192403192000,320,7,***,18,*****
237,60.255,25.043,17.4,192403200600,320,7,***,8,*****
238,60.255,25.043,17.4,192403201300,360,7,***,22,*****
239,60.255,25.043,17.4,192403202000,290,5,***,21,*****
240,60.255,25.043,17.4,192403210600,320,7,***,10,*****
241,60.255,25.043,17.4,192403211300,290,9,***,25,*****
242,60.255,25.043,17.4,192403212000,270,9,***,17,*****
243,60.255,25.043,17.4,192403220600,180,14,***,20,*****
244,60.255,25.043,17.4,192403221300,180,14,***,26,*****
245,60.255,25.043,17.4,192403222000,230,2,***,22,*****
246,60.255,25.043,17.4,192403230600,230,7,***,22,*****
247,60.255,25.043,17.4,192403231300,340,11,***,28,*****
248,60.255,25.043,17.4,192403232000,340,7,***,20,*****
249,60.255,25.043,17.4,192403240600,020,9,***,8,*****
250,60.255,25.043,17.4,192403241300,110,9,***,22,*****
251,60.255,25.043,17.4,192403242000,090,18,***,20,*****
252,60.255,25.043,17.4,192403250600,110,18,***,22,*****
253,60.255,25.043,17.4,192403251300,090,9,***,31,*****
254,60.255,25.043,17.4,192403252000,050,7,***,29,*****
255,60.255,25.043,17.4,192403260600,050,7,***,25,*****
256,60.255,25.043,17.4,192403261300,050,9,***,28,*****
257,60.255,25.043,17.4,192403262000,090,11,***,28,*****
258,60.255,25.043,17.4,192403270600,070,14,***,32,*****
259,60.255,25.043,17.4,192403271300,110,14,***,34,*****
260,60.255,25.043,17.4,192403272000,110,7,***,34,*****
261,60.255,25.043,17.4,192403280600,230,9,***,34,*****
262,60.255,25.043,17.4,192403281300,230,9,***,34,*****
263,60.255,25.043,17.4,192403282000,***,0,***,33,*****
264,60.255,25.043,17.4,192403290600,340,7,***,32,*****
265,60.255,25.043,17.4,192403291300,***,0,***,38,*****
266,60.255,25.043,17.4,192403292000,180,2,***,34,*****
267,60.255,25.043,17.4,192403300600,360,5,***,32,*****
268,60.255,25.043,17.4,192403301300,320,7,***,38,*****
269,60.255,25.043,17.4,192403302000,270,7,***,30,*****
270,60.255,25.043,17.4,192403310600,270,5,***,27,*****
271,60.255,25.043,17.4,192403311300,320,11,***,35,*****
272,60.255,25.043,17.4,192403312000,270,7,***,30,*****
273,60.255,25.043,17.4,192404010600,340,5,***,24,*****
274,60.255,25.043,17.4,192404011300,360,9,***,34,*****
275,60.255,25.043,17.4,192404012000,320,5,***,31,*****
276,60.255,25.043,17.4,192404020600,360,7,***,23,*****
277,60.255,25.043,17.4,192404021300,180,5,***,33,*****
278,60.255,25.043,17.4,192404022000,250,5,***,25,*****
279,60.255,25.043,17.4,192404030600,250,5,***,20,*****
280,60.255,25.043,17.4,192404031300,230,11,***,34,*****
281,60.255,25.043,17.4,192404032000,250,9,***,31,*****
282,60.255,25.043,17.4,192404040600,320,5,***,34,*****
283,60.255,25.043,17.4,192404041300,050,11,***,41,*****
284,60.255,25.043,17.4,192404042000,020,7,***,31,*****
285,60.255,25.043,17.4,192404050600,340,5,***,24,*****
286,60.255,25.043,17.4,192404051300,230,11,***,34,*****
287,60.255,25.043,17.4,192404052000,250,7,***,33,*****
288,60.255,25.043,17.4,192404060600,250,11,***,31,*****
289,60.255,25.043,17.4,192404061300,230,11,***,37,*****
290,60.255,25.043,17.4,192404062000,250,9,***,34,*****
291,60.255,25.043,17.4,192404070600,250,9,***,29,*****
292,60.255,25.043,17.4,192404071300,230,11,***,36,*****
293,60.255,25.043,17.4,192404072000,250,9,***,33,*****
294,60.255,25.043,17.4,192404080600,230,14,***,33,*****
295,60.255,25.043,17.4,192404081300,230,16,***,35,*****
296,60.255,25.043,17.4,192404082000,230,16,***,34,*****
297,60.255,25.043,17.4,192404090600,360,2,***,28,*****
298,60.255,25.043,17.4,192404091300,140,9,***,35,*****
299,60.255,25.043,17.4,192404092000,140,5,***,33,*****
300,60.255,25.043,17.4,192404100600,***,0,***,27,*****
301,60.255,25.043,17.4,192404101300,250,7,***,30,*****
302,60.255,25.043,17.4,192404102000,180,2,***,24,*****
303,60.255,25.043,17.4,192404110600,020,7,***,29,*****
304,60.255,25.043,17.4,192404111300,050,14,***,34,*****
305,60.255,25.043,17.4,192404112000,340,9,***,33,*****
306,60.255,25.043,17.4,192404120600,200,9,***,33,*****
307,60.255,25.043,17.4,192404121300,230,18,***,34,*****
308,60.255,25.043,17.4,192404122000,230,9,***,32,*****
309,60.255,25.043,17.4,192404130600,270,5,***,30,*****
310,60.255,25.043,17.4,192404131300,340,9,***,35,*****
311,60.255,25.043,17.4,192404132000,270,2,***,31,*****
312,60.255,25.043,17.4,192404140600,340,7,***,30,*****
313,60.255,25.043,17.4,192404141300,360,14,***,37,*****
314,60.255,25.043,17.4,192404142000,360,14,***,37,*****
315,60.255,25.043,17.4,192404150600,360,14,***,36,*****
316,60.255,25.043,17.4,192404151300,360,9,***,44,*****
317,60.255,25.043,17.4,192404152000,230,5,***,35,*****
318,60.255,25.043,17.4,192404160600,160,5,***,34,*****
319,60.255,25.043,17.4,192404161300,110,9,***,38,*****
320,60.255,25.043,17.4,192404162000,110,9,***,34,*****
321,60.255,25.043,17.4,192404170600,110,9,***,36,*****
322,60.255,25.043,17.4,192404171300,160,9,***,44,*****
323,60.255,25.043,17.4,192404172000,110,9,***,38,*****
324,60.255,25.043,17.4,192404180600,090,11,***,35,*****
325,60.255,25.043,17.4,192404181300,250,7,***,38,*****
326,60.255,25.043,17.4,192404182000,250,7,***,36,*****
327,60.255,25.043,17.4,192404190600,140,7,***,35,*****
328,60.255,25.043,17.4,192404191300,140,5,***,35,*****
329,60.255,25.043,17.4,192404192000,250,5,***,34,*****
330,60.255,25.043,17.4,192404200600,340,5,***,34,*****
331,60.255,25.043,17.4,192404201300,290,7,***,42,*****
332,60.255,25.043,17.4,192404202000,230,7,***,31,*****
333,60.255,25.043,17.4,192404210600,160,9,***,32,*****
334,60.255,25.043,17.4,192404211300,110,14,***,36,*****
335,60.255,25.043,17.4,192404212000,110,16,***,35,*****
336,60.255,25.043,17.4,192404220600,110,19,***,34,*****
337,60.255,25.043,17.4,192404221300,090,18,***,35,*****
338,60.255,25.043,17.4,192404222000,050,18,***,32,*****
339,60.255,25.043,17.4,192404230600,020,16,***,24,*****
340,60.255,25.043,17.4,192404231300,020,14,***,29,*****
341,60.255,25.043,17.4,192404232000,360,5,***,26,*****
342,60.255,25.043,17.4,192404240600,360,11,***,27,*****
343,60.255,25.043,17.4,192404241300,020,7,***,37,*****
344,60.255,25.043,17.4,192404242000,340,5,***,31,*****
345,60.255,25.043,17.4,192404250600,360,9,***,27,*****
346,60.255,25.043,17.4,192404251300,340,14,***,37,*****
347,60.255,25.043,17.4,192404252000,360,7,***,27,*****
348,60.255,25.043,17.4,192404260600,320,9,***,30,*****
349,60.255,25.043,17.4,192404261300,340,11,***,39,*****
350,60.255,25.043,17.4,192404262000,340,7,***,31,*****
351,60.255,25.043,17.4,192404270600,020,7,***,28,*****
352,60.255,25.043,17.4,192404271300,140,7,***,36,*****
353,60.255,25.043,17.4,192404272000,160,5,***,31,*****
354,60.255,25.043,17.4,192404280600,090,5,***,30,*****
355,60.255,25.043,17.4,192404281300,160,9,***,36,*****
356,60.255,25.043,17.4,192404282000,110,5,***,30,*****
357,60.255,25.043,17.4,192404290600,090,7,***,33,*****
358,60.255,25.043,17.4,192404291300,110,14,***,36,*****
359,60.255,25.043,17.4,192404292000,070,5,***,32,*****
360,60.255,25.043,17.4,192404300600,090,9,***,35,*****
361,60.255,25.043,17.4,192404301300,110,9,***,42,*****
362,60.255,25.043,17.4,192404302000,090,2,***,33,*****
363,60.255,25.043,17.4,192405010600,340,9,***,37,*****
364,60.255,25.043,17.4,192405011300,320,11,***,45,*****
365,60.255,25.043,17.4,192405012000,320,7,***,38,*****
366,60.255,25.043,17.4,192405020600,320,9,***,41,*****
367,60.255,25.043,17.4,192405021300,320,11,***,51,*****
368,60.255,25.043,17.4,192405022000,250,7,***,43,*****
369,60.255,25.043,17.4,192405030600,250,5,***,38,*****
370,60.255,25.043,17.4,192405031300,140,7,***,45,*****
371,60.255,25.043,17.4,192405032000,090,9,***,38,*****
372,60.255,25.043,17.4,192405040600,140,7,***,40,*****
373,60.255,25.043,17.4,192405041300,140,14,***,48,*****
374,60.255,25.043,17.4,192405042000,090,9,***,42,*****
375,60.255,25.043,17.4,192405050600,090,11,***,39,*****
376,60.255,25.043,17.4,192405051300,110,11,***,42,*****
377,60.255,25.043,17.4,192405052000,250,9,***,39,*****
378,60.255,25.043,17.4,192405060600,270,9,***,37,*****
379,60.255,25.043,17.4,192405061300,230,9,***,41,*****
380,60.255,25.043,17.4,192405062000,090,9,***,36,*****
381,60.255,25.043,17.4,192405070600,290,9,***,39,*****
382,60.255,25.043,17.4,192405071300,250,11,***,39,*****
383,60.255,25.043,17.4,192405072000,250,5,***,33,*****
384,60.255,25.043,17.4,192405080600,090,9,***,37,*****
385,60.255,25.043,17.4,192405081300,090,16,***,48,*****
386,60.255,25.043,17.4,192405082000,140,16,***,45,*****
387,60.255,25.043,17.4,192405090600,230,9,***,42,*****
388,60.255,25.043,17.4,192405091300,360,7,***,46,*****
389,60.255,25.043,17.4,192405092000,230,2,***,45,*****
390,60.255,25.043,17.4,192405100600,320,5,***,46,*****
391,60.255,25.043,17.4,192405101300,230,9,***,51,*****
392,60.255,25.043,17.4,192405102000,250,9,***,46,*****
393,60.255,25.043,17.4,192405110600,250,2,***,44,*****
394,60.255,25.043,17.4,192405111300,140,7,***,53,*****
395,60.255,25.043,17.4,192405112000,140,9,***,45,*****
396,60.255,25.043,17.4,192405120600,110,9,***,49,*****
397,60.255,25.043,17.4,192405121300,200,5,***,63,*****
398,60.255,25.043,17.4,192405122000,250,5,***,49,*****
399,60.255,25.043,17.4,192405130600,340,7,***,54,*****
400,60.255,25.043,17.4,192405131300,320,11,***,56,*****
401,60.255,25.043,17.4,192405132000,270,11,***,51,*****
402,60.255,25.043,17.4,192405140600,200,2,***,47,*****
403,60.255,25.043,17.4,192405141300,230,9,***,51,*****
404,60.255,25.043,17.4,192405142000,250,7,***,45,*****
405,60.255,25.043,17.4,192405150600,230,5,***,42,*****
406,60.255,25.043,17.4,192405151300,250,9,***,49,*****
407,60.255,25.043,17.4,192405152000,230,7,***,51,*****
408,60.255,25.043,17.4,192405160600,230,5,***,51,*****
409,60.255,25.043,17.4,192405161300,320,14,***,64,*****
410,60.255,25.043,17.4,192405162000,050,7,***,57,*****
411,60.255,25.043,17.4,192405170600,050,18,***,40,*****
412,60.255,25.043,17.4,192405171300,200,9,***,42,*****
413,60.255,25.043,17.4,192405172000,160,5,***,42,*****
414,60.255,25.043,17.4,192405180600,360,16,***,43,*****
415,60.255,25.043,17.4,192405181300,340,14,***,54,*****
416,60.255,25.043,17.4,192405182000,290,5,***,49,*****
417,60.255,25.043,17.4,192405190600,250,5,***,43,*****
418,60.255,25.043,17.4,192405191300,270,7,***,48,*****
419,60.255,25.043,17.4,192405192000,180,2,***,45,*****
420,60.255,25.043,17.4,192405200600,050,9,***,43,*****
421,60.255,25.043,17.4,192405201300,140,9,***,46,*****
422,60.255,25.043,17.4,192405202000,340,5,***,46,*****
423,60.255,25.043,17.4,192405210600,360,7,***,43,*****
424,60.255,25.043,17.4,192405211300,320,11,***,49,*****
425,60.255,25.043,17.4,192405212000,340,5,***,46,*****
426,60.255,25.043,17.4,192405220600,020,7,***,46,*****
427,60.255,25.043,17.4,192405221300,230,11,***,49,*****
428,60.255,25.043,17.4,192405222000,250,9,***,46,*****
429,60.255,25.043,17.4,192405230600,230,7,***,44,*****
430,60.255,25.043,17.4,192405231300,160,5,***,51,*****
431,60.255,25.043,17.4,192405232000,160,11,***,46,*****
432,60.255,25.043,17.4,192405240600,270,11,***,49,*****
433,60.255,25.043,17.4,192405241300,230,11,***,57,*****
434,60.255,25.043,17.4,192405242000,250,9,***,49,*****
435,60.255,25.043,17.4,192405250600,180,7,***,45,*****
436,60.255,25.043,17.4,192405251300,180,14,***,49,*****
437,60.255,25.043,17.4,192405252000,230,14,***,47,*****
438,60.255,25.043,17.4,192405260600,230,11,***,48,*****
439,60.255,25.043,17.4,192405261300,250,16,***,52,*****
440,60.255,25.043,17.4,192405262000,250,11,***,51,*****
441,60.255,25.043,17.4,192405270600,250,9,***,48,*****
442,60.255,25.043,17.4,192405271300,250,14,***,53,*****
443,60.255,25.043,17.4,192405272000,250,9,***,48,*****
444,60.255,25.043,17.4,192405280600,200,7,***,47,*****
445,60.255,25.043,17.4,192405281300,230,11,***,54,*****
446,60.255,25.043,17.4,192405282000,230,7,***,47,*****
447,60.255,25.043,17.4,192405290600,270,9,***,53,*****
448,60.255,25.043,17.4,192405291300,230,11,***,60,*****
449,60.255,25.043,17.4,192405292000,340,9,***,56,*****
450,60.255,25.043,17.4,192405300600,070,7,***,55,*****
451,60.255,25.043,17.4,192405301300,110,14,***,58,*****
452,60.255,25.043,17.4,192405302000,070,11,***,53,*****
453,60.255,25.043,17.4,192405310600,140,7,***,54,*****
454,60.255,25.043,17.4,192405311300,230,9,***,60,*****
455,60.255,25.043,17.4,192405312000,340,7,***,57,*****
456,60.255,25.043,17.4,192406010600,020,7,***,54,*****
457,60.255,25.043,17.4,192406011300,180,9,***,57,*****
458,60.255,25.043,17.4,192406012000,090,5,***,53,*****
459,60.255,25.043,17.4,192406020600,090,11,***,50,*****
460,60.255,25.043,17.4,192406021300,140,9,***,54,*****
461,60.255,25.043,17.4,192406022000,140,2,***,54,*****
462,60.255,25.043,17.4,192406030600,230,7,***,49,*****
463,60.255,25.043,17.4,192406031300,250,18,***,56,*****
464,60.255,25.043,17.4,192406032000,250,14,***,48,*****
465,60.255,25.043,17.4,192406040600,200,14,***,46,*****
466,60.255,25.043,17.4,192406041300,230,11,***,52,*****
467,60.255,25.043,17.4,192406042000,270,14,***,46,*****
468,60.255,25.043,17.4,192406050600,230,9,***,48,*****
469,60.255,25.043,17.4,192406051300,230,11,***,55,*****
470,60.255,25.043,17.4,192406052000,250,7,***,47,*****
471,60.255,25.043,17.4,192406060600,180,9,***,49,*****
472,60.255,25.043,17.4,192406061300,140,7,***,55,*****
473,60.255,25.043,17.4,192406062000,200,5,***,51,*****
474,60.255,25.043,17.4,192406070600,320,11,***,48,*****
475,60.255,25.043,17.4,192406071300,290,14,***,59,*****
476,60.255,25.043,17.4,192406072000,270,7,***,52,*****
477,60.255,25.043,17.4,192406080600,230,9,***,48,*****
478,60.255,25.043,17.4,192406081300,250,11,***,53,*****
479,60.255,25.043,17.4,192406082000,270,7,***,53,*****
480,60.255,25.043,17.4,192406090600,180,5,***,54,*****
481,60.255,25.043,17.4,192406091300,140,5,***,65,*****
482,60.255,25.043,17.4,192406092000,090,9,***,54,*****
483,60.255,25.043,17.4,192406100600,070,7,***,57,*****
484,60.255,25.043,17.4,192406101300,160,5,***,56,*****
485,60.255,25.043,17.4,192406102000,230,7,***,49,*****
486,60.255,25.043,17.4,192406110600,230,7,***,49,*****
487,60.255,25.043,17.4,192406111300,230,14,***,55,*****
488,60.255,25.043,17.4,192406112000,250,7,***,51,*****
489,60.255,25.043,17.4,192406120600,230,5,***,51,*****
490,60.255,25.043,17.4,192406121300,230,11,***,60,*****
491,60.255,25.043,17.4,192406122000,160,5,***,51,*****
492,60.255,25.043,17.4,192406130600,070,7,***,54,*****
493,60.255,25.043,17.4,192406131300,050,7,***,57,*****
494,60.255,25.043,17.4,192406132000,090,5,***,58,*****
495,60.255,25.043,17.4,192406140600,360,14,***,49,*****
496,60.255,25.043,17.4,192406141300,360,16,***,62,*****
497,60.255,25.043,17.4,192406142000,050,14,***,54,*****
498,60.255,25.043,17.4,192406150600,050,14,***,48,*****
499,60.255,25.043,17.4,192406151300,070,16,***,49,*****
500,60.255,25.043,17.4,192406152000,090,19,***,49,*****
501,60.255,25.043,17.4,192406160600,140,5,***,52,*****
502,60.255,25.043,17.4,192406161300,200,11,***,56,*****
503,60.255,25.043,17.4,192406162000,200,9,***,49,*****
504,60.255,25.043,17.4,192406170600,340,11,***,52,*****
505,60.255,25.043,17.4,192406171300,200,9,***,60,*****
506,60.255,25.043,17.4,192406172000,270,5,***,59,*****
507,60.255,25.043,17.4,192406180600,270,5,***,58,*****
508,60.255,25.043,17.4,192406181300,250,9,***,67,*****
509,60.255,25.043,17.4,192406182000,270,2,***,64,*****
510,60.255,25.043,17.4,192406190600,180,5,***,64,*****
511,60.255,25.043,17.4,192406191300,140,5,***,70,*****
512,60.255,25.043,17.4,192406192000,140,5,***,62,*****
513,60.255,25.043,17.4,192406200600,090,5,***,65,*****
514,60.255,25.043,17.4,192406201300,140,9,***,68,*****
515,60.255,25.043,17.4,192406202000,090,7,***,65,*****
516,60.255,25.043,17.4,192406210600,090,11,***,59,*****
517,60.255,25.043,17.4,192406211300,070,11,***,57,*****
518,60.255,25.043,17.4,192406212000,070,9,***,59,*****
519,60.255,25.043,17.4,192406220600,090,9,***,58,*****
520,60.255,25.043,17.4,192406221300,140,9,***,63,*****
521,60.255,25.043,17.4,192406222000,110,5,***,60,*****
522,60.255,25.043,17.4,192406230600,180,5,***,61,*****
523,60.255,25.043,17.4,192406231300,140,7,***,63,*****
524,60.255,25.043,17.4,192406232000,140,2,***,59,*****
525,60.255,25.043,17.4,192406240600,250,9,***,58,*****
526,60.255,25.043,17.4,192406241300,230,16,***,56,*****
527,60.255,25.043,17.4,192406242000,230,14,***,54,*****
528,60.255,25.043,17.4,192406250600,320,9,***,53,*****
529,60.255,25.043,17.4,192406251300,340,9,***,55,*****
530,60.255,25.043,17.4,192406252000,360,7,***,51,*****
531,60.255,25.043,17.4,192406260600,320,7,***,53,*****
532,60.255,25.043,17.4,192406261300,360,7,***,60,*****
533,60.255,25.043,17.4,192406262000,250,7,***,56,*****
534,60.255,25.043,17.4,192406270600,340,7,***,56,*****
535,60.255,25.043,17.4,192406271300,230,11,***,62,*****
536,60.255,25.043,17.4,192406272000,250,5,***,57,*****
537,60.255,25.043,17.4,192406280600,160,11,***,55,*****
538,60.255,25.043,17.4,192406281300,230,16,***,60,*****
539,60.255,25.043,17.4,192406282000,200,11,***,54,*****
540,60.255,25.043,17.4,192406290600,250,14,***,54,*****
541,60.255,25.043,17.4,192406291300,230,14,***,53,*****
542,60.255,25.043,17.4,192406292000,270,11,***,54,*****
543,60.255,25.043,17.4,192406300600,230,5,***,54,*****
544,60.255,25.043,17.4,192406301300,250,14,***,60,*****
545,60.255,25.043,17.4,192406302000,230,9,***,53,*****
546,60.255,25.043,17.4,192407010600,230,9,***,55,*****
547,60.255,25.043,17.4,192407011300,230,18,***,57,*****
548,60.255,25.043,17.4,192407012000,250,9,***,52,*****
549,60.255,25.043,17.4,192407020600,230,9,***,55,*****
550,60.255,25.043,17.4,192407021300,230,14,***,56,*****
551,60.255,25.043,17.4,192407022000,230,9,***,52,*****
552,60.255,25.043,17.4,192407030600,230,7,***,56,*****
553,60.255,25.043,17.4,192407031300,230,9,***,65,*****
554,60.255,25.043,17.4,192407032000,140,7,***,58,*****
555,60.255,25.043,17.4,192407040600,140,9,***,60,*****
556,60.255,25.043,17.4,192407041300,140,9,***,56,*****
557,60.255,25.043,17.4,192407042000,180,5,***,55,*****
558,60.255,25.043,17.4,192407050600,270,11,***,56,*****
559,60.255,25.043,17.4,192407051300,200,14,***,61,*****
560,60.255,25.043,17.4,192407052000,250,9,***,54,*****
561,60.255,25.043,17.4,192407060600,230,9,***,53,*****
562,60.255,25.043,17.4,192407061300,250,14,***,57,*****
563,60.255,25.043,17.4,192407062000,250,9,***,52,*****
564,60.255,25.043,17.4,192407070600,270,7,***,58,*****
565,60.255,25.043,17.4,192407071300,200,11,***,60,*****
566,60.255,25.043,17.4,192407072000,250,5,***,55,*****
567,60.255,25.043,17.4,192407080600,270,7,***,58,*****
568,60.255,25.043,17.4,192407081300,250,11,***,57,*****
569,60.255,25.043,17.4,192407082000,230,5,***,56,*****
570,60.255,25.043,17.4,192407090600,230,5,***,52,*****
571,60.255,25.043,17.4,192407091300,200,7,***,60,*****
572,60.255,25.043,17.4,192407092000,250,5,***,56,*****
573,60.255,25.043,17.4,192407100600,360,5,***,62,*****
574,60.255,25.043,17.4,192407101300,230,7,***,69,*****
575,60.255,25.043,17.4,192407102000,340,7,***,62,*****
576,60.255,25.043,17.4,192407110600,320,5,***,60,*****
577,60.255,25.043,17.4,192407111300,340,9,***,68,*****
578,60.255,25.043,17.4,192407112000,340,7,***,62,*****
579,60.255,25.043,17.4,192407120600,360,7,***,61,*****
580,60.255,25.043,17.4,192407121300,360,11,***,70,*****
581,60.255,25.043,17.4,192407122000,250,2,***,62,*****
582,60.255,25.043,17.4,192407130600,360,5,***,59,*****
583,60.255,25.043,17.4,192407131300,140,7,***,65,*****
584,60.255,25.043,17.4,192407132000,***,0,***,63,*****
585,60.255,25.043,17.4,192407140600,160,5,***,64,*****
586,60.255,25.043,17.4,192407141300,160,9,***,69,*****
587,60.255,25.043,17.4,192407142000,250,5,***,64,*****
588,60.255,25.043,17.4,192407150600,090,2,***,58,*****
589,60.255,25.043,17.4,192407151300,230,5,***,58,*****
590,60.255,25.043,17.4,192407152000,340,7,***,58,*****
591,60.255,25.043,17.4,192407160600,340,7,***,63,*****
592,60.255,25.043,17.4,192407161300,360,7,***,73,*****
593,60.255,25.043,17.4,192407162000,020,2,***,64,*****
594,60.255,25.043,17.4,192407170600,020,2,***,66,*****
595,60.255,25.043,17.4,192407171300,160,9,***,75,*****
596,60.255,25.043,17.4,192407172000,250,5,***,66,*****
597,60.255,25.043,17.4,192407180600,290,2,***,65,*****
598,60.255,25.043,17.4,192407181300,200,7,***,76,*****
599,60.255,25.043,17.4,192407182000,140,5,***,68,*****
600,60.255,25.043,17.4,192407190600,090,9,***,64,*****
601,60.255,25.043,17.4,192407191300,090,14,***,66,*****
602,60.255,25.043,17.4,192407192000,090,9,***,65,*****
603,60.255,25.043,17.4,192407200600,110,7,***,67,*****
604,60.255,25.043,17.4,192407201300,250,7,***,72,*****
605,60.255,25.043,17.4,192407202000,290,7,***,64,*****
606,60.255,25.043,17.4,192407210600,360,7,***,64,*****
607,60.255,25.043,17.4,192407211300,250,7,***,73,*****
608,60.255,25.043,17.4,192407212000,230,5,***,65,*****
609,60.255,25.043,17.4,192407220600,050,5,***,66,*****
610,60.255,25.043,17.4,192407221300,200,7,***,68,*****
611,60.255,25.043,17.4,192407222000,200,5,***,64,*****
612,60.255,25.043,17.4,192407230600,160,2,***,65,*****
613,60.255,25.043,17.4,192407231300,160,7,***,76,*****
614,60.255,25.043,17.4,192407232000,140,5,***,69,*****
615,60.255,25.043,17.4,192407240600,110,11,***,66,*****
616,60.255,25.043,17.4,192407241300,090,16,***,70,*****
617,60.255,25.043,17.4,192407242000,090,14,***,67,*****
618,60.255,25.043,17.4,192407250600,110,11,***,66,*****
619,60.255,25.043,17.4,192407251300,090,14,***,72,*****
620,60.255,25.043,17.4,192407252000,070,9,***,66,*****
621,60.255,25.043,17.4,192407260600,070,11,***,67,*****
622,60.255,25.043,17.4,192407261300,110,11,***,72,*****
623,60.255,25.043,17.4,192407262000,070,5,***,68,*****
624,60.255,25.043,17.4,192407270600,070,5,***,66,*****
625,60.255,25.043,17.4,192407271300,050,7,***,75,*****
626,60.255,25.043,17.4,192407272000,270,7,***,69,*****
627,60.255,25.043,17.4,192407280600,070,9,***,60,*****
628,60.255,25.043,17.4,192407281300,070,9,***,64,*****
629,60.255,25.043,17.4,192407282000,050,5,***,56,*****
630,60.255,25.043,17.4,192407290600,050,5,***,59,*****
631,60.255,25.043,17.4,192407291300,110,9,***,71,*****
632,60.255,25.043,17.4,192407292000,090,2,***,64,*****
633,60.255,25.043,17.4,192407300600,020,5,***,65,*****
634,60.255,25.043,17.4,192407301300,110,7,***,74,*****
635,60.255,25.043,17.4,192407302000,070,5,***,67,*****
636,60.255,25.043,17.4,192407310600,090,5,***,66,*****
637,60.255,25.043,17.4,192407311300,140,9,***,75,*****
638,60.255,25.043,17.4,192407312000,070,5,***,68,*****
639,60.255,25.043,17.4,192408010600,070,5,***,65,*****
640,60.255,25.043,17.4,192408011300,140,7,***,73,*****
641,60.255,25.043,17.4,192408012000,070,5,***,67,*****
642,60.255,25.043,17.4,192408020600,090,7,***,69,*****
643,60.255,25.043,17.4,192408021300,140,9,***,71,*****
644,60.255,25.043,17.4,192408022000,070,5,***,67,*****
645,60.255,25.043,17.4,192408030600,110,5,***,68,*****
646,60.255,25.043,17.4,192408031300,140,11,***,73,*****
647,60.255,25.043,17.4,192408032000,140,7,***,68,*****
648,60.255,25.043,17.4,192408040600,110,9,***,65,*****
649,60.255,25.043,17.4,192408041300,160,9,***,75,*****
650,60.255,25.043,17.4,192408042000,110,11,***,71,*****
651,60.255,25.043,17.4,192408050600,160,11,***,69,*****
652,60.255,25.043,17.4,192408051300,140,14,***,74,*****
653,60.255,25.043,17.4,192408052000,140,9,***,66,*****
654,60.255,25.043,17.4,192408060600,140,11,***,65,*****
655,60.255,25.043,17.4,192408061300,140,18,***,62,*****
656,60.255,25.043,17.4,192408062000,160,7,***,61,*****
657,60.255,25.043,17.4,192408070600,200,14,***,64,*****
658,60.255,25.043,17.4,192408071300,230,19,***,67,*****
659,60.255,25.043,17.4,192408072000,250,14,***,62,*****
660,60.255,25.043,17.4,192408080600,250,5,***,62,*****
661,60.255,25.043,17.4,192408081300,180,11,***,65,*****
662,60.255,25.043,17.4,192408082000,270,5,***,60,*****
663,60.255,25.043,17.4,192408090600,340,7,***,58,*****
664,60.255,25.043,17.4,192408091300,320,9,***,71,*****
665,60.255,25.043,17.4,192408092000,340,9,***,60,*****
666,60.255,25.043,17.4,192408100600,340,5,***,56,*****
667,60.255,25.043,17.4,192408101300,230,9,***,66,*****
668,60.255,25.043,17.4,192408102000,230,7,***,62,*****
669,60.255,25.043,17.4,192408110600,160,2,***,60,*****
670,60.255,25.043,17.4,192408111300,180,11,***,68,*****
671,60.255,25.043,17.4,192408112000,230,7,***,62,*****
672,60.255,25.043,17.4,192408120600,270,2,***,61,*****
673,60.255,25.043,17.4,192408121300,200,9,***,70,*****
674,60.255,25.043,17.4,192408122000,270,7,***,64,*****
675,60.255,25.043,17.4,192408130600,270,5,***,62,*****
676,60.255,25.043,17.4,192408131300,180,11,***,72,*****
677,60.255,25.043,17.4,192408132000,160,5,***,63,*****
678,60.255,25.043,17.4,192408140600,160,7,***,66,*****
679,60.255,25.043,17.4,192408141300,140,9,***,75,*****
680,60.255,25.043,17.4,192408142000,140,7,***,67,*****
681,60.255,25.043,17.4,192408150600,140,5,***,67,*****
682,60.255,25.043,17.4,192408151300,110,7,***,75,*****
683,60.255,25.043,17.4,192408152000,090,7,***,68,*****
684,60.255,25.043,17.4,192408160600,160,7,***,69,*****
685,60.255,25.043,17.4,192408161300,160,11,***,75,*****
686,60.255,25.043,17.4,192408162000,230,5,***,67,*****
687,60.255,25.043,17.4,192408170600,***,0,***,63,*****
688,60.255,25.043,17.4,192408171300,180,9,***,71,*****
689,60.255,25.043,17.4,192408172000,250,2,***,64,*****
690,60.255,25.043,17.4,192408180600,050,5,***,64,*****
691,60.255,25.043,17.4,192408181300,140,9,***,75,*****
692,60.255,25.043,17.4,192408182000,140,9,***,71,*****
693,60.255,25.043,17.4,192408190600,110,7,***,68,*****
694,60.255,25.043,17.4,192408191300,110,7,***,69,*****
695,60.255,25.043,17.4,192408192000,090,7,***,64,*****
696,60.255,25.043,17.4,192408200600,250,2,***,64,*****
697,60.255,25.043,17.4,192408201300,160,5,***,66,*****
698,60.255,25.043,17.4,192408202000,320,7,***,59,*****
699,60.255,25.043,17.4,192408210600,250,14,***,56,*****
700,60.255,25.043,17.4,192408211300,250,14,***,65,*****
701,60.255,25.043,17.4,192408212000,200,5,***,60,*****
702,60.255,25.043,17.4,192408220600,360,7,***,55,*****
703,60.255,25.043,17.4,192408221300,360,7,***,59,*****
704,60.255,25.043,17.4,192408222000,320,9,***,58,*****
705,60.255,25.043,17.4,192408230600,290,9,***,58,*****
706,60.255,25.043,17.4,192408231300,270,14,***,66,*****
707,60.255,25.043,17.4,192408232000,270,7,***,60,*****
708,60.255,25.043,17.4,192408240600,070,7,***,51,*****
709,60.255,25.043,17.4,192408241300,160,7,***,64,*****
710,60.255,25.043,17.4,192408242000,020,9,***,55,*****
711,60.255,25.043,17.4,192408250600,320,9,***,52,*****
712,60.255,25.043,17.4,192408251300,360,7,***,53,*****
713,60.255,25.043,17.4,192408252000,320,7,***,49,*****
714,60.255,25.043,17.4,192408260600,360,5,***,48,*****
715,60.255,25.043,17.4,192408261300,230,2,***,61,*****
716,60.255,25.043,17.4,192408262000,070,5,***,53,*****
717,60.255,25.043,17.4,192408270600,050,2,***,54,*****
718,60.255,25.043,17.4,192408271300,090,5,***,56,*****
719,60.255,25.043,17.4,192408272000,160,5,***,54,*****
720,60.255,25.043,17.4,192408280600,070,5,***,49,*****
721,60.255,25.043,17.4,192408281300,090,7,***,59,*****
722,60.255,25.043,17.4,192408282000,160,5,***,54,*****
723,60.255,25.043,17.4,192408290600,090,5,***,50,*****
724,60.255,25.043,17.4,192408291300,140,7,***,61,*****
725,60.255,25.043,17.4,192408292000,160,5,***,55,*****
726,60.255,25.043,17.4,192408300600,070,5,***,54,*****
727,60.255,25.043,17.4,192408301300,140,9,***,62,*****
728,60.255,25.043,17.4,192408302000,160,9,***,58,*****
729,60.255,25.043,17.4,192408310600,160,7,***,57,*****
730,60.255,25.043,17.4,192408311300,140,11,***,64,*****
731,60.255,25.043,17.4,192408312000,200,5,***,56,*****
732,60.255,25.043,17.4,192409010600,160,5,***,58,*****
733,60.255,25.043,17.4,192409011300,160,9,***,61,*****
734,60.255,25.043,17.4,192409012000,110,5,***,54,*****
735,60.255,25.043,17.4,192409020600,070,5,***,50,*****
736,60.255,25.043,17.4,192409021300,180,5,***,64,*****
737,60.255,25.043,17.4,192409022000,020,7,***,56,*****
738,60.255,25.043,17.4,192409030600,360,5,***,53,*****
739,60.255,25.043,17.4,192409031300,140,7,***,66,*****
740,60.255,25.043,17.4,192409032000,250,5,***,61,*****
741,60.255,25.043,17.4,192409040600,320,7,***,54,*****
742,60.255,25.043,17.4,192409041300,320,14,***,72,*****
743,60.255,25.043,17.4,192409042000,320,9,***,60,*****
744,60.255,25.043,17.4,192409050600,360,5,***,56,*****
745,60.255,25.043,17.4,192409051300,320,7,***,71,*****
746,60.255,25.043,17.4,192409052000,320,7,***,63,*****
747,60.255,25.043,17.4,192409060600,340,7,***,54,*****
748,60.255,25.043,17.4,192409061300,230,7,***,66,*****
749,60.255,25.043,17.4,192409062000,250,5,***,59,*****
750,60.255,25.043,17.4,192409070600,050,7,***,51,*****
751,60.255,25.043,17.4,192409071300,140,5,***,62,*****
752,60.255,25.043,17.4,192409072000,110,5,***,58,*****
753,60.255,25.043,17.4,192409080600,020,7,***,52,*****
754,60.255,25.043,17.4,192409081300,140,5,***,64,*****
755,60.255,25.043,17.4,192409082000,140,2,***,58,*****
756,60.255,25.043,17.4,192409090600,160,7,***,60,*****
757,60.255,25.043,17.4,192409091300,140,14,***,63,*****
758,60.255,25.043,17.4,192409092000,180,14,***,61,*****
759,60.255,25.043,17.4,192409100600,140,9,***,59,*****
760,60.255,25.043,17.4,192409101300,180,16,***,65,*****
761,60.255,25.043,17.4,192409102000,180,18,***,58,*****
762,60.255,25.043,17.4,192409110600,160,26,***,53,*****
763,60.255,25.043,17.4,192409111300,200,29,***,53,*****
764,60.255,25.043,17.4,192409112000,270,18,***,54,*****
765,60.255,25.043,17.4,192409120600,230,11,***,54,*****
766,60.255,25.043,17.4,192409121300,290,7,***,55,*****
767,60.255,25.043,17.4,192409122000,270,9,***,50,*****
768,60.255,25.043,17.4,192409130600,230,7,***,56,*****
769,60.255,25.043,17.4,192409131300,230,14,***,59,*****
770,60.255,25.043,17.4,192409132000,180,9,***,56,*****
771,60.255,25.043,17.4,192409140600,180,11,***,56,*****
772,60.255,25.043,17.4,192409141300,180,14,***,61,*****
773,60.255,25.043,17.4,192409142000,180,14,***,58,*****
774,60.255,25.043,17.4,192409150600,140,18,***,56,*****
775,60.255,25.043,17.4,192409151300,230,19,***,57,*****
776,60.255,25.043,17.4,192409152000,270,9,***,51,*****
777,60.255,25.043,17.4,192409160600,250,9,***,53,*****
778,60.255,25.043,17.4,192409161300,230,14,***,58,*****
779,60.255,25.043,17.4,192409162000,230,9,***,54,*****
780,60.255,25.043,17.4,192409170600,200,9,***,53,*****
781,60.255,25.043,17.4,192409171300,230,14,***,55,*****
782,60.255,25.043,17.4,192409172000,230,9,***,54,*****
783,60.255,25.043,17.4,192409180600,250,11,***,55,*****
784,60.255,25.043,17.4,192409181300,200,16,***,57,*****
785,60.255,25.043,17.4,192409182000,250,14,***,53,*****
786,60.255,25.043,17.4,192409190600,230,14,***,54,*****
787,60.255,25.043,17.4,192409191300,270,16,***,59,*****
788,60.255,25.043,17.4,192409192000,270,11,***,53,*****
789,60.255,25.043,17.4,192409200600,290,9,***,50,*****
790,60.255,25.043,17.4,192409201300,200,11,***,55,*****
791,60.255,25.043,17.4,192409202000,180,7,***,51,*****
792,60.255,25.043,17.4,192409210600,140,7,***,52,*****
793,60.255,25.043,17.4,192409211300,230,9,***,58,*****
794,60.255,25.043,17.4,192409212000,250,16,***,56,*****
795,60.255,25.043,17.4,192409220600,230,22,***,54,*****
796,60.255,25.043,17.4,192409221300,250,22,***,56,*****
797,60.255,25.043,17.4,192409222000,230,9,***,50,*****
798,60.255,25.043,17.4,192409230600,200,14,***,53,*****
799,60.255,25.043,17.4,192409231300,320,26,***,49,*****
800,60.255,25.043,17.4,192409232000,270,14,***,51,*****
801,60.255,25.043,17.4,192409240600,230,9,***,49,*****
802,60.255,25.043,17.4,192409241300,200,9,***,55,*****
803,60.255,25.043,17.4,192409242000,160,9,***,53,*****
804,60.255,25.043,17.4,192409250600,160,9,***,53,*****
805,60.255,25.043,17.4,192409251300,140,5,***,56,*****
806,60.255,25.043,17.4,192409252000,050,7,***,56,*****
807,60.255,25.043,17.4,192409260600,320,9,***,48,*****
808,60.255,25.043,17.4,192409261300,180,5,***,54,*****
809,60.255,25.043,17.4,192409262000,070,2,***,52,*****
810,60.255,25.043,17.4,192409270600,360,5,***,47,*****
811,60.255,25.043,17.4,192409271300,180,7,***,55,*****
812,60.255,25.043,17.4,192409272000,***,0,***,49,*****
813,60.255,25.043,17.4,192409280600,050,7,***,47,*****
814,60.255,25.043,17.4,192409281300,050,7,***,49,*****
815,60.255,25.043,17.4,192409282000,070,11,***,49,*****
816,60.255,25.043,17.4,192409290600,320,11,***,48,*****
817,60.255,25.043,17.4,192409291300,290,11,***,56,*****
818,60.255,25.043,17.4,192409292000,250,11,***,50,*****
819,60.255,25.043,17.4,192409300600,250,7,***,53,*****
820,60.255,25.043,17.4,192409301300,230,9,***,56,*****
821,60.255,25.043,17.4,192409302000,250,9,***,51,*****
822,60.255,25.043,17.4,192410010600,160,7,***,51,*****
823,60.255,25.043,17.4,192410011300,140,9,***,53,*****
824,60.255,25.043,17.4,192410012000,140,2,***,53,*****
825,60.255,25.043,17.4,192410020600,140,7,***,52,*****
826,60.255,25.043,17.4,192410021300,140,7,***,56,*****
827,60.255,25.043,17.4,192410022000,160,9,***,54,*****
828,60.255,25.043,17.4,192410030600,110,5,***,47,*****
829,60.255,25.043,17.4,192410031300,140,9,***,55,*****
830,60.255,25.043,17.4,192410032000,140,9,***,54,*****
831,60.255,25.043,17.4,192410040600,110,7,***,51,*****
832,60.255,25.043,17.4,192410041300,090,9,***,56,*****
833,60.255,25.043,17.4,192410042000,160,9,***,55,*****
834,60.255,25.043,17.4,192410050600,200,9,***,53,*****
835,60.255,25.043,17.4,192410051300,230,7,***,55,*****
836,60.255,25.043,17.4,192410052000,200,5,***,53,*****
837,60.255,25.043,17.4,192410060600,110,5,***,51,*****
838,60.255,25.043,17.4,192410061300,110,9,***,54,*****
839,60.255,25.043,17.4,192410062000,140,9,***,53,*****
840,60.255,25.043,17.4,192410070600,110,14,***,52,*****
841,60.255,25.043,17.4,192410071300,110,16,***,53,*****
842,60.255,25.043,17.4,192410072000,230,9,***,52,*****
843,60.255,25.043,17.4,192410080600,180,7,***,52,*****
844,60.255,25.043,17.4,192410081300,230,5,***,55,*****
845,60.255,25.043,17.4,192410082000,***,0,***,51,*****
846,60.255,25.043,17.4,192410090600,140,9,***,51,*****
847,60.255,25.043,17.4,192410091300,140,11,***,55,*****
848,60.255,25.043,17.4,192410092000,140,14,***,53,*****
849,60.255,25.043,17.4,192410100600,160,14,***,51,*****
850,60.255,25.043,17.4,192410101300,160,9,***,53,*****
851,60.255,25.043,17.4,192410102000,200,9,***,52,*****
852,60.255,25.043,17.4,192410110600,200,9,***,51,*****
853,60.255,25.043,17.4,192410111300,140,7,***,54,*****
854,60.255,25.043,17.4,192410112000,160,14,***,52,*****
855,60.255,25.043,17.4,192410120600,200,9,***,54,*****
856,60.255,25.043,17.4,192410121300,230,9,***,55,*****
857,60.255,25.043,17.4,192410122000,230,11,***,54,*****
858,60.255,25.043,17.4,192410130600,230,14,***,53,*****
859,60.255,25.043,17.4,192410131300,200,9,***,53,*****
860,60.255,25.043,17.4,192410132000,230,11,***,53,*****
861,60.255,25.043,17.4,192410140600,290,9,***,50,*****
862,60.255,25.043,17.4,192410141300,320,9,***,52,*****
863,60.255,25.043,17.4,192410142000,320,11,***,45,*****
864,60.255,25.043,17.4,192410150600,320,7,***,40,*****
865,60.255,25.043,17.4,192410151300,340,14,***,49,*****
866,60.255,25.043,17.4,192410152000,360,9,***,41,*****
867,60.255,25.043,17.4,192410160600,***,0,***,37,*****
868,60.255,25.043,17.4,192410161300,250,2,***,47,*****
869,60.255,25.043,17.4,192410162000,180,7,***,49,*****
870,60.255,25.043,17.4,192410170600,160,7,***,49,*****
871,60.255,25.043,17.4,192410171300,160,9,***,49,*****
872,60.255,25.043,17.4,192410172000,140,11,***,47,*****
873,60.255,25.043,17.4,192410180600,140,9,***,44,*****
874,60.255,25.043,17.4,192410181300,140,7,***,43,*****
875,60.255,25.043,17.4,192410182000,140,2,***,43,*****
876,60.255,25.043,17.4,192410190600,230,2,***,42,*****
877,60.255,25.043,17.4,192410191300,360,7,***,44,*****
878,60.255,25.043,17.4,192410192000,320,7,***,36,*****
879,60.255,25.043,17.4,192410200600,360,5,***,31,*****
880,60.255,25.043,17.4,192410201300,360,2,***,39,*****
881,60.255,25.043,17.4,192410202000,160,5,***,43,*****
882,60.255,25.043,17.4,192410210600,160,14,***,44,*****
883,60.255,25.043,17.4,192410211300,160,18,***,46,*****
884,60.255,25.043,17.4,192410212000,160,18,***,44,*****
885,60.255,25.043,17.4,192410220600,160,11,***,43,*****
886,60.255,25.043,17.4,192410221300,***,0,***,42,*****
887,60.255,25.043,17.4,192410222000,320,9,***,38,*****
888,60.255,25.043,17.4,192410230600,340,14,***,38,*****
889,60.255,25.043,17.4,192410231300,360,18,***,40,*****
890,60.255,25.043,17.4,192410232000,340,14,***,35,*****
891,60.255,25.043,17.4,192410240600,250,7,***,34,*****
892,60.255,25.043,17.4,192410241300,230,9,***,47,*****
893,60.255,25.043,17.4,192410242000,290,14,***,40,*****
894,60.255,25.043,17.4,192410250600,340,11,***,40,*****
895,60.255,25.043,17.4,192410251300,320,7,***,50,*****
896,60.255,25.043,17.4,192410252000,340,7,***,41,*****
897,60.255,25.043,17.4,192410260600,***,0,***,34,*****
898,60.255,25.043,17.4,192410261300,200,2,***,40,*****
899,60.255,25.043,17.4,192410262000,250,7,***,45,*****
900,60.255,25.043,17.4,192410270600,200,9,***,45,*****
901,60.255,25.043,17.4,192410271300,200,7,***,45,*****
902,60.255,25.043,17.4,192410272000,140,9,***,42,*****
903,60.255,25.043,17.4,192410280600,140,11,***,42,*****
904,60.255,25.043,17.4,192410281300,140,11,***,45,*****
905,60.255,25.043,17.4,192410282000,200,16,***,47,*****
906,60.255,25.043,17.4,192410290600,230,9,***,48,*****
907,60.255,25.043,17.4,192410291300,180,9,***,49,*****
908,60.255,25.043,17.4,192410292000,200,11,***,49,*****
909,60.255,25.043,17.4,192410300600,250,7,***,48,*****
910,60.255,25.043,17.4,192410301300,250,11,***,49,*****
911,60.255,25.043,17.4,192410302000,250,7,***,48,*****
912,60.255,25.043,17.4,192410310600,140,11,***,49,*****
913,60.255,25.043,17.4,192410311300,140,14,***,47,*****
914,60.255,25.043,17.4,192410312000,140,16,***,47,*****
915,60.255,25.043,17.4,192411010600,160,14,***,47,*****
916,60.255,25.043,17.4,192411011300,160,11,***,49,*****
917,60.255,25.043,17.4,192411012000,200,7,***,47,*****
918,60.255,25.043,17.4,192411020600,250,7,***,47,*****
919,60.255,25.043,17.4,192411021300,090,5,***,46,*****
920,60.255,25.043,17.4,192411022000,070,2,***,44,*****
921,60.255,25.043,17.4,192411030600,360,7,***,41,*****
922,60.255,25.043,17.4,192411031300,360,9,***,43,*****
923,60.255,25.043,17.4,192411032000,360,9,***,34,*****
924,60.255,25.043,17.4,192411040600,360,7,***,30,*****
925,60.255,25.043,17.4,192411041300,360,7,***,33,*****
926,60.255,25.043,17.4,192411042000,020,9,***,29,*****
927,60.255,25.043,17.4,192411050600,270,2,***,24,*****
928,60.255,25.043,17.4,192411051300,270,11,***,39,*****
929,60.255,25.043,17.4,192411052000,090,2,***,37,*****
930,60.255,25.043,17.4,192411060600,020,2,***,32,*****
931,60.255,25.043,17.4,192411061300,250,5,***,36,*****
932,60.255,25.043,17.4,192411062000,050,5,***,34,*****
933,60.255,25.043,17.4,192411070600,340,14,***,33,*****
934,60.255,25.043,17.4,192411071300,320,11,***,32,*****
935,60.255,25.043,17.4,192411072000,340,11,***,29,*****
936,60.255,25.043,17.4,192411080600,340,9,***,24,*****
937,60.255,25.043,17.4,192411081300,320,11,***,33,*****
938,60.255,25.043,17.4,192411082000,320,5,***,34,*****
939,60.255,25.043,17.4,192411090600,290,7,***,39,*****
940,60.255,25.043,17.4,192411091300,290,11,***,39,*****
941,60.255,25.043,17.4,192411092000,320,14,***,40,*****
942,60.255,25.043,17.4,192411100600,340,11,***,33,*****
943,60.255,25.043,17.4,192411101300,360,9,***,38,*****
944,60.255,25.043,17.4,192411102000,360,7,***,32,*****
945,60.255,25.043,17.4,192411110600,050,9,***,31,*****
946,60.255,25.043,17.4,192411111300,050,7,***,31,*****
947,60.255,25.043,17.4,192411112000,340,2,***,28,*****
948,60.255,25.043,17.4,192411120600,290,9,***,34,*****
949,60.255,25.043,17.4,192411121300,270,7,***,35,*****
950,60.255,25.043,17.4,192411122000,270,9,***,36,*****
951,60.255,25.043,17.4,192411130600,270,9,***,36,*****
952,60.255,25.043,17.4,192411131300,320,9,***,36,*****
953,60.255,25.043,17.4,192411132000,340,7,***,33,*****
954,60.255,25.043,17.4,192411140600,360,2,***,33,*****
955,60.255,25.043,17.4,192411141300,020,9,***,34,*****
956,60.255,25.043,17.4,192411142000,050,7,***,31,*****
957,60.255,25.043,17.4,192411150600,050,7,***,32,*****
958,60.255,25.043,17.4,192411151300,050,5,***,33,*****
959,60.255,25.043,17.4,192411152000,***,0,***,33,*****
960,60.255,25.043,17.4,192411160600,270,5,***,29,*****
961,60.255,25.043,17.4,192411161300,270,9,***,38,*****
962,60.255,25.043,17.4,192411162000,270,9,***,37,*****
963,60.255,25.043,17.4,192411170600,270,14,***,35,*****
964,60.255,25.043,17.4,192411171300,250,5,***,37,*****
965,60.255,25.043,17.4,192411172000,250,5,***,35,*****
966,60.255,25.043,17.4,192411180600,250,2,***,36,*****
967,60.255,25.043,17.4,192411181300,230,7,***,41,*****
968,60.255,25.043,17.4,192411182000,180,16,***,41,*****
969,60.255,25.043,17.4,192411190600,140,11,***,41,*****
970,60.255,25.043,17.4,192411191300,340,9,***,33,*****
971,60.255,25.043,17.4,192411192000,340,16,***,32,*****
972,60.255,25.043,17.4,192411200600,320,7,***,29,*****
973,60.255,25.043,17.4,192411201300,340,7,***,33,*****
974,60.255,25.043,17.4,192411202000,320,5,***,29,*****
975,60.255,25.043,17.4,192411210600,250,7,***,37,*****
976,60.255,25.043,17.4,192411211300,250,14,***,42,*****
977,60.255,25.043,17.4,192411212000,320,9,***,37,*****
978,60.255,25.043,17.4,192411220600,200,16,***,42,*****
979,60.255,25.043,17.4,192411221300,230,18,***,45,*****
980,60.255,25.043,17.4,192411222000,290,14,***,42,*****
981,60.255,25.043,17.4,192411230600,230,7,***,37,*****
982,60.255,25.043,17.4,192411231300,200,14,***,42,*****
983,60.255,25.043,17.4,192411232000,250,18,***,44,*****
984,60.255,25.043,17.4,192411240600,270,9,***,43,*****
985,60.255,25.043,17.4,192411241300,270,11,***,43,*****
986,60.255,25.043,17.4,192411242000,250,2,***,40,*****
987,60.255,25.043,17.4,192411250600,250,11,***,45,*****
988,60.255,25.043,17.4,192411251300,230,9,***,45,*****
989,60.255,25.043,17.4,192411252000,290,5,***,42,*****
990,60.255,25.043,17.4,192411260600,250,2,***,43,*****
991,60.255,25.043,17.4,192411261300,200,5,***,42,*****
992,60.255,25.043,17.4,192411262000,200,5,***,42,*****
993,60.255,25.043,17.4,192411270600,180,7,***,42,*****
994,60.255,25.043,17.4,192411271300,230,9,***,40,*****
995,60.255,25.043,17.4,192411272000,230,11,***,39,*****
996,60.255,25.043,17.4,192411280600,250,16,***,40,*****
997,60.255,25.043,17.4,192411281300,320,9,***,40,*****
998,60.255,25.043,17.4,192411282000,050,7,***,36,*****
999,60.255,25.043,17.4,192411290600,050,5,***,32,*****
1000,60.255,25.043,17.4,192411291300,140,9,***,38,*****
1001,60.255,25.043,17.4,192411292000,160,9,***,37,*****
1002,60.255,25.043,17.4,192411300600,***,0,***,35,*****
1003,60.255,25.043,17.4,192411301300,230,5,***,43,*****
1004,60.255,25.043,17.4,192411302000,230,7,***,44,*****
1005,60.255,25.043,17.4,192412010600,180,14,***,42,*****
1006,60.255,25.043,17.4,192412011300,270,7,***,44,*****
1007,60.255,25.043,17.4,192412012000,320,5,***,41,*****
1008,60.255,25.043,17.4,192412020600,050,9,***,33,*****
1009,60.255,25.043,17.4,192412021300,070,11,***,26,*****
1010,60.255,25.043,17.4,192412022000,050,14,***,24,*****
1011,60.255,25.043,17.4,192412030600,050,14,***,21,*****
1012,60.255,25.043,17.4,192412031300,050,14,***,19,*****
1013,60.255,25.043,17.4,192412032000,050,14,***,17,*****
1014,60.255,25.043,17.4,192412040600,020,14,***,10,*****
1015,60.255,25.043,17.4,192412041300,360,11,***,13,*****
1016,60.255,25.043,17.4,192412042000,340,16,***,12,*****
1017,60.255,25.043,17.4,192412050600,320,14,***,17,*****
1018,60.255,25.043,17.4,192412051300,340,9,***,22,*****
1019,60.255,25.043,17.4,192412052000,***,0,***,15,*****
1020,60.255,25.043,17.4,192412060600,070,7,***,15,*****
1021,60.255,25.043,17.4,192412061300,160,11,***,27,*****
1022,60.255,25.043,17.4,192412062000,160,14,***,26,*****
1023,60.255,25.043,17.4,192412070600,180,7,***,27,*****
1024,60.255,25.043,17.4,192412071300,180,11,***,32,*****
1025,60.255,25.043,17.4,192412072000,230,11,***,34,*****
1026,60.255,25.043,17.4,192412080600,230,16,***,35,*****
1027,60.255,25.043,17.4,192412081300,230,16,***,37,*****
1028,60.255,25.043,17.4,192412082000,270,18,***,41,*****
1029,60.255,25.043,17.4,192412090600,290,11,***,40,*****
1030,60.255,25.043,17.4,192412091300,230,11,***,41,*****
1031,60.255,25.043,17.4,192412092000,230,14,***,40,*****
1032,60.255,25.043,17.4,192412100600,250,14,***,40,*****
1033,60.255,25.043,17.4,192412101300,270,9,***,40,*****
1034,60.255,25.043,17.4,192412102000,250,9,***,41,*****
1035,60.255,25.043,17.4,192412110600,250,18,***,42,*****
1036,60.255,25.043,17.4,192412111300,250,14,***,41,*****
1037,60.255,25.043,17.4,192412112000,250,16,***,40,*****
1038,60.255,25.043,17.4,192412120600,270,9,***,39,*****
1039,60.255,25.043,17.4,192412121300,320,9,***,37,*****
1040,60.255,25.043,17.4,192412122000,270,2,***,30,*****
1041,60.255,25.043,17.4,192412130600,230,9,***,41,*****
1042,60.255,25.043,17.4,192412131300,230,18,***,40,*****
1043,60.255,25.043,17.4,192412132000,250,14,***,40,*****
1044,60.255,25.043,17.4,192412140600,250,9,***,40,*****
1045,60.255,25.043,17.4,192412141300,180,14,***,38,*****
1046,60.255,25.043,17.4,192412142000,180,16,***,36,*****
1047,60.255,25.043,17.4,192412150600,180,16,***,35,*****
1048,60.255,25.043,17.4,192412151300,180,14,***,34,*****
1049,60.255,25.043,17.4,192412152000,180,16,***,33,*****
1050,60.255,25.043,17.4,192412160600,230,9,***,38,*****
1051,60.255,25.043,17.4,192412161300,230,7,***,38,*****
1052,60.255,25.043,17.4,192412162000,230,7,***,38,*****
1053,60.255,25.043,17.4,192412170600,230,14,***,39,*****
1054,60.255,25.043,17.4,192412171300,230,18,***,38,*****
1055,60.255,25.043,17.4,192412172000,250,7,***,37,*****
1056,60.255,25.043,17.4,192412180600,270,7,***,40,*****
1057,60.255,25.043,17.4,192412181300,230,9,***,41,*****
1058,60.255,25.043,17.4,192412182000,270,9,***,41,*****
1059,60.255,25.043,17.4,192412190600,230,11,***,44,*****
1060,60.255,25.043,17.4,192412191300,270,14,***,46,*****
1061,60.255,25.043,17.4,192412192000,270,18,***,44,*****
1062,60.255,25.043,17.4,192412200600,320,14,***,40,*****
1063,60.255,25.043,17.4,192412201300,270,7,***,39,*****
1064,60.255,25.043,17.4,192412202000,270,9,***,37,*****
1065,60.255,25.043,17.4,192412210600,050,9,***,33,*****
1066,60.255,25.043,17.4,192412211300,***,0,***,29,*****
1067,60.255,25.043,17.4,192412212000,160,9,***,34,*****
1068,60.255,25.043,17.4,192412220600,320,11,***,39,*****
1069,60.255,25.043,17.4,192412221300,290,11,***,43,*****
1070,60.255,25.043,17.4,192412222000,340,16,***,37,*****
1071,60.255,25.043,17.4,192412230600,320,11,***,34,*****
1072,60.255,25.043,17.4,192412231300,320,7,***,32,*****
1073,60.255,25.043,17.4,192412232000,090,5,***,33,*****
1074,60.255,25.043,17.4,192412240600,160,9,***,38,*****
1075,60.255,25.043,17.4,192412241300,140,14,***,37,*****
1076,60.255,25.043,17.4,192412242000,140,18,***,35,*****
1077,60.255,25.043,17.4,192412250600,180,14,***,36,*****
1078,60.255,25.043,17.4,192412251300,200,16,***,38,*****
1079,60.255,25.043,17.4,192412252000,160,11,***,39,*****
1080,60.255,25.043,17.4,192412260600,200,14,***,40,*****
1081,60.255,25.043,17.4,192412261300,230,7,***,41,*****
1082,60.255,25.043,17.4,192412262000,230,5,***,40,*****
1083,60.255,25.043,17.4,192412270600,180,9,***,39,*****
1084,60.255,25.043,17.4,192412271300,200,14,***,36,*****
1085,60.255,25.043,17.4,192412272000,200,18,***,35,*****
1086,60.255,25.043,17.4,192412280600,200,16,***,35,*****
1087,60.255,25.043,17.4,192412281300,200,19,***,35,*****
1088,60.255,25.043,17.4,192412282000,200,18,***,36,*****
1089,60.255,25.043,17.4,192412290600,200,19,***,37,*****
1090,60.255,25.043,17.4,192412291300,200,11,***,42,*****
1091,60.255,25.043,17.4,192412292000,160,11,***,40,*****
1092,60.255,25.043,17.4,192412300600,200,11,***,40,*****
1093,60.255,25.043,17.4,192412301300,180,11,***,40,*****
1094,60.255,25.043,17.4,192412302000,230,16,***,40,*****
1095,60.255,25.043,17.4,192412310600,200,16,***,36,*****
1096,60.255,25.043,17.4,192412311300,140,18,***,36,*****
1097,60.255,25.043,17.4,192412312000,200,14,***,38,*****
