,Lat,Lon,Ele,YR--MODAHRMN,DIR,SPD,GUS,TEMP,ALT
0,60.255,25.043,17.4,192501010600,200,11,***,39,*****
1,60.255,25.043,17.4,192501011300,180,11,***,37,*****
2,60.255,25.043,17.4,192501012000,160,11,***,37,*****
3,60.255,25.043,17.4,192501020600,200,11,***,38,*****
4,60.255,25.043,17.4,192501021300,140,19,***,36,*****
5,60.255,25.043,17.4,192501022000,200,14,***,40,*****
6,60.255,25.043,17.4,192501030600,160,19,***,39,*****
7,60.255,25.043,17.4,192501031300,250,14,***,40,*****
8,60.255,25.043,17.4,192501032000,270,22,***,39,*****
9,60.255,25.043,17.4,192501040600,270,14,***,35,*****
10,60.255,25.043,17.4,192501041300,290,11,***,36,*****
11,60.255,25.043,17.4,192501042000,250,9,***,39,*****
12,60.255,25.043,17.4,192501050600,320,9,***,35,*****
13,60.255,25.043,17.4,192501051300,290,16,***,35,*****
14,60.255,25.043,17.4,192501052000,270,11,***,32,*****
15,60.255,25.043,17.4,192501060600,250,11,***,37,*****
16,60.255,25.043,17.4,192501061300,250,11,***,36,*****
17,60.255,25.043,17.4,192501062000,320,9,***,32,*****
18,60.255,25.043,17.4,192501070600,340,14,***,32,*****
19,60.255,25.043,17.4,192501071300,290,14,***,34,*****
20,60.255,25.043,17.4,192501072000,270,9,***,32,*****
21,60.255,25.043,17.4,192501080600,360,9,***,28,*****
22,60.255,25.043,17.4,192501081300,340,7,***,28,*****
23,60.255,25.043,17.4,192501082000,270,5,***,32,*****
24,60.255,25.043,17.4,192501090600,230,9,***,38,*****
25,60.255,25.043,17.4,192501091300,270,7,***,36,*****
26,60.255,25.043,17.4,192501092000,***,0,***,33,*****
27,60.255,25.043,17.4,192501100600,020,14,***,32,*****
28,60.255,25.043,17.4,192501101300,360,14,***,29,*****
29,60.255,25.043,17.4,192501102000,320,7,***,25,*****
30,60.255,25.043,17.4,192501110600,200,11,***,35,*****
31,60.255,25.043,17.4,192501111300,320,7,***,36,*****
32,60.255,25.043,17.4,192501112000,320,7,***,34,*****
33,60.255,25.043,17.4,192501120600,290,7,***,33,*****
34,60.255,25.043,17.4,192501121300,320,9,***,36,*****
35,60.255,25.043,17.4,192501122000,320,7,***,35,*****
36,60.255,25.043,17.4,192501130600,250,7,***,34,*****
37,60.255,25.043,17.4,192501131300,230,14,***,37,*****
38,60.255,25.043,17.4,192501132000,270,11,***,37,*****
39,60.255,25.043,17.4,192501140600,270,14,***,37,*****
40,60.255,25.043,17.4,192501141300,230,11,***,38,*****
41,60.255,25.043,17.4,192501142000,200,16,***,38,*****
42,60.255,25.043,17.4,192501150600,250,19,***,41,*****
43,60.255,25.043,17.4,192501151300,230,16,***,41,*****
44,60.255,25.043,17.4,192501152000,230,14,***,40,*****
45,60.255,25.043,17.4,192501160600,320,24,***,36,*****
46,60.255,25.043,17.4,192501161300,270,18,***,36,*****
47,60.255,25.043,17.4,192501162000,270,14,***,39,*****
48,60.255,25.043,17.4,192501170600,270,18,***,43,*****
49,60.255,25.043,17.4,192501171300,290,16,***,46,*****
50,60.255,25.043,17.4,192501172000,290,9,***,37,*****
51,60.255,25.043,17.4,192501180600,160,7,***,35,*****
52,60.255,25.043,17.4,192501181300,200,11,***,40,*****
53,60.255,25.043,17.4,192501182000,270,11,***,39,*****
54,60.255,25.043,17.4,192501190600,270,14,***,43,*****
55,60.255,25.043,17.4,192501191300,320,26,***,40,*****
56,60.255,25.043,17.4,192501192000,320,29,***,35,*****
57,60.255,25.043,17.4,192501200600,320,18,***,34,*****
58,60.255,25.043,17.4,192501201300,290,18,***,34,*****
59,60.255,25.043,17.4,192501202000,290,14,***,31,*****
60,60.255,25.043,17.4,192501210600,320,11,***,33,*****
61,60.255,25.043,17.4,192501211300,320,14,***,36,*****
62,60.255,25.043,17.4,192501212000,290,9,***,30,*****
63,60.255,25.043,17.4,192501220600,290,7,***,27,*****
64,60.255,25.043,17.4,192501221300,340,9,***,28,*****
65,60.255,25.043,17.4,192501222000,320,7,***,28,*****
66,60.255,25.043,17.4,192501230600,***,0,***,29,*****
67,60.255,25.043,17.4,192501231300,160,7,***,33,*****
68,60.255,25.043,17.4,192501232000,160,11,***,31,*****
69,60.255,25.043,17.4,192501240600,180,11,***,33,*****
70,60.255,25.043,17.4,192501241300,180,11,***,35,*****
71,60.255,25.043,17.4,192501242000,290,9,***,33,*****
72,60.255,25.043,17.4,192501250600,320,9,***,28,*****
73,60.255,25.043,17.4,192501251300,360,11,***,31,*****
74,60.255,25.043,17.4,192501252000,340,7,***,25,*****
75,60.255,25.043,17.4,192501260600,320,9,***,24,*****
76,60.255,25.043,17.4,192501261300,270,9,***,31,*****
77,60.255,25.043,17.4,192501262000,270,11,***,32,*****
78,60.255,25.043,17.4,192501270600,290,11,***,31,*****
79,60.255,25.043,17.4,192501271300,340,9,***,34,*****
80,60.255,25.043,17.4,192501272000,320,9,***,30,*****
81,60.255,25.043,17.4,192501280600,320,5,***,24,*****
82,60.255,25.043,17.4,192501281300,230,7,***,27,*****
83,60.255,25.043,17.4,192501282000,320,7,***,26,*****
84,60.255,25.043,17.4,192501290600,050,5,***,19,*****
85,60.255,25.043,17.4,192501291300,180,7,***,32,*****
86,60.255,25.043,17.4,192501292000,160,9,***,31,*****
87,60.255,25.043,17.4,192501300600,160,16,***,32,*****
88,60.255,25.043,17.4,192501301300,160,18,***,31,*****
89,60.255,25.043,17.4,192501302000,160,11,***,34,*****
90,60.255,25.043,17.4,192501310600,160,9,***,36,*****
91,60.255,25.043,17.4,192501311300,140,14,***,36,*****
92,60.255,25.043,17.4,192501312000,140,18,***,34,*****
93,60.255,25.043,17.4,192502010600,***,0,***,36,*****
94,60.255,25.043,17.4,192502011300,160,7,***,37,*****
95,60.255,25.043,17.4,192502012000,250,2,***,34,*****
96,60.255,25.043,17.4,192502020600,360,16,***,29,*****
97,60.255,25.043,17.4,192502021300,360,18,***,25,*****
98,60.255,25.043,17.4,192502022000,290,5,***,30,*****
99,60.255,25.043,17.4,192502030600,250,5,***,33,*****
100,60.255,25.043,17.4,192502031300,270,9,***,33,*****
101,60.255,25.043,17.4,192502032000,270,9,***,31,*****
102,60.255,25.043,17.4,192502040600,200,9,***,36,*****
103,60.255,25.043,17.4,192502041300,140,11,***,35,*****
104,60.255,25.043,17.4,192502042000,320,22,***,33,*****
105,60.255,25.043,17.4,192502050600,290,11,***,29,*****
106,60.255,25.043,17.4,192502051300,230,9,***,35,*****
107,60.255,25.043,17.4,192502052000,230,14,***,35,*****
108,60.255,25.043,17.4,192502060600,250,9,***,36,*****
109,60.255,25.043,17.4,192502061300,250,16,***,38,*****
110,60.255,25.043,17.4,192502062000,230,16,***,38,*****
111,60.255,25.043,17.4,192502070600,250,11,***,34,*****
112,60.255,25.043,17.4,192502071300,250,9,***,36,*****
113,60.255,25.043,17.4,192502072000,270,5,***,29,*****
114,60.255,25.043,17.4,192502080600,070,7,***,23,*****
115,60.255,25.043,17.4,192502081300,140,7,***,34,*****
116,60.255,25.043,17.4,192502082000,180,5,***,35,*****
117,60.255,25.043,17.4,192502090600,140,14,***,34,*****
118,60.255,25.043,17.4,192502091300,160,24,***,34,*****
119,60.255,25.043,17.4,192502092000,230,18,***,35,*****
120,60.255,25.043,17.4,192502100600,230,9,***,37,*****
121,60.255,25.043,17.4,192502101300,250,11,***,37,*****
122,60.255,25.043,17.4,192502102000,230,9,***,32,*****
123,60.255,25.043,17.4,192502110600,180,19,***,38,*****
124,60.255,25.043,17.4,192502111300,230,19,***,42,*****
125,60.255,25.043,17.4,192502112000,230,19,***,40,*****
126,60.255,25.043,17.4,192502120600,200,11,***,39,*****
127,60.255,25.043,17.4,192502121300,200,7,***,40,*****
128,60.255,25.043,17.4,192502122000,160,14,***,39,*****
129,60.255,25.043,17.4,192502130600,180,9,***,38,*****
130,60.255,25.043,17.4,192502131300,250,14,***,40,*****
131,60.255,25.043,17.4,192502132000,200,7,***,37,*****
132,60.255,25.043,17.4,192502140600,090,5,***,34,*****
133,60.255,25.043,17.4,192502141300,140,7,***,35,*****
134,60.255,25.043,17.4,192502142000,140,5,***,36,*****
135,60.255,25.043,17.4,192502150600,160,9,***,37,*****
136,60.255,25.043,17.4,192502151300,160,7,***,37,*****
137,60.255,25.043,17.4,192502152000,140,7,***,37,*****
138,60.255,25.043,17.4,192502160600,140,2,***,36,*****
139,60.255,25.043,17.4,192502161300,160,5,***,39,*****
140,60.255,25.043,17.4,192502162000,160,7,***,38,*****
141,60.255,25.043,17.4,192502170600,230,7,***,38,*****
142,60.255,25.043,17.4,192502171300,160,2,***,36,*****
143,60.255,25.043,17.4,192502172000,140,5,***,39,*****
144,60.255,25.043,17.4,192502180600,230,14,***,34,*****
145,60.255,25.043,17.4,192502181300,270,14,***,37,*****
146,60.255,25.043,17.4,192502182000,290,7,***,33,*****
147,60.255,25.043,17.4,192502190600,340,5,***,28,*****
148,60.255,25.043,17.4,192502191300,360,5,***,29,*****
149,60.255,25.043,17.4,192502192000,***,0,***,27,*****
150,60.255,25.043,17.4,192502200600,020,9,***,24,*****
151,60.255,25.043,17.4,192502201300,020,14,***,22,*****
152,60.255,25.043,17.4,192502202000,340,11,***,21,*****
153,60.255,25.043,17.4,192502210600,360,5,***,15,*****
154,60.255,25.043,17.4,192502211300,140,5,***,23,*****
155,60.255,25.043,17.4,192502212000,140,9,***,24,*****
156,60.255,25.043,17.4,192502220600,320,7,***,15,*****
157,60.255,25.043,17.4,192502221300,270,5,***,25,*****
158,60.255,25.043,17.4,192502222000,160,5,***,27,*****
159,60.255,25.043,17.4,192502230600,160,2,***,32,*****
160,60.255,25.043,17.4,192502231300,160,7,***,33,*****
161,60.255,25.043,17.4,192502232000,160,18,***,29,*****
162,60.255,25.043,17.4,192502240600,160,11,***,25,*****
163,60.255,25.043,17.4,192502241300,160,5,***,28,*****
164,60.255,25.043,17.4,192502242000,160,11,***,29,*****
165,60.255,25.043,17.4,192502250600,110,11,***,28,*****
166,60.255,25.043,17.4,192502251300,090,11,***,28,*****
167,60.255,25.043,17.4,192502252000,050,9,***,25,*****
168,60.255,25.043,17.4,192502260600,050,7,***,23,*****
169,60.255,25.043,17.4,192502261300,070,7,***,25,*****
170,60.255,25.043,17.4,192502262000,070,7,***,24,*****
171,60.255,25.043,17.4,192502270600,070,5,***,26,*****
172,60.255,25.043,17.4,192502271300,160,5,***,33,*****
173,60.255,25.043,17.4,192502272000,***,0,***,33,*****
174,60.255,25.043,17.4,192502280600,110,5,***,33,*****
175,60.255,25.043,17.4,192502281300,110,5,***,33,*****
176,60.255,25.043,17.4,192502282000,140,7,***,33,*****
177,60.255,25.043,17.4,192503010600,070,5,***,31,*****
178,60.255,25.043,17.4,192503011300,050,5,***,33,*****
179,60.255,25.043,17.4,192503012000,050,5,***,31,*****
180,60.255,25.043,17.4,192503020600,050,5,***,28,*****
181,60.255,25.043,17.4,192503021300,050,2,***,30,*****
182,60.255,25.043,17.4,192503022000,050,5,***,29,*****
183,60.255,25.043,17.4,192503030600,020,5,***,23,*****
184,60.255,25.043,17.4,192503031300,340,7,***,24,*****
185,60.255,25.043,17.4,192503032000,360,5,***,18,*****
186,60.255,25.043,17.4,192503040600,250,2,***,27,*****
187,60.255,25.043,17.4,192503041300,200,14,***,35,*****
188,60.255,25.043,17.4,192503042000,270,7,***,31,*****
189,60.255,25.043,17.4,192503050600,320,11,***,23,*****
190,60.255,25.043,17.4,192503051300,270,11,***,31,*****
191,60.255,25.043,17.4,192503052000,230,7,***,29,*****
192,60.255,25.043,17.4,192503060600,160,19,***,30,*****
193,60.255,25.043,17.4,192503061300,050,7,***,31,*****
194,60.255,25.043,17.4,192503062000,020,9,***,27,*****
195,60.255,25.043,17.4,192503070600,050,7,***,26,*****
196,60.255,25.043,17.4,192503071300,050,7,***,25,*****
197,60.255,25.043,17.4,192503072000,360,2,***,18,*****
198,60.255,25.043,17.4,192503080600,***,0,***,6,*****
199,60.255,25.043,17.4,192503081300,050,2,***,24,*****
200,60.255,25.043,17.4,192503082000,050,5,***,19,*****
201,60.255,25.043,17.4,192503090600,020,9,***,17,*****
202,60.255,25.043,17.4,192503091300,020,7,***,22,*****
203,60.255,25.043,17.4,192503092000,070,7,***,16,*****
204,60.255,25.043,17.4,192503100600,020,5,***,6,*****
205,60.255,25.043,17.4,192503101300,020,9,***,23,*****
206,60.255,25.043,17.4,192503102000,360,11,***,13,*****
207,60.255,25.043,17.4,192503110600,360,16,***,5,*****
208,60.255,25.043,17.4,192503111300,360,24,***,17,*****
209,60.255,25.043,17.4,192503112000,360,16,***,13,*****
210,60.255,25.043,17.4,192503120600,360,11,***,10,*****
211,60.255,25.043,17.4,192503121300,050,7,***,15,*****
212,60.255,25.043,17.4,192503122000,360,2,***,11,*****
213,60.255,25.043,17.4,192503130600,***,0,***,4,*****
214,60.255,25.043,17.4,192503131300,160,2,***,18,*****
215,60.255,25.043,17.4,192503132000,***,0,***,15,*****
216,60.255,25.043,17.4,192503140600,***,0,***,8,*****
217,60.255,25.043,17.4,192503141300,050,2,***,24,*****
218,60.255,25.043,17.4,192503142000,050,2,***,19,*****
219,60.255,25.043,17.4,192503150600,360,5,***,10,*****
220,60.255,25.043,17.4,192503151300,050,2,***,25,*****
221,60.255,25.043,17.4,192503152000,050,2,***,21,*****
222,60.255,25.043,17.4,192503160600,050,5,***,11,*****
223,60.255,25.043,17.4,192503161300,050,9,***,22,*****
224,60.255,25.043,17.4,192503162000,360,5,***,16,*****
225,60.255,25.043,17.4,192503170600,***,0,***,4,*****
226,60.255,25.043,17.4,192503171300,140,7,***,22,*****
227,60.255,25.043,17.4,192503172000,230,2,***,13,*****
228,60.255,25.043,17.4,192503180600,180,2,***,15,*****
229,60.255,25.043,17.4,192503181300,200,9,***,31,*****
230,60.255,25.043,17.4,192503182000,230,11,***,30,*****
231,60.255,25.043,17.4,192503190600,230,9,***,34,*****
232,60.255,25.043,17.4,192503191300,250,16,***,36,*****
233,60.255,25.043,17.4,192503192000,230,7,***,34,*****
234,60.255,25.043,17.4,192503200600,230,5,***,29,*****
235,60.255,25.043,17.4,192503201300,180,9,***,35,*****
236,60.255,25.043,17.4,192503202000,270,7,***,31,*****
237,60.255,25.043,17.4,192503210600,270,5,***,30,*****
238,60.255,25.043,17.4,192503211300,230,9,***,36,*****
239,60.255,25.043,17.4,192503212000,270,7,***,31,*****
240,60.255,25.043,17.4,192503220600,160,2,***,26,*****
241,60.255,25.043,17.4,192503221300,140,5,***,31,*****
242,60.255,25.043,17.4,192503222000,020,2,***,30,*****
243,60.255,25.043,17.4,192503230600,320,9,***,23,*****
244,60.255,25.043,17.4,192503231300,200,9,***,33,*****
245,60.255,25.043,17.4,192503232000,250,5,***,30,*****
246,60.255,25.043,17.4,192503240600,160,2,***,31,*****
247,60.255,25.043,17.4,192503241300,180,9,***,34,*****
248,60.255,25.043,17.4,192503242000,160,2,***,29,*****
249,60.255,25.043,17.4,192503250600,***,0,***,21,*****
250,60.255,25.043,17.4,192503251300,140,5,***,33,*****
251,60.255,25.043,17.4,192503252000,140,5,***,31,*****
252,60.255,25.043,17.4,192503260600,140,2,***,25,*****
253,60.255,25.043,17.4,192503261300,140,7,***,33,*****
254,60.255,25.043,17.4,192503262000,***,0,***,31,*****
255,60.255,25.043,17.4,192503270600,320,2,***,26,*****
256,60.255,25.043,17.4,192503271300,140,5,***,34,*****
257,60.255,25.043,17.4,192503272000,070,5,***,29,*****
258,60.255,25.043,17.4,192503280600,070,9,***,26,*****
259,60.255,25.043,17.4,192503281300,050,14,***,30,*****
260,60.255,25.043,17.4,192503282000,050,11,***,31,*****
261,60.255,25.043,17.4,192503290600,020,2,***,31,*****
262,60.255,25.043,17.4,192503291300,270,9,***,33,*****
263,60.255,25.043,17.4,192503292000,320,7,***,29,*****
264,60.255,25.043,17.4,192503300600,320,9,***,16,*****
265,60.255,25.043,17.4,192503301300,180,2,***,28,*****
266,60.255,25.043,17.4,192503302000,160,7,***,31,*****
267,60.255,25.043,17.4,192503310600,200,16,***,34,*****
268,60.255,25.043,17.4,192503311300,200,16,***,37,*****
269,60.255,25.043,17.4,192503312000,200,11,***,35,*****
270,60.255,25.043,17.4,192504010600,230,7,***,35,*****
271,60.255,25.043,17.4,192504011300,200,9,***,37,*****
272,60.255,25.043,17.4,192504012000,200,11,***,37,*****
273,60.255,25.043,17.4,192504020600,230,14,***,36,*****
274,60.255,25.043,17.4,192504021300,270,11,***,39,*****
275,60.255,25.043,17.4,192504022000,230,7,***,34,*****
276,60.255,25.043,17.4,192504030600,140,5,***,34,*****
277,60.255,25.043,17.4,192504031300,160,9,***,37,*****
278,60.255,25.043,17.4,192504032000,230,11,***,36,*****
279,60.255,25.043,17.4,192504040600,290,5,***,32,*****
280,60.255,25.043,17.4,192504041300,230,9,***,39,*****
281,60.255,25.043,17.4,192504042000,270,7,***,34,*****
282,60.255,25.043,17.4,192504050600,360,9,***,33,*****
283,60.255,25.043,17.4,192504051300,160,2,***,38,*****
284,60.255,25.043,17.4,192504052000,***,0,***,31,*****
285,60.255,25.043,17.4,192504060600,***,0,***,29,*****
286,60.255,25.043,17.4,192504061300,180,5,***,40,*****
287,60.255,25.043,17.4,192504062000,270,7,***,36,*****
288,60.255,25.043,17.4,192504070600,360,2,***,34,*****
289,60.255,25.043,17.4,192504071300,140,5,***,48,*****
290,60.255,25.043,17.4,192504072000,***,0,***,40,*****
291,60.255,25.043,17.4,192504080600,***,0,***,37,*****
292,60.255,25.043,17.4,192504081300,***,0,***,48,*****
293,60.255,25.043,17.4,192504082000,***,0,***,40,*****
294,60.255,25.043,17.4,192504090600,***,0,***,36,*****
295,60.255,25.043,17.4,192504091300,200,5,***,49,*****
296,60.255,25.043,17.4,192504092000,***,0,***,41,*****
297,60.255,25.043,17.4,192504100600,***,0,***,36,*****
298,60.255,25.043,17.4,192504101300,160,5,***,53,*****
299,60.255,25.043,17.4,192504102000,***,0,***,48,*****
300,60.255,25.043,17.4,192504110600,050,5,***,40,*****
301,60.255,25.043,17.4,192504111300,140,7,***,46,*****
302,60.255,25.043,17.4,192504112000,***,0,***,40,*****
303,60.255,25.043,17.4,192504120600,***,0,***,37,*****
304,60.255,25.043,17.4,192504121300,140,5,***,46,*****
305,60.255,25.043,17.4,192504122000,270,9,***,43,*****
306,60.255,25.043,17.4,192504130600,340,2,***,38,*****
307,60.255,25.043,17.4,192504131300,270,5,***,45,*****
308,60.255,25.043,17.4,192504132000,***,0,***,39,*****
309,60.255,25.043,17.4,192504140600,050,5,***,37,*****
310,60.255,25.043,17.4,192504141300,160,7,***,43,*****
311,60.255,25.043,17.4,192504142000,250,2,***,38,*****
312,60.255,25.043,17.4,192504150600,090,2,***,33,*****
313,60.255,25.043,17.4,192504151300,140,5,***,46,*****
314,60.255,25.043,17.4,192504152000,140,14,***,48,*****
315,60.255,25.043,17.4,192504160600,140,16,***,43,*****
316,60.255,25.043,17.4,192504161300,250,2,***,46,*****
317,60.255,25.043,17.4,192504162000,140,7,***,44,*****
318,60.255,25.043,17.4,192504170600,070,11,***,41,*****
319,60.255,25.043,17.4,192504171300,160,9,***,43,*****
320,60.255,25.043,17.4,192504172000,230,2,***,40,*****
321,60.255,25.043,17.4,192504180600,***,0,***,39,*****
322,60.255,25.043,17.4,192504181300,160,5,***,44,*****
323,60.255,25.043,17.4,192504182000,200,5,***,38,*****
324,60.255,25.043,17.4,192504190600,250,7,***,36,*****
325,60.255,25.043,17.4,192504191300,160,2,***,41,*****
326,60.255,25.043,17.4,192504192000,***,0,***,38,*****
327,60.255,25.043,17.4,192504200600,020,5,***,35,*****
328,60.255,25.043,17.4,192504201300,020,14,***,45,*****
329,60.255,25.043,17.4,192504202000,020,14,***,42,*****
330,60.255,25.043,17.4,192504210600,020,14,***,40,*****
331,60.255,25.043,17.4,192504211300,020,14,***,47,*****
332,60.255,25.043,17.4,192504212000,050,2,***,41,*****
333,60.255,25.043,17.4,192504220600,340,2,***,35,*****
334,60.255,25.043,17.4,192504221300,180,5,***,42,*****
335,60.255,25.043,17.4,192504222000,230,2,***,42,*****
336,60.255,25.043,17.4,192504230600,180,5,***,39,*****
337,60.255,25.043,17.4,192504231300,140,7,***,44,*****
338,60.255,25.043,17.4,192504232000,180,5,***,42,*****
339,60.255,25.043,17.4,192504240600,180,7,***,42,*****
340,60.255,25.043,17.4,192504241300,200,9,***,53,*****
341,60.255,25.043,17.4,192504242000,180,2,***,46,*****
342,60.255,25.043,17.4,192504250600,160,7,***,46,*****
343,60.255,25.043,17.4,192504251300,230,5,***,46,*****
344,60.255,25.043,17.4,192504252000,230,5,***,42,*****
345,60.255,25.043,17.4,192504260600,020,9,***,43,*****
346,60.255,25.043,17.4,192504261300,070,7,***,47,*****
347,60.255,25.043,17.4,192504262000,200,5,***,43,*****
348,60.255,25.043,17.4,192504270600,050,7,***,40,*****
349,60.255,25.043,17.4,192504271300,110,7,***,41,*****
350,60.255,25.043,17.4,192504272000,360,11,***,39,*****
351,60.255,25.043,17.4,192504280600,290,2,***,40,*****
352,60.255,25.043,17.4,192504281300,230,9,***,48,*****
353,60.255,25.043,17.4,192504282000,340,9,***,42,*****
354,60.255,25.043,17.4,192504290600,050,11,***,35,*****
355,60.255,25.043,17.4,192504291300,050,16,***,49,*****
356,60.255,25.043,17.4,192504292000,090,22,***,41,*****
357,60.255,25.043,17.4,192504300600,090,7,***,41,*****
358,60.255,25.043,17.4,192504301300,140,9,***,50,*****
359,60.255,25.043,17.4,192504302000,320,7,***,44,*****
360,60.255,25.043,17.4,192505010600,230,9,***,39,*****
361,60.255,25.043,17.4,192505011300,200,11,***,41,*****
362,60.255,25.043,17.4,192505012000,250,11,***,40,*****
363,60.255,25.043,17.4,192505020600,290,7,***,38,*****
364,60.255,25.043,17.4,192505021300,140,7,***,47,*****
365,60.255,25.043,17.4,192505022000,140,9,***,41,*****
366,60.255,25.043,17.4,192505030600,140,9,***,44,*****
367,60.255,25.043,17.4,192505031300,110,11,***,50,*****
368,60.255,25.043,17.4,192505032000,140,11,***,46,*****
369,60.255,25.043,17.4,192505040600,140,9,***,47,*****
370,60.255,25.043,17.4,192505041300,180,9,***,48,*****
371,60.255,25.043,17.4,192505042000,250,7,***,44,*****
372,60.255,25.043,17.4,192505050600,320,9,***,45,*****
373,60.255,25.043,17.4,192505051300,200,11,***,53,*****
374,60.255,25.043,17.4,192505052000,230,5,***,47,*****
375,60.255,25.043,17.4,192505060600,050,7,***,46,*****
376,60.255,25.043,17.4,192505061300,140,11,***,53,*****
377,60.255,25.043,17.4,192505062000,050,5,***,49,*****
378,60.255,25.043,17.4,192505070600,110,7,***,47,*****
379,60.255,25.043,17.4,192505071300,140,11,***,54,*****
380,60.255,25.043,17.4,192505072000,090,11,***,49,*****
381,60.255,25.043,17.4,192505080600,090,9,***,49,*****
382,60.255,25.043,17.4,192505081300,070,11,***,47,*****
383,60.255,25.043,17.4,192505082000,090,11,***,51,*****
384,60.255,25.043,17.4,192505090600,110,5,***,48,*****
385,60.255,25.043,17.4,192505091300,200,9,***,55,*****
386,60.255,25.043,17.4,192505092000,110,5,***,46,*****
387,60.255,25.043,17.4,192505100600,160,5,***,46,*****
388,60.255,25.043,17.4,192505101300,230,7,***,60,*****
389,60.255,25.043,17.4,192505102000,230,5,***,53,*****
390,60.255,25.043,17.4,192505110600,050,5,***,48,*****
391,60.255,25.043,17.4,192505111300,160,7,***,47,*****
392,60.255,25.043,17.4,192505112000,140,9,***,50,*****
393,60.255,25.043,17.4,192505120600,200,7,***,51,*****
394,60.255,25.043,17.4,192505121300,200,11,***,63,*****
395,60.255,25.043,17.4,192505122000,250,9,***,55,*****
396,60.255,25.043,17.4,192505130600,270,5,***,53,*****
397,60.255,25.043,17.4,192505131300,230,11,***,59,*****
398,60.255,25.043,17.4,192505132000,270,9,***,53,*****
399,60.255,25.043,17.4,192505140600,290,9,***,53,*****
400,60.255,25.043,17.4,192505141300,290,11,***,66,*****
401,60.255,25.043,17.4,192505142000,360,9,***,58,*****
402,60.255,25.043,17.4,192505150600,360,9,***,50,*****
403,60.255,25.043,17.4,192505151300,340,11,***,62,*****
404,60.255,25.043,17.4,192505152000,360,9,***,53,*****
405,60.255,25.043,17.4,192505160600,360,9,***,51,*****
406,60.255,25.043,17.4,192505161300,230,11,***,57,*****
407,60.255,25.043,17.4,192505162000,270,5,***,54,*****
408,60.255,25.043,17.4,192505170600,050,9,***,55,*****
409,60.255,25.043,17.4,192505171300,200,9,***,56,*****
410,60.255,25.043,17.4,192505172000,160,5,***,52,*****
411,60.255,25.043,17.4,192505180600,110,5,***,52,*****
412,60.255,25.043,17.4,192505181300,160,9,***,57,*****
413,60.255,25.043,17.4,192505182000,200,7,***,51,*****
414,60.255,25.043,17.4,192505190600,200,9,***,53,*****
415,60.255,25.043,17.4,192505191300,250,11,***,62,*****
416,60.255,25.043,17.4,192505192000,230,9,***,53,*****
417,60.255,25.043,17.4,192505200600,070,7,***,60,*****
418,60.255,25.043,17.4,192505201300,110,5,***,61,*****
419,60.255,25.043,17.4,192505202000,110,2,***,54,*****
420,60.255,25.043,17.4,192505210600,340,9,***,48,*****
421,60.255,25.043,17.4,192505211300,320,9,***,48,*****
422,60.255,25.043,17.4,192505212000,340,16,***,44,*****
423,60.255,25.043,17.4,192505220600,340,19,***,39,*****
424,60.255,25.043,17.4,192505221300,340,19,***,46,*****
425,60.255,25.043,17.4,192505222000,340,11,***,38,*****
426,60.255,25.043,17.4,192505230600,340,16,***,38,*****
427,60.255,25.043,17.4,192505231300,340,9,***,46,*****
428,60.255,25.043,17.4,192505232000,140,5,***,41,*****
429,60.255,25.043,17.4,192505240600,140,5,***,42,*****
430,60.255,25.043,17.4,192505241300,160,9,***,47,*****
431,60.255,25.043,17.4,192505242000,140,7,***,44,*****
432,60.255,25.043,17.4,192505250600,140,9,***,46,*****
433,60.255,25.043,17.4,192505251300,160,14,***,48,*****
434,60.255,25.043,17.4,192505252000,090,14,***,46,*****
435,60.255,25.043,17.4,192505260600,070,11,***,46,*****
436,60.255,25.043,17.4,192505261300,110,11,***,50,*****
437,60.255,25.043,17.4,192505262000,140,9,***,46,*****
438,60.255,25.043,17.4,192505270600,050,9,***,45,*****
439,60.255,25.043,17.4,192505271300,140,5,***,48,*****
440,60.255,25.043,17.4,192505272000,020,5,***,47,*****
441,60.255,25.043,17.4,192505280600,070,7,***,49,*****
442,60.255,25.043,17.4,192505281300,110,9,***,51,*****
443,60.255,25.043,17.4,192505282000,090,7,***,49,*****
444,60.255,25.043,17.4,192505290600,110,7,***,52,*****
445,60.255,25.043,17.4,192505291300,110,14,***,58,*****
446,60.255,25.043,17.4,192505292000,110,9,***,51,*****
447,60.255,25.043,17.4,192505300600,140,9,***,51,*****
448,60.255,25.043,17.4,192505301300,140,9,***,62,*****
449,60.255,25.043,17.4,192505302000,230,11,***,53,*****
450,60.255,25.043,17.4,192505310600,230,9,***,50,*****
451,60.255,25.043,17.4,192505311300,180,11,***,56,*****
452,60.255,25.043,17.4,192505312000,200,9,***,49,*****
453,60.255,25.043,17.4,192506010600,250,11,***,53,*****
454,60.255,25.043,17.4,192506011300,180,14,***,56,*****
455,60.255,25.043,17.4,192506012000,230,11,***,50,*****
456,60.255,25.043,17.4,192506020600,230,7,***,55,*****
457,60.255,25.043,17.4,192506021300,250,14,***,61,*****
458,60.255,25.043,17.4,192506022000,230,9,***,51,*****
459,60.255,25.043,17.4,192506030600,180,5,***,54,*****
460,60.255,25.043,17.4,192506031300,180,9,***,57,*****
461,60.255,25.043,17.4,192506032000,230,5,***,53,*****
462,60.255,25.043,17.4,192506040600,340,9,***,51,*****
463,60.255,25.043,17.4,192506041300,320,14,***,64,*****
464,60.255,25.043,17.4,192506042000,360,9,***,55,*****
465,60.255,25.043,17.4,192506050600,020,16,***,53,*****
466,60.255,25.043,17.4,192506051300,020,14,***,61,*****
467,60.255,25.043,17.4,192506052000,020,9,***,55,*****
468,60.255,25.043,17.4,192506060600,050,7,***,53,*****
469,60.255,25.043,17.4,192506061300,160,9,***,51,*****
470,60.255,25.043,17.4,192506062000,230,5,***,51,*****
471,60.255,25.043,17.4,192506070600,140,5,***,52,*****
472,60.255,25.043,17.4,192506071300,200,9,***,57,*****
473,60.255,25.043,17.4,192506072000,200,7,***,53,*****
474,60.255,25.043,17.4,192506080600,360,7,***,57,*****
475,60.255,25.043,17.4,192506081300,160,7,***,62,*****
476,60.255,25.043,17.4,192506082000,360,7,***,60,*****
477,60.255,25.043,17.4,192506090600,360,9,***,59,*****
478,60.255,25.043,17.4,192506091300,050,11,***,65,*****
479,60.255,25.043,17.4,192506092000,230,5,***,61,*****
480,60.255,25.043,17.4,192506100600,050,5,***,61,*****
481,60.255,25.043,17.4,192506101300,230,9,***,63,*****
482,60.255,25.043,17.4,192506102000,340,14,***,63,*****
483,60.255,25.043,17.4,192506110600,020,11,***,57,*****
484,60.255,25.043,17.4,192506111300,200,9,***,59,*****
485,60.255,25.043,17.4,192506112000,230,7,***,55,*****
486,60.255,25.043,17.4,192506120600,250,5,***,50,*****
487,60.255,25.043,17.4,192506121300,360,14,***,55,*****
488,60.255,25.043,17.4,192506122000,340,11,***,53,*****
489,60.255,25.043,17.4,192506130600,320,14,***,55,*****
490,60.255,25.043,17.4,192506131300,320,16,***,65,*****
491,60.255,25.043,17.4,192506132000,230,5,***,53,*****
492,60.255,25.043,17.4,192506140600,140,7,***,52,*****
493,60.255,25.043,17.4,192506141300,160,11,***,57,*****
494,60.255,25.043,17.4,192506142000,160,11,***,53,*****
495,60.255,25.043,17.4,192506150600,140,11,***,52,*****
496,60.255,25.043,17.4,192506151300,070,11,***,56,*****
497,60.255,25.043,17.4,192506152000,050,7,***,59,*****
498,60.255,25.043,17.4,192506160600,050,5,***,60,*****
499,60.255,25.043,17.4,192506161300,230,7,***,59,*****
500,60.255,25.043,17.4,192506162000,200,7,***,58,*****
501,60.255,25.043,17.4,192506170600,140,9,***,56,*****
502,60.255,25.043,17.4,192506171300,230,11,***,55,*****
503,60.255,25.043,17.4,192506172000,200,9,***,54,*****
504,60.255,25.043,17.4,192506180600,320,7,***,55,*****
505,60.255,25.043,17.4,192506181300,140,7,***,59,*****
506,60.255,25.043,17.4,192506182000,200,5,***,54,*****
507,60.255,25.043,17.4,192506190600,320,7,***,55,*****
508,60.255,25.043,17.4,192506191300,270,11,***,53,*****
509,60.255,25.043,17.4,192506192000,250,9,***,51,*****
510,60.255,25.043,17.4,192506200600,050,9,***,52,*****
511,60.255,25.043,17.4,192506201300,230,9,***,52,*****
512,60.255,25.043,17.4,192506202000,160,11,***,52,*****
513,60.255,25.043,17.4,192506210600,200,5,***,55,*****
514,60.255,25.043,17.4,192506211300,160,7,***,59,*****
515,60.255,25.043,17.4,192506212000,140,5,***,56,*****
516,60.255,25.043,17.4,192506220600,090,2,***,57,*****
517,60.255,25.043,17.4,192506221300,160,9,***,63,*****
518,60.255,25.043,17.4,192506222000,050,7,***,59,*****
519,60.255,25.043,17.4,192506230600,140,11,***,62,*****
520,60.255,25.043,17.4,192506231300,140,9,***,71,*****
521,60.255,25.043,17.4,192506232000,050,7,***,67,*****
522,60.255,25.043,17.4,192506240600,360,14,***,61,*****
523,60.255,25.043,17.4,192506241300,070,18,***,58,*****
524,60.255,25.043,17.4,192506242000,160,9,***,58,*****
525,60.255,25.043,17.4,192506250600,140,11,***,54,*****
526,60.255,25.043,17.4,192506251300,200,16,***,57,*****
527,60.255,25.043,17.4,192506252000,320,5,***,57,*****
528,60.255,25.043,17.4,192506260600,140,2,***,56,*****
529,60.255,25.043,17.4,192506261300,050,11,***,57,*****
530,60.255,25.043,17.4,192506262000,020,11,***,53,*****
531,60.255,25.043,17.4,192506270600,360,9,***,56,*****
532,60.255,25.043,17.4,192506271300,360,11,***,62,*****
533,60.255,25.043,17.4,192506272000,320,5,***,60,*****
534,60.255,25.043,17.4,192506280600,340,7,***,60,*****
535,60.255,25.043,17.4,192506281300,020,9,***,69,*****
536,60.255,25.043,17.4,192506282000,050,7,***,65,*****
537,60.255,25.043,17.4,192506290600,020,9,***,60,*****
538,60.255,25.043,17.4,192506291300,050,14,***,68,*****
539,60.255,25.043,17.4,192506292000,020,9,***,63,*****
540,60.255,25.043,17.4,192506300600,020,11,***,62,*****
541,60.255,25.043,17.4,192506301300,160,11,***,65,*****
542,60.255,25.043,17.4,192506302000,090,7,***,59,*****
543,60.255,25.043,17.4,192507010600,070,11,***,59,*****
544,60.255,25.043,17.4,192507011300,140,9,***,67,*****
545,60.255,25.043,17.4,192507012000,050,7,***,62,*****
546,60.255,25.043,17.4,192507020600,070,14,***,57,*****
547,60.255,25.043,17.4,192507021300,140,14,***,63,*****
548,60.255,25.043,17.4,192507022000,020,11,***,61,*****
549,60.255,25.043,17.4,192507030600,070,7,***,57,*****
550,60.255,25.043,17.4,192507031300,160,7,***,69,*****
551,60.255,25.043,17.4,192507032000,070,11,***,71,*****
552,60.255,25.043,17.4,192507040600,070,7,***,67,*****
553,60.255,25.043,17.4,192507041300,110,9,***,68,*****
554,60.255,25.043,17.4,192507042000,070,9,***,69,*****
555,60.255,25.043,17.4,192507050600,110,14,***,68,*****
556,60.255,25.043,17.4,192507051300,160,9,***,68,*****
557,60.255,25.043,17.4,192507052000,140,5,***,67,*****
558,60.255,25.043,17.4,192507060600,070,5,***,67,*****
559,60.255,25.043,17.4,192507061300,140,9,***,76,*****
560,60.255,25.043,17.4,192507062000,110,7,***,70,*****
561,60.255,25.043,17.4,192507070600,110,7,***,70,*****
562,60.255,25.043,17.4,192507071300,090,7,***,77,*****
563,60.255,25.043,17.4,192507072000,070,7,***,71,*****
564,60.255,25.043,17.4,192507080600,140,7,***,69,*****
565,60.255,25.043,17.4,192507081300,140,9,***,78,*****
566,60.255,25.043,17.4,192507082000,140,5,***,69,*****
567,60.255,25.043,17.4,192507090600,090,7,***,71,*****
568,60.255,25.043,17.4,192507091300,***,0,***,68,*****
569,60.255,25.043,17.4,192507092000,270,5,***,65,*****
570,60.255,25.043,17.4,192507100600,160,9,***,61,*****
571,60.255,25.043,17.4,192507101300,200,11,***,62,*****
572,60.255,25.043,17.4,192507102000,200,11,***,60,*****
573,60.255,25.043,17.4,192507110600,200,11,***,58,*****
574,60.255,25.043,17.4,192507111300,200,9,***,66,*****
575,60.255,25.043,17.4,192507112000,160,5,***,60,*****
576,60.255,25.043,17.4,192507120600,160,7,***,62,*****
577,60.255,25.043,17.4,192507121300,180,9,***,66,*****
578,60.255,25.043,17.4,192507122000,250,5,***,62,*****
579,60.255,25.043,17.4,192507130600,340,7,***,61,*****
580,60.255,25.043,17.4,192507131300,340,7,***,69,*****
581,60.255,25.043,17.4,192507132000,360,2,***,65,*****
582,60.255,25.043,17.4,192507140600,360,5,***,66,*****
583,60.255,25.043,17.4,192507141300,360,7,***,75,*****
584,60.255,25.043,17.4,192507142000,020,5,***,71,*****
585,60.255,25.043,17.4,192507150600,140,5,***,69,*****
586,60.255,25.043,17.4,192507151300,140,9,***,69,*****
587,60.255,25.043,17.4,192507152000,140,7,***,66,*****
588,60.255,25.043,17.4,192507160600,***,0,***,67,*****
589,60.255,25.043,17.4,192507161300,***,0,***,71,*****
590,60.255,25.043,17.4,192507162000,***,0,***,61,*****
591,60.255,25.043,17.4,192507170600,050,2,***,62,*****
592,60.255,25.043,17.4,192507171300,140,7,***,67,*****
593,60.255,25.043,17.4,192507172000,***,0,***,62,*****
594,60.255,25.043,17.4,192507180600,050,2,***,63,*****
595,60.255,25.043,17.4,192507181300,230,5,***,64,*****
596,60.255,25.043,17.4,192507182000,***,0,***,65,*****
597,60.255,25.043,17.4,192507190600,***,0,***,66,*****
598,60.255,25.043,17.4,192507191300,230,7,***,73,*****
599,60.255,25.043,17.4,192507192000,270,2,***,68,*****
600,60.255,25.043,17.4,192507200600,***,0,***,69,*****
601,60.255,25.043,17.4,192507201300,290,7,***,83,*****
602,60.255,25.043,17.4,192507202000,320,2,***,71,*****
603,60.255,25.043,17.4,192507210600,340,9,***,68,*****
604,60.255,25.043,17.4,192507211300,020,9,***,78,*****
605,60.255,25.043,17.4,192507212000,020,2,***,71,*****
606,60.255,25.043,17.4,192507220600,360,2,***,71,*****
607,60.255,25.043,17.4,192507221300,180,7,***,81,*****
608,60.255,25.043,17.4,192507222000,***,0,***,73,*****
609,60.255,25.043,17.4,192507230600,***,0,***,73,*****
610,60.255,25.043,17.4,192507231300,160,9,***,81,*****
611,60.255,25.043,17.4,192507232000,270,7,***,75,*****
612,60.255,25.043,17.4,192507240600,250,7,***,71,*****
613,60.255,25.043,17.4,192507241300,230,9,***,78,*****
614,60.255,25.043,17.4,192507242000,230,7,***,72,*****
615,60.255,25.043,17.4,192507250600,290,2,***,72,*****
616,60.255,25.043,17.4,192507251300,230,5,***,85,*****
617,60.255,25.043,17.4,192507252000,***,0,***,77,*****
618,60.255,25.043,17.4,192507260600,140,5,***,71,*****
619,60.255,25.043,17.4,192507261300,160,5,***,79,*****
620,60.255,25.043,17.4,192507262000,140,5,***,74,*****
621,60.255,25.043,17.4,192507270600,140,5,***,74,*****
622,60.255,25.043,17.4,192507271300,160,7,***,80,*****
623,60.255,25.043,17.4,192507272000,140,9,***,76,*****
624,60.255,25.043,17.4,192507280600,140,9,***,74,*****
625,60.255,25.043,17.4,192507281300,160,7,***,77,*****
626,60.255,25.043,17.4,192507282000,200,7,***,72,*****
627,60.255,25.043,17.4,192507290600,320,2,***,64,*****
628,60.255,25.043,17.4,192507291300,250,9,***,62,*****
629,60.255,25.043,17.4,192507292000,200,5,***,67,*****
630,60.255,25.043,17.4,192507300600,250,7,***,66,*****
631,60.255,25.043,17.4,192507301300,160,7,***,69,*****
632,60.255,25.043,17.4,192507302000,200,5,***,65,*****
633,60.255,25.043,17.4,192507310600,140,7,***,67,*****
634,60.255,25.043,17.4,192507311300,160,5,***,64,*****
635,60.255,25.043,17.4,192507312000,230,5,***,64,*****
636,60.255,25.043,17.4,192508010600,230,5,***,64,*****
637,60.255,25.043,17.4,192508011300,270,11,***,66,*****
638,60.255,25.043,17.4,192508012000,230,9,***,64,*****
639,60.255,25.043,17.4,192508020600,180,2,***,65,*****
640,60.255,25.043,17.4,192508021300,160,7,***,65,*****
641,60.255,25.043,17.4,192508022000,050,7,***,59,*****
642,60.255,25.043,17.4,192508030600,340,5,***,61,*****
643,60.255,25.043,17.4,192508031300,160,7,***,71,*****
644,60.255,25.043,17.4,192508032000,320,2,***,63,*****
645,60.255,25.043,17.4,192508040600,070,7,***,62,*****
646,60.255,25.043,17.4,192508041300,360,11,***,65,*****
647,60.255,25.043,17.4,192508042000,360,14,***,59,*****
648,60.255,25.043,17.4,192508050600,050,9,***,62,*****
649,60.255,25.043,17.4,192508051300,***,0,***,62,*****
650,60.255,25.043,17.4,192508052000,360,2,***,58,*****
651,60.255,25.043,17.4,192508060600,***,0,***,60,*****
652,60.255,25.043,17.4,192508061300,340,5,***,62,*****
653,60.255,25.043,17.4,192508062000,340,5,***,59,*****
654,60.255,25.043,17.4,192508070600,020,5,***,55,*****
655,60.255,25.043,17.4,192508071300,360,5,***,59,*****
656,60.255,25.043,17.4,192508072000,020,9,***,54,*****
657,60.255,25.043,17.4,192508080600,020,7,***,54,*****
658,60.255,25.043,17.4,192508081300,140,7,***,61,*****
659,60.255,25.043,17.4,192508082000,***,0,***,56,*****
660,60.255,25.043,17.4,192508090600,***,0,***,56,*****
661,60.255,25.043,17.4,192508091300,160,7,***,66,*****
662,60.255,25.043,17.4,192508092000,230,5,***,60,*****
663,60.255,25.043,17.4,192508100600,***,0,***,59,*****
664,60.255,25.043,17.4,192508101300,250,7,***,69,*****
665,60.255,25.043,17.4,192508102000,***,0,***,60,*****
666,60.255,25.043,17.4,192508110600,140,9,***,63,*****
667,60.255,25.043,17.4,192508111300,140,9,***,67,*****
668,60.255,25.043,17.4,192508112000,180,11,***,68,*****
669,60.255,25.043,17.4,192508120600,230,7,***,66,*****
670,60.255,25.043,17.4,192508121300,200,11,***,71,*****
671,60.255,25.043,17.4,192508122000,230,7,***,63,*****
672,60.255,25.043,17.4,192508130600,***,0,***,63,*****
673,60.255,25.043,17.4,192508131300,050,2,***,65,*****
674,60.255,25.043,17.4,192508132000,230,2,***,61,*****
675,60.255,25.043,17.4,192508140600,***,0,***,59,*****
676,60.255,25.043,17.4,192508141300,180,7,***,69,*****
677,60.255,25.043,17.4,192508142000,230,2,***,62,*****
678,60.255,25.043,17.4,192508150600,***,0,***,62,*****
679,60.255,25.043,17.4,192508151300,200,5,***,69,*****
680,60.255,25.043,17.4,192508152000,340,9,***,62,*****
681,60.255,25.043,17.4,192508160600,360,9,***,56,*****
682,60.255,25.043,17.4,192508161300,320,7,***,65,*****
683,60.255,25.043,17.4,192508162000,***,0,***,60,*****
684,60.255,25.043,17.4,192508170600,***,0,***,56,*****
685,60.255,25.043,17.4,192508171300,200,7,***,65,*****
686,60.255,25.043,17.4,192508172000,200,7,***,57,*****
687,60.255,25.043,17.4,192508180600,200,5,***,53,*****
688,60.255,25.043,17.4,192508181300,140,9,***,61,*****
689,60.255,25.043,17.4,192508182000,050,2,***,57,*****
690,60.255,25.043,17.4,192508190600,050,5,***,58,*****
691,60.255,25.043,17.4,192508191300,140,9,***,63,*****
692,60.255,25.043,17.4,192508192000,***,0,***,58,*****
693,60.255,25.043,17.4,192508200600,020,5,***,56,*****
694,60.255,25.043,17.4,192508201300,360,5,***,67,*****
695,60.255,25.043,17.4,192508202000,320,7,***,58,*****
696,60.255,25.043,17.4,192508210600,360,9,***,58,*****
697,60.255,25.043,17.4,192508211300,360,9,***,60,*****
698,60.255,25.043,17.4,192508212000,050,5,***,57,*****
699,60.255,25.043,17.4,192508220600,070,2,***,56,*****
700,60.255,25.043,17.4,192508221300,***,0,***,60,*****
701,60.255,25.043,17.4,192508222000,050,2,***,58,*****
702,60.255,25.043,17.4,192508230600,050,5,***,56,*****
703,60.255,25.043,17.4,192508231300,200,7,***,59,*****
704,60.255,25.043,17.4,192508232000,070,5,***,55,*****
705,60.255,25.043,17.4,192508240600,070,7,***,53,*****
706,60.255,25.043,17.4,192508241300,200,7,***,62,*****
707,60.255,25.043,17.4,192508242000,070,5,***,55,*****
708,60.255,25.043,17.4,192508250600,050,5,***,55,*****
709,60.255,25.043,17.4,192508251300,110,9,***,62,*****
710,60.255,25.043,17.4,192508252000,050,5,***,55,*****
711,60.255,25.043,17.4,192508260600,050,7,***,53,*****
712,60.255,25.043,17.4,192508261300,140,9,***,64,*****
713,60.255,25.043,17.4,192508262000,***,0,***,56,*****
714,60.255,25.043,17.4,192508270600,070,5,***,53,*****
715,60.255,25.043,17.4,192508271300,090,9,***,64,*****
716,60.255,25.043,17.4,192508272000,050,2,***,58,*****
717,60.255,25.043,17.4,192508280600,050,7,***,51,*****
718,60.255,25.043,17.4,192508281300,050,14,***,57,*****
719,60.255,25.043,17.4,192508282000,360,7,***,53,*****
720,60.255,25.043,17.4,192508290600,020,9,***,52,*****
721,60.255,25.043,17.4,192508291300,320,9,***,58,*****
722,60.255,25.043,17.4,192508292000,***,0,***,53,*****
723,60.255,25.043,17.4,192508300600,160,5,***,57,*****
724,60.255,25.043,17.4,192508301300,160,9,***,59,*****
725,60.255,25.043,17.4,192508302000,250,7,***,59,*****
726,60.255,25.043,17.4,192508310600,200,5,***,58,*****
727,60.255,25.043,17.4,192508311300,250,7,***,63,*****
728,60.255,25.043,17.4,192508312000,250,7,***,58,*****
729,60.255,25.043,17.4,192509010600,140,14,***,56,*****
730,60.255,25.043,17.4,192509011300,230,14,***,61,*****
731,60.255,25.043,17.4,192509012000,270,11,***,51,*****
732,60.255,25.043,17.4,192509020600,200,9,***,57,*****
733,60.255,25.043,17.4,192509021300,230,9,***,57,*****
734,60.255,25.043,17.4,192509022000,***,0,***,49,*****
735,60.255,25.043,17.4,192509030600,180,9,***,56,*****
736,60.255,25.043,17.4,192509031300,200,9,***,54,*****
737,60.255,25.043,17.4,192509032000,270,7,***,50,*****
738,60.255,25.043,17.4,192509040600,***,0,***,52,*****
739,60.255,25.043,17.4,192509041300,340,2,***,50,*****
740,60.255,25.043,17.4,192509042000,270,7,***,51,*****
741,60.255,25.043,17.4,192509050600,180,7,***,54,*****
742,60.255,25.043,17.4,192509051300,180,11,***,57,*****
743,60.255,25.043,17.4,192509052000,200,9,***,54,*****
744,60.255,25.043,17.4,192509060600,160,14,***,50,*****
745,60.255,25.043,17.4,192509061300,180,11,***,57,*****
746,60.255,25.043,17.4,192509062000,180,7,***,55,*****
747,60.255,25.043,17.4,192509070600,160,11,***,52,*****
748,60.255,25.043,17.4,192509071300,180,11,***,56,*****
749,60.255,25.043,17.4,192509072000,200,2,***,53,*****
750,60.255,25.043,17.4,192509080600,***,0,***,52,*****
751,60.255,25.043,17.4,192509081300,160,7,***,56,*****
752,60.255,25.043,17.4,192509082000,110,5,***,54,*****
753,60.255,25.043,17.4,192509090600,090,5,***,49,*****
754,60.255,25.043,17.4,192509091300,090,7,***,54,*****
755,60.255,25.043,17.4,192509092000,050,7,***,49,*****
756,60.255,25.043,17.4,192509100600,020,7,***,47,*****
757,60.255,25.043,17.4,192509101300,070,9,***,53,*****
758,60.255,25.043,17.4,192509102000,360,9,***,48,*****
759,60.255,25.043,17.4,192509110600,050,7,***,49,*****
760,60.255,25.043,17.4,192509111300,090,7,***,54,*****
761,60.255,25.043,17.4,192509112000,050,9,***,50,*****
762,60.255,25.043,17.4,192509120600,050,11,***,48,*****
763,60.255,25.043,17.4,192509121300,050,11,***,52,*****
764,60.255,25.043,17.4,192509122000,360,9,***,47,*****
765,60.255,25.043,17.4,192509130600,070,2,***,42,*****
766,60.255,25.043,17.4,192509131300,340,2,***,54,*****
767,60.255,25.043,17.4,192509132000,***,0,***,43,*****
768,60.255,25.043,17.4,192509140600,290,7,***,44,*****
769,60.255,25.043,17.4,192509141300,270,9,***,59,*****
770,60.255,25.043,17.4,192509142000,270,7,***,51,*****
771,60.255,25.043,17.4,192509150600,250,9,***,53,*****
772,60.255,25.043,17.4,192509151300,250,9,***,59,*****
773,60.255,25.043,17.4,192509152000,320,9,***,52,*****
774,60.255,25.043,17.4,192509160600,320,7,***,49,*****
775,60.255,25.043,17.4,192509161300,290,5,***,61,*****
776,60.255,25.043,17.4,192509162000,320,2,***,54,*****
777,60.255,25.043,17.4,192509170600,***,0,***,53,*****
778,60.255,25.043,17.4,192509171300,020,9,***,59,*****
779,60.255,25.043,17.4,192509172000,050,7,***,49,*****
780,60.255,25.043,17.4,192509180600,070,7,***,40,*****
781,60.255,25.043,17.4,192509181300,020,9,***,49,*****
782,60.255,25.043,17.4,192509182000,020,5,***,43,*****
783,60.255,25.043,17.4,192509190600,360,7,***,39,*****
784,60.255,25.043,17.4,192509191300,360,9,***,48,*****
785,60.255,25.043,17.4,192509192000,320,5,***,38,*****
786,60.255,25.043,17.4,192509200600,340,5,***,38,*****
787,60.255,25.043,17.4,192509201300,200,7,***,49,*****
788,60.255,25.043,17.4,192509202000,***,0,***,41,*****
789,60.255,25.043,17.4,192509210600,160,11,***,49,*****
790,60.255,25.043,17.4,192509211300,160,5,***,51,*****
791,60.255,25.043,17.4,192509212000,140,9,***,53,*****
792,60.255,25.043,17.4,192509220600,200,7,***,55,*****
793,60.255,25.043,17.4,192509221300,270,14,***,57,*****
794,60.255,25.043,17.4,192509222000,250,9,***,55,*****
795,60.255,25.043,17.4,192509230600,200,7,***,53,*****
796,60.255,25.043,17.4,192509231300,140,9,***,56,*****
797,60.255,25.043,17.4,192509232000,140,14,***,57,*****
798,60.255,25.043,17.4,192509240600,250,5,***,58,*****
799,60.255,25.043,17.4,192509241300,200,5,***,61,*****
800,60.255,25.043,17.4,192509242000,***,0,***,56,*****
801,60.255,25.043,17.4,192509250600,***,0,***,55,*****
802,60.255,25.043,17.4,192509251300,360,9,***,54,*****
803,60.255,25.043,17.4,192509252000,320,5,***,53,*****
804,60.255,25.043,17.4,192509260600,***,0,***,50,*****
805,60.255,25.043,17.4,192509261300,***,0,***,54,*****
806,60.255,25.043,17.4,192509262000,250,2,***,50,*****
807,60.255,25.043,17.4,192509270600,270,5,***,49,*****
808,60.255,25.043,17.4,192509271300,250,5,***,54,*****
809,60.255,25.043,17.4,192509272000,***,0,***,50,*****
810,60.255,25.043,17.4,192509280600,050,2,***,45,*****
811,60.255,25.043,17.4,192509281300,070,2,***,54,*****
812,60.255,25.043,17.4,192509282000,050,5,***,47,*****
813,60.255,25.043,17.4,192509290600,***,0,***,40,*****
814,60.255,25.043,17.4,192509291300,250,5,***,53,*****
815,60.255,25.043,17.4,192509292000,270,11,***,52,*****
816,60.255,25.043,17.4,192509300600,290,7,***,51,*****
817,60.255,25.043,17.4,192509301300,340,11,***,56,*****
818,60.255,25.043,17.4,192509302000,290,5,***,47,*****
819,60.255,25.043,17.4,192510010600,***,0,***,46,*****
820,60.255,25.043,17.4,192510011300,230,14,***,56,*****
821,60.255,25.043,17.4,192510012000,290,9,***,53,*****
822,60.255,25.043,17.4,192510020600,270,5,***,51,*****
823,60.255,25.043,17.4,192510021300,230,7,***,53,*****
824,60.255,25.043,17.4,192510022000,360,7,***,44,*****
825,60.255,25.043,17.4,192510030600,270,5,***,44,*****
826,60.255,25.043,17.4,192510031300,050,5,***,43,*****
827,60.255,25.043,17.4,192510032000,270,9,***,43,*****
828,60.255,25.043,17.4,192510040600,290,14,***,38,*****
829,60.255,25.043,17.4,192510041300,290,22,***,44,*****
830,60.255,25.043,17.4,192510042000,320,22,***,40,*****
831,60.255,25.043,17.4,192510050600,270,7,***,39,*****
832,60.255,25.043,17.4,192510051300,340,18,***,39,*****
833,60.255,25.043,17.4,192510052000,340,11,***,35,*****
834,60.255,25.043,17.4,192510060600,320,9,***,35,*****
835,60.255,25.043,17.4,192510061300,270,11,***,44,*****
836,60.255,25.043,17.4,192510062000,***,0,***,40,*****
837,60.255,25.043,17.4,192510070600,160,9,***,45,*****
838,60.255,25.043,17.4,192510071300,020,22,***,35,*****
839,60.255,25.043,17.4,192510072000,360,16,***,37,*****
840,60.255,25.043,17.4,192510080600,340,11,***,32,*****
841,60.255,25.043,17.4,192510081300,340,16,***,43,*****
842,60.255,25.043,17.4,192510082000,320,5,***,35,*****
843,60.255,25.043,17.4,192510090600,230,9,***,39,*****
844,60.255,25.043,17.4,192510091300,250,14,***,44,*****
845,60.255,25.043,17.4,192510092000,270,11,***,44,*****
846,60.255,25.043,17.4,192510100600,320,29,***,42,*****
847,60.255,25.043,17.4,192510101300,320,26,***,42,*****
848,60.255,25.043,17.4,192510102000,270,14,***,34,*****
849,60.255,25.043,17.4,192510110600,270,11,***,34,*****
850,60.255,25.043,17.4,192510111300,320,14,***,40,*****
851,60.255,25.043,17.4,192510112000,290,11,***,35,*****
852,60.255,25.043,17.4,192510120600,290,7,***,30,*****
853,60.255,25.043,17.4,192510121300,200,5,***,39,*****
854,60.255,25.043,17.4,192510122000,270,5,***,32,*****
855,60.255,25.043,17.4,192510130600,***,0,***,31,*****
856,60.255,25.043,17.4,192510131300,020,5,***,38,*****
857,60.255,25.043,17.4,192510132000,***,0,***,30,*****
858,60.255,25.043,17.4,192510140600,***,0,***,26,*****
859,60.255,25.043,17.4,192510141300,090,7,***,38,*****
860,60.255,25.043,17.4,192510142000,050,11,***,35,*****
861,60.255,25.043,17.4,192510150600,050,9,***,33,*****
862,60.255,25.043,17.4,192510151300,360,9,***,35,*****
863,60.255,25.043,17.4,192510152000,340,18,***,33,*****
864,60.255,25.043,17.4,192510160600,320,11,***,31,*****
865,60.255,25.043,17.4,192510161300,320,7,***,36,*****
866,60.255,25.043,17.4,192510162000,270,5,***,33,*****
867,60.255,25.043,17.4,192510170600,290,5,***,28,*****
868,60.255,25.043,17.4,192510171300,340,7,***,34,*****
869,60.255,25.043,17.4,192510172000,***,0,***,30,*****
870,60.255,25.043,17.4,192510180600,020,5,***,30,*****
871,60.255,25.043,17.4,192510181300,360,9,***,33,*****
872,60.255,25.043,17.4,192510182000,360,7,***,27,*****
873,60.255,25.043,17.4,192510190600,360,7,***,22,*****
874,60.255,25.043,17.4,192510191300,340,7,***,31,*****
875,60.255,25.043,17.4,192510192000,360,5,***,29,*****
876,60.255,25.043,17.4,192510200600,360,7,***,23,*****
877,60.255,25.043,17.4,192510201300,270,7,***,36,*****
878,60.255,25.043,17.4,192510202000,270,9,***,35,*****
879,60.255,25.043,17.4,192510210600,320,9,***,33,*****
880,60.255,25.043,17.4,192510211300,290,14,***,38,*****
881,60.255,25.043,17.4,192510212000,340,2,***,32,*****
882,60.255,25.043,17.4,192510220600,070,2,***,24,*****
883,60.255,25.043,17.4,192510221300,090,5,***,33,*****
884,60.255,25.043,17.4,192510222000,160,11,***,35,*****
885,60.255,25.043,17.4,192510230600,160,18,***,34,*****
886,60.255,25.043,17.4,192510231300,160,19,***,34,*****
887,60.255,25.043,17.4,192510232000,140,14,***,35,*****
888,60.255,25.043,17.4,192510240600,140,11,***,37,*****
889,60.255,25.043,17.4,192510241300,140,9,***,39,*****
890,60.255,25.043,17.4,192510242000,140,14,***,38,*****
891,60.255,25.043,17.4,192510250600,180,7,***,44,*****
892,60.255,25.043,17.4,192510251300,160,5,***,44,*****
893,60.255,25.043,17.4,192510252000,140,7,***,44,*****
894,60.255,25.043,17.4,192510260600,160,11,***,46,*****
895,60.255,25.043,17.4,192510261300,270,5,***,47,*****
896,60.255,25.043,17.4,192510262000,230,2,***,44,*****
897,60.255,25.043,17.4,192510270600,200,5,***,44,*****
898,60.255,25.043,17.4,192510271300,200,5,***,46,*****
899,60.255,25.043,17.4,192510272000,160,7,***,44,*****
900,60.255,25.043,17.4,192510280600,160,7,***,45,*****
901,60.255,25.043,17.4,192510281300,180,11,***,45,*****
902,60.255,25.043,17.4,192510282000,180,7,***,45,*****
903,60.255,25.043,17.4,192510290600,230,7,***,45,*****
904,60.255,25.043,17.4,192510291300,200,2,***,46,*****
905,60.255,25.043,17.4,192510292000,230,5,***,42,*****
906,60.255,25.043,17.4,192510300600,***,0,***,43,*****
907,60.255,25.043,17.4,192510301300,***,0,***,46,*****
908,60.255,25.043,17.4,192510302000,***,0,***,41,*****
909,60.255,25.043,17.4,192510310600,360,9,***,32,*****
910,60.255,25.043,17.4,192510311300,360,16,***,32,*****
911,60.255,25.043,17.4,192510312000,360,9,***,26,*****
912,60.255,25.043,17.4,192511010600,340,11,***,25,*****
913,60.255,25.043,17.4,192511011300,020,11,***,27,*****
914,60.255,25.043,17.4,192511012000,020,7,***,26,*****
915,60.255,25.043,17.4,192511020600,340,7,***,18,*****
916,60.255,25.043,17.4,192511021300,360,2,***,27,*****
917,60.255,25.043,17.4,192511022000,***,0,***,22,*****
918,60.255,25.043,17.4,192511030600,090,7,***,32,*****
919,60.255,25.043,17.4,192511031300,200,7,***,34,*****
920,60.255,25.043,17.4,192511032000,160,7,***,31,*****
921,60.255,25.043,17.4,192511040600,160,11,***,31,*****
922,60.255,25.043,17.4,192511041300,140,11,***,32,*****
923,60.255,25.043,17.4,192511042000,090,7,***,33,*****
924,60.255,25.043,17.4,192511050600,320,5,***,28,*****
925,60.255,25.043,17.4,192511051300,340,7,***,30,*****
926,60.255,25.043,17.4,192511052000,270,5,***,28,*****
927,60.255,25.043,17.4,192511060600,050,5,***,21,*****
928,60.255,25.043,17.4,192511061300,070,7,***,30,*****
929,60.255,25.043,17.4,192511062000,070,11,***,33,*****
930,60.255,25.043,17.4,192511070600,360,5,***,31,*****
931,60.255,25.043,17.4,192511071300,320,11,***,26,*****
932,60.255,25.043,17.4,192511072000,290,11,***,25,*****
933,60.255,25.043,17.4,192511080600,360,9,***,20,*****
934,60.255,25.043,17.4,192511081300,340,7,***,23,*****
935,60.255,25.043,17.4,192511082000,050,7,***,22,*****
936,60.255,25.043,17.4,192511090600,070,9,***,18,*****
937,60.255,25.043,17.4,192511091300,020,14,***,17,*****
938,60.255,25.043,17.4,192511092000,050,11,***,18,*****
939,60.255,25.043,17.4,192511100600,070,9,***,20,*****
940,60.255,25.043,17.4,192511101300,160,16,***,31,*****
941,60.255,25.043,17.4,192511102000,140,9,***,30,*****
942,60.255,25.043,17.4,192511110600,200,11,***,38,*****
943,60.255,25.043,17.4,192511111300,340,14,***,27,*****
944,60.255,25.043,17.4,192511112000,320,9,***,20,*****
945,60.255,25.043,17.4,192511120600,270,9,***,22,*****
946,60.255,25.043,17.4,192511121300,270,11,***,33,*****
947,60.255,25.043,17.4,192511122000,250,14,***,33,*****
948,60.255,25.043,17.4,192511130600,270,11,***,33,*****
949,60.255,25.043,17.4,192511131300,250,11,***,36,*****
950,60.255,25.043,17.4,192511132000,250,7,***,37,*****
951,60.255,25.043,17.4,192511140600,140,7,***,35,*****
952,60.255,25.043,17.4,192511141300,140,7,***,35,*****
953,60.255,25.043,17.4,192511142000,140,5,***,38,*****
954,60.255,25.043,17.4,192511150600,***,0,***,33,*****
955,60.255,25.043,17.4,192511151300,160,7,***,36,*****
956,60.255,25.043,17.4,192511152000,070,7,***,35,*****
957,60.255,25.043,17.4,192511160600,050,11,***,33,*****
958,60.255,25.043,17.4,192511161300,340,2,***,33,*****
959,60.255,25.043,17.4,192511162000,270,5,***,33,*****
960,60.255,25.043,17.4,192511170600,360,9,***,33,*****
961,60.255,25.043,17.4,192511171300,340,14,***,29,*****
962,60.255,25.043,17.4,192511172000,340,14,***,30,*****
963,60.255,25.043,17.4,192511180600,340,9,***,30,*****
964,60.255,25.043,17.4,192511181300,340,7,***,31,*****
965,60.255,25.043,17.4,192511182000,250,9,***,31,*****
966,60.255,25.043,17.4,192511190600,290,14,***,35,*****
967,60.255,25.043,17.4,192511191300,250,11,***,37,*****
968,60.255,25.043,17.4,192511192000,250,16,***,36,*****
969,60.255,25.043,17.4,192511200600,290,18,***,40,*****
970,60.255,25.043,17.4,192511201300,320,16,***,39,*****
971,60.255,25.043,17.4,192511202000,340,14,***,36,*****
972,60.255,25.043,17.4,192511210600,320,14,***,30,*****
973,60.255,25.043,17.4,192511211300,320,16,***,31,*****
974,60.255,25.043,17.4,192511212000,320,7,***,27,*****
975,60.255,25.043,17.4,192511220600,340,7,***,22,*****
976,60.255,25.043,17.4,192511221300,360,5,***,25,*****
977,60.255,25.043,17.4,192511222000,020,5,***,21,*****
978,60.255,25.043,17.4,192511230600,140,16,***,30,*****
979,60.255,25.043,17.4,192511231300,160,11,***,31,*****
980,60.255,25.043,17.4,192511232000,050,16,***,23,*****
981,60.255,25.043,17.4,192511240600,340,9,***,15,*****
982,60.255,25.043,17.4,192511241300,020,5,***,23,*****
983,60.255,25.043,17.4,192511242000,050,5,***,20,*****
984,60.255,25.043,17.4,192511250600,290,7,***,18,*****
985,60.255,25.043,17.4,192511251300,020,5,***,17,*****
986,60.255,25.043,17.4,192511252000,320,9,***,10,*****
987,60.255,25.043,17.4,192511260600,290,9,***,7,*****
988,60.255,25.043,17.4,192511261300,360,7,***,15,*****
989,60.255,25.043,17.4,192511262000,360,2,***,8,*****
990,60.255,25.043,17.4,192511270600,070,7,***,5,*****
991,60.255,25.043,17.4,192511271300,070,7,***,8,*****
992,60.255,25.043,17.4,192511272000,050,7,***,5,*****
993,60.255,25.043,17.4,192511280600,070,11,***,11,*****
994,60.255,25.043,17.4,192511281300,020,11,***,10,*****
995,60.255,25.043,17.4,192511282000,360,14,***,7,*****
996,60.255,25.043,17.4,192511290600,360,16,***,10,*****
997,60.255,25.043,17.4,192511291300,360,16,***,14,*****
998,60.255,25.043,17.4,192511292000,020,14,***,9,*****
999,60.255,25.043,17.4,192511300600,360,7,***,2,*****
1000,60.255,25.043,17.4,192511301300,360,7,***,8,*****
1001,60.255,25.043,17.4,192511302000,050,7,***,5,*****
1002,60.255,25.043,17.4,192512010600,050,5,***,0,*****
1003,60.255,25.043,17.4,192512011300,050,5,***,2,*****
1004,60.255,25.043,17.4,192512012000,050,5,***,-1,*****
1005,60.255,25.043,17.4,192512020600,050,7,***,11,*****
1006,60.255,25.043,17.4,192512021300,050,5,***,14,*****
1007,60.255,25.043,17.4,192512022000,050,7,***,9,*****
1008,60.255,25.043,17.4,192512030600,050,9,***,9,*****
1009,60.255,25.043,17.4,192512031300,360,11,***,8,*****
1010,60.255,25.043,17.4,192512032000,020,11,***,0,*****
1011,60.255,25.043,17.4,192512040600,360,7,***,-7,*****
1012,60.255,25.043,17.4,192512041300,250,5,***,8,*****
1013,60.255,25.043,17.4,192512042000,270,11,***,26,*****
1014,60.255,25.043,17.4,192512050600,270,9,***,27,*****
1015,60.255,25.043,17.4,192512051300,290,11,***,29,*****
1016,60.255,25.043,17.4,192512052000,320,9,***,23,*****
1017,60.255,25.043,17.4,192512060600,180,14,***,33,*****
1018,60.255,25.043,17.4,192512061300,200,18,***,33,*****
1019,60.255,25.043,17.4,192512062000,230,9,***,34,*****
1020,60.255,25.043,17.4,192512070600,340,16,***,32,*****
1021,60.255,25.043,17.4,192512071300,360,9,***,30,*****
1022,60.255,25.043,17.4,192512072000,270,7,***,28,*****
1023,60.255,25.043,17.4,192512080600,160,11,***,33,*****
1024,60.255,25.043,17.4,192512081300,230,14,***,34,*****
1025,60.255,25.043,17.4,192512082000,230,11,***,35,*****
1026,60.255,25.043,17.4,192512090600,230,11,***,34,*****
1027,60.255,25.043,17.4,192512091300,180,14,***,33,*****
1028,60.255,25.043,17.4,192512092000,160,11,***,32,*****
1029,60.255,25.043,17.4,192512100600,140,14,***,29,*****
1030,60.255,25.043,17.4,192512101300,160,11,***,27,*****
1031,60.255,25.043,17.4,192512102000,140,11,***,28,*****
1032,60.255,25.043,17.4,192512110600,140,11,***,27,*****
1033,60.255,25.043,17.4,192512111300,160,9,***,26,*****
1034,60.255,25.043,17.4,192512112000,140,7,***,23,*****
1035,60.255,25.043,17.4,192512120600,110,7,***,24,*****
1036,60.255,25.043,17.4,192512121300,050,9,***,22,*****
1037,60.255,25.043,17.4,192512122000,050,9,***,20,*****
1038,60.255,25.043,17.4,192512130600,020,5,***,16,*****
1039,60.255,25.043,17.4,192512131300,020,5,***,16,*****
1040,60.255,25.043,17.4,192512132000,020,7,***,16,*****
1041,60.255,25.043,17.4,192512140600,360,5,***,7,*****
1042,60.255,25.043,17.4,192512141300,360,5,***,6,*****
1043,60.255,25.043,17.4,192512142000,360,2,***,3,*****
1044,60.255,25.043,17.4,192512150600,050,5,***,5,*****
1045,60.255,25.043,17.4,192512151300,050,5,***,13,*****
1046,60.255,25.043,17.4,192512152000,050,5,***,15,*****
1047,60.255,25.043,17.4,192512160600,050,5,***,14,*****
1048,60.255,25.043,17.4,192512161300,050,5,***,14,*****
1049,60.255,25.043,17.4,192512162000,090,5,***,14,*****
1050,60.255,25.043,17.4,192512170600,360,14,***,26,*****
1051,60.255,25.043,17.4,192512171300,160,16,***,31,*****
1052,60.255,25.043,17.4,192512172000,160,24,***,29,*****
1053,60.255,25.043,17.4,192512180600,250,16,***,19,*****
1054,60.255,25.043,17.4,192512181300,290,16,***,17,*****
1055,60.255,25.043,17.4,192512182000,270,16,***,17,*****
1056,60.255,25.043,17.4,192512190600,320,11,***,7,*****
1057,60.255,25.043,17.4,192512191300,320,16,***,11,*****
1058,60.255,25.043,17.4,192512192000,320,9,***,3,*****
1059,60.255,25.043,17.4,192512200600,320,5,***,-1,*****
1060,60.255,25.043,17.4,192512201300,340,9,***,10,*****
1061,60.255,25.043,17.4,192512202000,290,5,***,6,*****
1062,60.255,25.043,17.4,192512210600,***,0,***,12,*****
1063,60.255,25.043,17.4,192512211300,160,18,***,22,*****
1064,60.255,25.043,17.4,192512212000,140,22,***,22,*****
1065,60.255,25.043,17.4,192512220600,140,22,***,21,*****
1066,60.255,25.043,17.4,192512221300,140,18,***,23,*****
1067,60.255,25.043,17.4,192512222000,140,18,***,24,*****
1068,60.255,25.043,17.4,192512230600,140,16,***,26,*****
1069,60.255,25.043,17.4,192512231300,090,14,***,26,*****
1070,60.255,25.043,17.4,192512232000,140,14,***,27,*****
1071,60.255,25.043,17.4,192512240600,110,11,***,24,*****
1072,60.255,25.043,17.4,192512241300,070,9,***,20,*****
1073,60.255,25.043,17.4,192512242000,050,7,***,19,*****
1074,60.255,25.043,17.4,192512250600,340,7,***,19,*****
1075,60.255,25.043,17.4,192512251300,320,9,***,19,*****
1076,60.255,25.043,17.4,192512252000,290,9,***,22,*****
1077,60.255,25.043,17.4,192512260600,250,9,***,26,*****
1078,60.255,25.043,17.4,192512261300,230,7,***,26,*****
1079,60.255,25.043,17.4,192512262000,230,7,***,24,*****
1080,60.255,25.043,17.4,192512270600,290,7,***,21,*****
1081,60.255,25.043,17.4,192512271300,360,9,***,17,*****
1082,60.255,25.043,17.4,192512272000,340,5,***,12,*****
1083,60.255,25.043,17.4,192512280600,110,7,***,15,*****
1084,60.255,25.043,17.4,192512281300,050,9,***,16,*****
1085,60.255,25.043,17.4,192512282000,050,7,***,12,*****
1086,60.255,25.043,17.4,192512290600,050,9,***,13,*****
1087,60.255,25.043,17.4,192512291300,090,7,***,21,*****
1088,60.255,25.043,17.4,192512292000,140,11,***,26,*****
1089,60.255,25.043,17.4,192512300600,140,18,***,27,*****
1090,60.255,25.043,17.4,192512301300,160,18,***,35,*****
1091,60.255,25.043,17.4,192512302000,230,14,***,36,*****
1092,60.255,25.043,17.4,192512310600,230,11,***,35,*****
1093,60.255,25.043,17.4,192512311300,230,14,***,34,*****
1094,60.255,25.043,17.4,192512312000,320,16,***,28,*****
