,Lat,Lon,Ele,YR--MODAHRMN,DIR,SPD,GUS,TEMP,ALT
0,60.255,25.043,17.4,192601010600,320,11,***,18,*****
1,60.255,25.043,17.4,192601011300,360,16,***,19,*****
2,60.255,25.043,17.4,192601012000,340,16,***,24,*****
3,60.255,25.043,17.4,192601020600,320,7,***,22,*****
4,60.255,25.043,17.4,192601021300,270,7,***,28,*****
5,60.255,25.043,17.4,192601022000,250,7,***,26,*****
6,60.255,25.043,17.4,192601030600,250,5,***,21,*****
7,60.255,25.043,17.4,192601031300,250,7,***,28,*****
8,60.255,25.043,17.4,192601032000,180,5,***,28,*****
9,60.255,25.043,17.4,192601040600,110,11,***,25,*****
10,60.255,25.043,17.4,192601041300,070,11,***,22,*****
11,60.255,25.043,17.4,192601042000,050,9,***,20,*****
12,60.255,25.043,17.4,192601050600,050,9,***,21,*****
13,60.255,25.043,17.4,192601051300,050,7,***,21,*****
14,60.255,25.043,17.4,192601052000,050,9,***,20,*****
15,60.255,25.043,17.4,192601060600,050,7,***,21,*****
16,60.255,25.043,17.4,192601061300,070,9,***,17,*****
17,60.255,25.043,17.4,192601062000,110,9,***,18,*****
18,60.255,25.043,17.4,192601070600,110,9,***,17,*****
19,60.255,25.043,17.4,192601071300,160,7,***,22,*****
20,60.255,25.043,17.4,192601072000,140,7,***,23,*****
21,60.255,25.043,17.4,192601080600,090,11,***,21,*****
22,60.255,25.043,17.4,192601081300,070,9,***,19,*****
23,60.255,25.043,17.4,192601082000,070,9,***,17,*****
24,60.255,25.043,17.4,192601090600,090,14,***,10,*****
25,60.255,25.043,17.4,192601091300,070,11,***,6,*****
26,60.255,25.043,17.4,192601092000,070,9,***,-6,*****
27,60.255,25.043,17.4,192601100600,090,9,***,-10,*****
28,60.255,25.043,17.4,192601101300,090,5,***,-6,*****
29,60.255,25.043,17.4,192601102000,090,5,***,-11,*****
30,60.255,25.043,17.4,192601110600,090,5,***,-11,*****
31,60.255,25.043,17.4,192601111300,160,7,***,8,*****
32,60.255,25.043,17.4,192601112000,160,9,***,11,*****
33,60.255,25.043,17.4,192601120600,180,9,***,9,*****
34,60.255,25.043,17.4,192601121300,160,9,***,11,*****
35,60.255,25.043,17.4,192601122000,160,7,***,10,*****
36,60.255,25.043,17.4,192601130600,140,7,***,11,*****
37,60.255,25.043,17.4,192601131300,140,5,***,9,*****
38,60.255,25.043,17.4,192601132000,110,5,***,5,*****
39,60.255,25.043,17.4,192601140600,110,5,***,10,*****
40,60.255,25.043,17.4,192601141300,140,5,***,15,*****
41,60.255,25.043,17.4,192601142000,110,5,***,18,*****
42,60.255,25.043,17.4,192601150600,140,9,***,23,*****
43,60.255,25.043,17.4,192601151300,160,9,***,22,*****
44,60.255,25.043,17.4,192601152000,140,9,***,20,*****
45,60.255,25.043,17.4,192601160600,140,9,***,15,*****
46,60.255,25.043,17.4,192601161300,140,9,***,13,*****
47,60.255,25.043,17.4,192601162000,090,9,***,11,*****
48,60.255,25.043,17.4,192601170600,140,11,***,14,*****
49,60.255,25.043,17.4,192601171300,140,9,***,13,*****
50,60.255,25.043,17.4,192601172000,110,11,***,11,*****
51,60.255,25.043,17.4,192601180600,110,11,***,17,*****
52,60.255,25.043,17.4,192601181300,160,11,***,17,*****
53,60.255,25.043,17.4,192601182000,110,9,***,15,*****
54,60.255,25.043,17.4,192601190600,110,7,***,12,*****
55,60.255,25.043,17.4,192601191300,090,11,***,13,*****
56,60.255,25.043,17.4,192601192000,110,9,***,11,*****
57,60.255,25.043,17.4,192601200600,110,9,***,14,*****
58,60.255,25.043,17.4,192601201300,110,11,***,7,*****
59,60.255,25.043,17.4,192601202000,110,7,***,5,*****
60,60.255,25.043,17.4,192601210600,090,7,***,6,*****
61,60.255,25.043,17.4,192601211300,160,7,***,13,*****
62,60.255,25.043,17.4,192601212000,090,9,***,13,*****
63,60.255,25.043,17.4,192601220600,110,7,***,14,*****
64,60.255,25.043,17.4,192601221300,090,7,***,14,*****
65,60.255,25.043,17.4,192601222000,140,7,***,9,*****
66,60.255,25.043,17.4,192601230600,140,9,***,17,*****
67,60.255,25.043,17.4,192601231300,200,9,***,22,*****
68,60.255,25.043,17.4,192601232000,140,7,***,19,*****
69,60.255,25.043,17.4,192601240600,140,11,***,11,*****
70,60.255,25.043,17.4,192601241300,140,14,***,13,*****
71,60.255,25.043,17.4,192601242000,140,11,***,22,*****
72,60.255,25.043,17.4,192601250600,180,14,***,33,*****
73,60.255,25.043,17.4,192601251300,290,9,***,34,*****
74,60.255,25.043,17.4,192601252000,250,9,***,31,*****
75,60.255,25.043,17.4,192601260600,050,7,***,26,*****
76,60.255,25.043,17.4,192601261300,340,16,***,19,*****
77,60.255,25.043,17.4,192601262000,320,14,***,17,*****
78,60.255,25.043,17.4,192601270600,360,9,***,19,*****
79,60.255,25.043,17.4,192601271300,360,9,***,17,*****
80,60.255,25.043,17.4,192601272000,340,7,***,7,*****
81,60.255,25.043,17.4,192601280600,140,5,***,12,*****
82,60.255,25.043,17.4,192601281300,200,7,***,23,*****
83,60.255,25.043,17.4,192601282000,230,7,***,27,*****
84,60.255,25.043,17.4,192601290600,050,11,***,5,*****
85,60.255,25.043,17.4,192601291300,020,7,***,8,*****
86,60.255,25.043,17.4,192601292000,360,7,***,-1,*****
87,60.255,25.043,17.4,192601300600,290,5,***,-7,*****
88,60.255,25.043,17.4,192601301300,180,5,***,6,*****
89,60.255,25.043,17.4,192601302000,180,5,***,-1,*****
90,60.255,25.043,17.4,192601310600,160,5,***,15,*****
91,60.255,25.043,17.4,192601311300,140,9,***,20,*****
92,60.255,25.043,17.4,192601312000,050,7,***,19,*****
93,60.255,25.043,17.4,192602010600,050,5,***,18,*****
94,60.255,25.043,17.4,192602011300,070,2,***,19,*****
95,60.255,25.043,17.4,192602012000,090,5,***,20,*****
96,60.255,25.043,17.4,192602020600,200,5,***,29,*****
97,60.255,25.043,17.4,192602021300,180,5,***,29,*****
98,60.255,25.043,17.4,192602022000,180,5,***,26,*****
99,60.255,25.043,17.4,192602030600,090,7,***,25,*****
100,60.255,25.043,17.4,192602031300,110,9,***,25,*****
101,60.255,25.043,17.4,192602032000,090,16,***,24,*****
102,60.255,25.043,17.4,192602040600,090,22,***,20,*****
103,60.255,25.043,17.4,192602041300,050,18,***,18,*****
104,60.255,25.043,17.4,192602042000,090,11,***,10,*****
105,60.255,25.043,17.4,192602050600,070,11,***,-2,*****
106,60.255,25.043,17.4,192602051300,050,11,***,4,*****
107,60.255,25.043,17.4,192602052000,090,9,***,0,*****
108,60.255,25.043,17.4,192602060600,050,11,***,-2,*****
109,60.255,25.043,17.4,192602061300,050,11,***,11,*****
110,60.255,25.043,17.4,192602062000,090,9,***,1,*****
111,60.255,25.043,17.4,192602070600,070,11,***,-5,*****
112,60.255,25.043,17.4,192602071300,050,14,***,6,*****
113,60.255,25.043,17.4,192602072000,090,16,***,10,*****
114,60.255,25.043,17.4,192602080600,110,14,***,8,*****
115,60.255,25.043,17.4,192602081300,090,16,***,2,*****
116,60.255,25.043,17.4,192602082000,090,14,***,2,*****
117,60.255,25.043,17.4,192602090600,090,14,***,2,*****
118,60.255,25.043,17.4,192602091300,070,14,***,6,*****
119,60.255,25.043,17.4,192602092000,110,14,***,7,*****
120,60.255,25.043,17.4,192602100600,110,11,***,5,*****
121,60.255,25.043,17.4,192602101300,090,11,***,10,*****
122,60.255,25.043,17.4,192602102000,140,14,***,17,*****
123,60.255,25.043,17.4,192602110600,140,11,***,19,*****
124,60.255,25.043,17.4,192602111300,140,9,***,23,*****
125,60.255,25.043,17.4,192602112000,160,7,***,24,*****
126,60.255,25.043,17.4,192602120600,160,5,***,25,*****
127,60.255,25.043,17.4,192602121300,140,5,***,26,*****
128,60.255,25.043,17.4,192602122000,070,5,***,24,*****
129,60.255,25.043,17.4,192602130600,070,7,***,20,*****
130,60.255,25.043,17.4,192602131300,110,5,***,21,*****
131,60.255,25.043,17.4,192602132000,050,7,***,20,*****
132,60.255,25.043,17.4,192602140600,020,7,***,19,*****
133,60.255,25.043,17.4,192602141300,360,7,***,24,*****
134,60.255,25.043,17.4,192602142000,360,7,***,17,*****
135,60.255,25.043,17.4,192602150600,270,5,***,15,*****
136,60.255,25.043,17.4,192602151300,180,7,***,22,*****
137,60.255,25.043,17.4,192602152000,230,14,***,29,*****
138,60.255,25.043,17.4,192602160600,200,16,***,29,*****
139,60.255,25.043,17.4,192602161300,200,16,***,33,*****
140,60.255,25.043,17.4,192602162000,200,11,***,33,*****
141,60.255,25.043,17.4,192602170600,230,9,***,34,*****
142,60.255,25.043,17.4,192602171300,230,9,***,33,*****
143,60.255,25.043,17.4,192602172000,160,11,***,33,*****
144,60.255,25.043,17.4,192602180600,140,14,***,33,*****
145,60.255,25.043,17.4,192602181300,200,11,***,33,*****
146,60.255,25.043,17.4,192602182000,140,11,***,33,*****
147,60.255,25.043,17.4,192602190600,200,5,***,32,*****
148,60.255,25.043,17.4,192602191300,340,7,***,35,*****
149,60.255,25.043,17.4,192602192000,270,7,***,32,*****
150,60.255,25.043,17.4,192602200600,050,9,***,27,*****
151,60.255,25.043,17.4,192602201300,050,7,***,24,*****
152,60.255,25.043,17.4,192602202000,090,11,***,17,*****
153,60.255,25.043,17.4,192602210600,090,11,***,12,*****
154,60.255,25.043,17.4,192602211300,110,9,***,21,*****
155,60.255,25.043,17.4,192602212000,290,14,***,26,*****
156,60.255,25.043,17.4,192602220600,360,11,***,8,*****
157,60.255,25.043,17.4,192602221300,050,9,***,10,*****
158,60.255,25.043,17.4,192602222000,090,7,***,4,*****
159,60.255,25.043,17.4,192602230600,140,9,***,6,*****
160,60.255,25.043,17.4,192602231300,090,11,***,13,*****
161,60.255,25.043,17.4,192602232000,090,11,***,11,*****
162,60.255,25.043,17.4,192602240600,200,11,***,20,*****
163,60.255,25.043,17.4,192602241300,270,9,***,31,*****
164,60.255,25.043,17.4,192602242000,290,5,***,30,*****
165,60.255,25.043,17.4,192602250600,320,2,***,24,*****
166,60.255,25.043,17.4,192602251300,180,7,***,26,*****
167,60.255,25.043,17.4,192602252000,270,7,***,25,*****
168,60.255,25.043,17.4,192602260600,180,7,***,28,*****
169,60.255,25.043,17.4,192602261300,180,11,***,31,*****
170,60.255,25.043,17.4,192602262000,230,11,***,29,*****
171,60.255,25.043,17.4,192602270600,180,16,***,29,*****
172,60.255,25.043,17.4,192602271300,230,14,***,31,*****
173,60.255,25.043,17.4,192602272000,200,11,***,27,*****
174,60.255,25.043,17.4,192602280600,180,11,***,18,*****
175,60.255,25.043,17.4,192602281300,180,9,***,23,*****
176,60.255,25.043,17.4,192602282000,200,9,***,24,*****
177,60.255,25.043,17.4,192603010600,200,14,***,24,*****
178,60.255,25.043,17.4,192603011300,180,16,***,27,*****
179,60.255,25.043,17.4,192603012000,200,18,***,33,*****
180,60.255,25.043,17.4,192603020600,250,19,***,33,*****
181,60.255,25.043,17.4,192603021300,320,18,***,38,*****
182,60.255,25.043,17.4,192603022000,200,11,***,33,*****
183,60.255,25.043,17.4,192603030600,340,24,***,32,*****
184,60.255,25.043,17.4,192603031300,270,11,***,34,*****
185,60.255,25.043,17.4,192603032000,160,16,***,32,*****
186,60.255,25.043,17.4,192603040600,230,16,***,35,*****
187,60.255,25.043,17.4,192603041300,250,11,***,37,*****
188,60.255,25.043,17.4,192603042000,230,14,***,34,*****
189,60.255,25.043,17.4,192603050600,230,11,***,30,*****
190,60.255,25.043,17.4,192603051300,340,14,***,34,*****
191,60.255,25.043,17.4,192603052000,270,9,***,26,*****
192,60.255,25.043,17.4,192603060600,200,11,***,26,*****
193,60.255,25.043,17.4,192603061300,200,14,***,31,*****
194,60.255,25.043,17.4,192603062000,270,7,***,27,*****
195,60.255,25.043,17.4,192603070600,230,5,***,26,*****
196,60.255,25.043,17.4,192603071300,160,7,***,27,*****
197,60.255,25.043,17.4,192603072000,230,5,***,22,*****
198,60.255,25.043,17.4,192603080600,140,5,***,17,*****
199,60.255,25.043,17.4,192603081300,090,14,***,31,*****
200,60.255,25.043,17.4,192603082000,230,14,***,32,*****
201,60.255,25.043,17.4,192603090600,160,18,***,33,*****
202,60.255,25.043,17.4,192603091300,160,16,***,39,*****
203,60.255,25.043,17.4,192603092000,200,11,***,32,*****
204,60.255,25.043,17.4,192603100600,200,7,***,31,*****
205,60.255,25.043,17.4,192603101300,340,14,***,37,*****
206,60.255,25.043,17.4,192603102000,340,19,***,26,*****
207,60.255,25.043,17.4,192603110600,320,11,***,20,*****
208,60.255,25.043,17.4,192603111300,200,11,***,30,*****
209,60.255,25.043,17.4,192603112000,200,18,***,29,*****
210,60.255,25.043,17.4,192603120600,320,11,***,33,*****
211,60.255,25.043,17.4,192603121300,290,18,***,28,*****
212,60.255,25.043,17.4,192603122000,320,16,***,21,*****
213,60.255,25.043,17.4,192603130600,340,18,***,21,*****
214,60.255,25.043,17.4,192603131300,320,24,***,29,*****
215,60.255,25.043,17.4,192603132000,340,19,***,23,*****
216,60.255,25.043,17.4,192603140600,340,22,***,20,*****
217,60.255,25.043,17.4,192603141300,360,29,***,27,*****
218,60.255,25.043,17.4,192603142000,360,19,***,24,*****
219,60.255,25.043,17.4,192603150600,340,16,***,18,*****
220,60.255,25.043,17.4,192603151300,340,22,***,30,*****
221,60.255,25.043,17.4,192603152000,320,14,***,25,*****
222,60.255,25.043,17.4,192603160600,340,14,***,20,*****
223,60.255,25.043,17.4,192603161300,340,18,***,29,*****
224,60.255,25.043,17.4,192603162000,360,9,***,23,*****
225,60.255,25.043,17.4,192603170600,050,7,***,17,*****
226,60.255,25.043,17.4,192603171300,360,11,***,26,*****
227,60.255,25.043,17.4,192603172000,360,9,***,24,*****
228,60.255,25.043,17.4,192603180600,020,9,***,25,*****
229,60.255,25.043,17.4,192603181300,360,9,***,30,*****
230,60.255,25.043,17.4,192603182000,360,5,***,27,*****
231,60.255,25.043,17.4,192603190600,140,9,***,19,*****
232,60.255,25.043,17.4,192603191300,050,9,***,19,*****
233,60.255,25.043,17.4,192603192000,090,5,***,14,*****
234,60.255,25.043,17.4,192603200600,340,11,***,11,*****
235,60.255,25.043,17.4,192603201300,360,16,***,26,*****
236,60.255,25.043,17.4,192603202000,270,7,***,25,*****
237,60.255,25.043,17.4,192603210600,050,5,***,23,*****
238,60.255,25.043,17.4,192603211300,050,9,***,28,*****
239,60.255,25.043,17.4,192603212000,340,7,***,26,*****
240,60.255,25.043,17.4,192603220600,360,5,***,16,*****
241,60.255,25.043,17.4,192603221300,200,9,***,26,*****
242,60.255,25.043,17.4,192603222000,320,9,***,20,*****
243,60.255,25.043,17.4,192603230600,230,7,***,22,*****
244,60.255,25.043,17.4,192603231300,230,7,***,36,*****
245,60.255,25.043,17.4,192603232000,320,9,***,36,*****
246,60.255,25.043,17.4,192603240600,270,16,***,28,*****
247,60.255,25.043,17.4,192603241300,290,22,***,41,*****
248,60.255,25.043,17.4,192603242000,320,14,***,29,*****
249,60.255,25.043,17.4,192603250600,340,18,***,24,*****
250,60.255,25.043,17.4,192603251300,360,22,***,32,*****
251,60.255,25.043,17.4,192603252000,340,11,***,25,*****
252,60.255,25.043,17.4,192603260600,320,7,***,15,*****
253,60.255,25.043,17.4,192603261300,200,14,***,31,*****
254,60.255,25.043,17.4,192603262000,290,9,***,28,*****
255,60.255,25.043,17.4,192603270600,020,2,***,22,*****
256,60.255,25.043,17.4,192603271300,140,7,***,31,*****
257,60.255,25.043,17.4,192603272000,140,14,***,29,*****
258,60.255,25.043,17.4,192603280600,140,14,***,21,*****
259,60.255,25.043,17.4,192603281300,160,14,***,35,*****
260,60.255,25.043,17.4,192603282000,140,14,***,26,*****
261,60.255,25.043,17.4,192603290600,140,9,***,22,*****
262,60.255,25.043,17.4,192603291300,160,14,***,30,*****
263,60.255,25.043,17.4,192603292000,140,14,***,27,*****
264,60.255,25.043,17.4,192603300600,140,11,***,26,*****
265,60.255,25.043,17.4,192603301300,140,14,***,30,*****
266,60.255,25.043,17.4,192603302000,140,11,***,29,*****
267,60.255,25.043,17.4,192603310600,140,9,***,29,*****
268,60.255,25.043,17.4,192603311300,230,9,***,33,*****
269,60.255,25.043,17.4,192603312000,270,9,***,34,*****
270,60.255,25.043,17.4,192604010600,230,7,***,31,*****
271,60.255,25.043,17.4,192604011300,320,18,***,38,*****
272,60.255,25.043,17.4,192604012000,340,16,***,29,*****
273,60.255,25.043,17.4,192604020600,360,16,***,32,*****
274,60.255,25.043,17.4,192604021300,360,16,***,35,*****
275,60.255,25.043,17.4,192604022000,360,11,***,33,*****
276,60.255,25.043,17.4,192604030600,050,9,***,29,*****
277,60.255,25.043,17.4,192604031300,360,9,***,37,*****
278,60.255,25.043,17.4,192604032000,270,2,***,30,*****
279,60.255,25.043,17.4,192604040600,230,11,***,32,*****
280,60.255,25.043,17.4,192604041300,270,9,***,41,*****
281,60.255,25.043,17.4,192604042000,270,7,***,39,*****
282,60.255,25.043,17.4,192604050600,230,9,***,33,*****
283,60.255,25.043,17.4,192604051300,270,11,***,47,*****
284,60.255,25.043,17.4,192604052000,320,16,***,42,*****
285,60.255,25.043,17.4,192604060600,340,11,***,37,*****
286,60.255,25.043,17.4,192604061300,340,7,***,41,*****
287,60.255,25.043,17.4,192604062000,070,16,***,25,*****
288,60.255,25.043,17.4,192604070600,020,9,***,18,*****
289,60.255,25.043,17.4,192604071300,020,9,***,32,*****
290,60.255,25.043,17.4,192604072000,340,5,***,26,*****
291,60.255,25.043,17.4,192604080600,***,0,***,22,*****
292,60.255,25.043,17.4,192604081300,160,9,***,29,*****
293,60.255,25.043,17.4,192604082000,160,7,***,29,*****
294,60.255,25.043,17.4,192604090600,070,7,***,28,*****
295,60.255,25.043,17.4,192604091300,140,11,***,33,*****
296,60.255,25.043,17.4,192604092000,140,7,***,30,*****
297,60.255,25.043,17.4,192604100600,090,7,***,27,*****
298,60.255,25.043,17.4,192604101300,140,5,***,32,*****
299,60.255,25.043,17.4,192604102000,***,0,***,31,*****
300,60.255,25.043,17.4,192604110600,020,14,***,31,*****
301,60.255,25.043,17.4,192604111300,360,16,***,37,*****
302,60.255,25.043,17.4,192604112000,320,11,***,30,*****
303,60.255,25.043,17.4,192604120600,230,14,***,31,*****
304,60.255,25.043,17.4,192604121300,340,16,***,39,*****
305,60.255,25.043,17.4,192604122000,360,9,***,29,*****
306,60.255,25.043,17.4,192604130600,250,7,***,27,*****
307,60.255,25.043,17.4,192604131300,090,9,***,29,*****
308,60.255,25.043,17.4,192604132000,020,9,***,30,*****
309,60.255,25.043,17.4,192604140600,320,7,***,23,*****
310,60.255,25.043,17.4,192604141300,230,11,***,35,*****
311,60.255,25.043,17.4,192604142000,250,5,***,33,*****
312,60.255,25.043,17.4,192604150600,***,0,***,32,*****
313,60.255,25.043,17.4,192604151300,140,9,***,34,*****
314,60.255,25.043,17.4,192604152000,110,9,***,33,*****
315,60.255,25.043,17.4,192604160600,140,7,***,35,*****
316,60.255,25.043,17.4,192604161300,230,9,***,43,*****
317,60.255,25.043,17.4,192604162000,140,9,***,38,*****
318,60.255,25.043,17.4,192604170600,230,2,***,38,*****
319,60.255,25.043,17.4,192604171300,***,0,***,50,*****
320,60.255,25.043,17.4,192604172000,090,7,***,40,*****
321,60.255,25.043,17.4,192604180600,160,11,***,35,*****
322,60.255,25.043,17.4,192604181300,090,11,***,41,*****
323,60.255,25.043,17.4,192604182000,090,11,***,38,*****
324,60.255,25.043,17.4,192604190600,050,7,***,37,*****
325,60.255,25.043,17.4,192604191300,050,7,***,39,*****
326,60.255,25.043,17.4,192604192000,020,5,***,38,*****
327,60.255,25.043,17.4,192604200600,050,7,***,38,*****
328,60.255,25.043,17.4,192604201300,140,9,***,42,*****
329,60.255,25.043,17.4,192604202000,***,0,***,36,*****
330,60.255,25.043,17.4,192604210600,140,7,***,36,*****
331,60.255,25.043,17.4,192604211300,090,9,***,41,*****
332,60.255,25.043,17.4,192604212000,090,11,***,39,*****
333,60.255,25.043,17.4,192604220600,090,11,***,37,*****
334,60.255,25.043,17.4,192604221300,230,11,***,37,*****
335,60.255,25.043,17.4,192604222000,160,5,***,36,*****
336,60.255,25.043,17.4,192604230600,050,7,***,37,*****
337,60.255,25.043,17.4,192604231300,360,9,***,39,*****
338,60.255,25.043,17.4,192604232000,290,7,***,38,*****
339,60.255,25.043,17.4,192604240600,270,5,***,38,*****
340,60.255,25.043,17.4,192604241300,230,7,***,40,*****
341,60.255,25.043,17.4,192604242000,270,5,***,38,*****
342,60.255,25.043,17.4,192604250600,320,7,***,36,*****
343,60.255,25.043,17.4,192604251300,340,9,***,47,*****
344,60.255,25.043,17.4,192604252000,020,7,***,42,*****
345,60.255,25.043,17.4,192604260600,020,5,***,40,*****
346,60.255,25.043,17.4,192604261300,160,9,***,50,*****
347,60.255,25.043,17.4,192604262000,110,5,***,41,*****
348,60.255,25.043,17.4,192604270600,050,7,***,40,*****
349,60.255,25.043,17.4,192604271300,140,7,***,53,*****
350,60.255,25.043,17.4,192604272000,110,5,***,37,*****
351,60.255,25.043,17.4,192604280600,070,9,***,36,*****
352,60.255,25.043,17.4,192604281300,140,9,***,44,*****
353,60.255,25.043,17.4,192604282000,110,5,***,39,*****
354,60.255,25.043,17.4,192604290600,050,7,***,38,*****
355,60.255,25.043,17.4,192604291300,160,7,***,46,*****
356,60.255,25.043,17.4,192604292000,110,5,***,41,*****
357,60.255,25.043,17.4,192604300600,050,7,***,42,*****
358,60.255,25.043,17.4,192604301300,050,7,***,46,*****
359,60.255,25.043,17.4,192604302000,050,11,***,42,*****
360,60.255,25.043,17.4,192605010600,020,9,***,43,*****
361,60.255,25.043,17.4,192605011300,140,5,***,51,*****
362,60.255,25.043,17.4,192605012000,230,2,***,42,*****
363,60.255,25.043,17.4,192605020600,050,9,***,42,*****
364,60.255,25.043,17.4,192605021300,140,11,***,45,*****
365,60.255,25.043,17.4,192605022000,020,18,***,41,*****
366,60.255,25.043,17.4,192605030600,050,16,***,36,*****
367,60.255,25.043,17.4,192605031300,360,14,***,33,*****
368,60.255,25.043,17.4,192605032000,020,7,***,36,*****
369,60.255,25.043,17.4,192605040600,050,11,***,32,*****
370,60.255,25.043,17.4,192605041300,140,9,***,38,*****
371,60.255,25.043,17.4,192605042000,140,5,***,33,*****
372,60.255,25.043,17.4,192605050600,050,14,***,29,*****
373,60.255,25.043,17.4,192605051300,090,14,***,34,*****
374,60.255,25.043,17.4,192605052000,110,11,***,31,*****
375,60.255,25.043,17.4,192605060600,140,11,***,32,*****
376,60.255,25.043,17.4,192605061300,160,16,***,36,*****
377,60.255,25.043,17.4,192605062000,110,11,***,36,*****
378,60.255,25.043,17.4,192605070600,140,9,***,34,*****
379,60.255,25.043,17.4,192605071300,110,9,***,35,*****
380,60.255,25.043,17.4,192605072000,090,7,***,36,*****
381,60.255,25.043,17.4,192605080600,110,7,***,37,*****
382,60.255,25.043,17.4,192605081300,140,9,***,38,*****
383,60.255,25.043,17.4,192605082000,110,7,***,37,*****
384,60.255,25.043,17.4,192605090600,070,7,***,38,*****
385,60.255,25.043,17.4,192605091300,090,11,***,41,*****
386,60.255,25.043,17.4,192605092000,070,11,***,39,*****
387,60.255,25.043,17.4,192605100600,110,11,***,39,*****
388,60.255,25.043,17.4,192605101300,160,16,***,40,*****
389,60.255,25.043,17.4,192605102000,140,9,***,40,*****
390,60.255,25.043,17.4,192605110600,140,5,***,41,*****
391,60.255,25.043,17.4,192605111300,160,7,***,49,*****
392,60.255,25.043,17.4,192605112000,200,7,***,38,*****
393,60.255,25.043,17.4,192605120600,230,7,***,34,*****
394,60.255,25.043,17.4,192605121300,230,7,***,44,*****
395,60.255,25.043,17.4,192605122000,140,5,***,38,*****
396,60.255,25.043,17.4,192605130600,160,14,***,44,*****
397,60.255,25.043,17.4,192605131300,200,2,***,49,*****
398,60.255,25.043,17.4,192605132000,230,7,***,44,*****
399,60.255,25.043,17.4,192605140600,***,0,***,44,*****
400,60.255,25.043,17.4,192605141300,140,5,***,46,*****
401,60.255,25.043,17.4,192605142000,180,2,***,44,*****
402,60.255,25.043,17.4,192605150600,200,9,***,38,*****
403,60.255,25.043,17.4,192605151300,180,7,***,49,*****
404,60.255,25.043,17.4,192605152000,200,7,***,43,*****
405,60.255,25.043,17.4,192605160600,050,5,***,45,*****
406,60.255,25.043,17.4,192605161300,070,9,***,49,*****
407,60.255,25.043,17.4,192605162000,070,11,***,46,*****
408,60.255,25.043,17.4,192605170600,070,11,***,46,*****
409,60.255,25.043,17.4,192605171300,160,7,***,57,*****
410,60.255,25.043,17.4,192605172000,160,7,***,51,*****
411,60.255,25.043,17.4,192605180600,180,7,***,56,*****
412,60.255,25.043,17.4,192605181300,180,7,***,67,*****
413,60.255,25.043,17.4,192605182000,***,0,***,56,*****
414,60.255,25.043,17.4,192605190600,140,5,***,54,*****
415,60.255,25.043,17.4,192605191300,140,7,***,71,*****
416,60.255,25.043,17.4,192605192000,***,0,***,58,*****
417,60.255,25.043,17.4,192605200600,070,9,***,58,*****
418,60.255,25.043,17.4,192605201300,110,14,***,68,*****
419,60.255,25.043,17.4,192605202000,140,14,***,54,*****
420,60.255,25.043,17.4,192605210600,090,11,***,50,*****
421,60.255,25.043,17.4,192605211300,140,9,***,49,*****
422,60.255,25.043,17.4,192605212000,050,5,***,55,*****
423,60.255,25.043,17.4,192605220600,020,5,***,56,*****
424,60.255,25.043,17.4,192605221300,160,7,***,67,*****
425,60.255,25.043,17.4,192605222000,020,7,***,64,*****
426,60.255,25.043,17.4,192605230600,050,7,***,61,*****
427,60.255,25.043,17.4,192605231300,110,7,***,60,*****
428,60.255,25.043,17.4,192605232000,***,0,***,57,*****
429,60.255,25.043,17.4,192605240600,160,5,***,57,*****
430,60.255,25.043,17.4,192605241300,180,7,***,66,*****
431,60.255,25.043,17.4,192605242000,250,7,***,56,*****
432,60.255,25.043,17.4,192605250600,050,18,***,45,*****
433,60.255,25.043,17.4,192605251300,360,14,***,58,*****
434,60.255,25.043,17.4,192605252000,020,9,***,53,*****
435,60.255,25.043,17.4,192605260600,110,2,***,49,*****
436,60.255,25.043,17.4,192605261300,230,14,***,52,*****
437,60.255,25.043,17.4,192605262000,230,7,***,47,*****
438,60.255,25.043,17.4,192605270600,110,7,***,49,*****
439,60.255,25.043,17.4,192605271300,140,9,***,51,*****
440,60.255,25.043,17.4,192605272000,160,5,***,49,*****
441,60.255,25.043,17.4,192605280600,250,2,***,53,*****
442,60.255,25.043,17.4,192605281300,160,7,***,57,*****
443,60.255,25.043,17.4,192605282000,140,5,***,51,*****
444,60.255,25.043,17.4,192605290600,110,14,***,52,*****
445,60.255,25.043,17.4,192605291300,090,16,***,56,*****
446,60.255,25.043,17.4,192605292000,090,16,***,52,*****
447,60.255,25.043,17.4,192605300600,140,14,***,51,*****
448,60.255,25.043,17.4,192605301300,090,16,***,54,*****
449,60.255,25.043,17.4,192605302000,090,7,***,53,*****
450,60.255,25.043,17.4,192605310600,090,2,***,54,*****
451,60.255,25.043,17.4,192605311300,090,5,***,63,*****
452,60.255,25.043,17.4,192605312000,230,7,***,52,*****
453,60.255,25.043,17.4,192606010600,180,7,***,55,*****
454,60.255,25.043,17.4,192606011300,160,5,***,69,*****
455,60.255,25.043,17.4,192606012000,140,7,***,60,*****
456,60.255,25.043,17.4,192606020600,180,11,***,53,*****
457,60.255,25.043,17.4,192606021300,200,11,***,57,*****
458,60.255,25.043,17.4,192606022000,230,7,***,53,*****
459,60.255,25.043,17.4,192606030600,340,2,***,54,*****
460,60.255,25.043,17.4,192606031300,110,7,***,57,*****
461,60.255,25.043,17.4,192606032000,090,5,***,60,*****
462,60.255,25.043,17.4,192606040600,140,7,***,59,*****
463,60.255,25.043,17.4,192606041300,160,5,***,70,*****
464,60.255,25.043,17.4,192606042000,160,5,***,61,*****
465,60.255,25.043,17.4,192606050600,090,5,***,62,*****
466,60.255,25.043,17.4,192606051300,140,5,***,75,*****
467,60.255,25.043,17.4,192606052000,140,5,***,64,*****
468,60.255,25.043,17.4,192606060600,110,5,***,67,*****
469,60.255,25.043,17.4,192606061300,140,9,***,73,*****
470,60.255,25.043,17.4,192606062000,140,5,***,67,*****
471,60.255,25.043,17.4,192606070600,090,7,***,66,*****
472,60.255,25.043,17.4,192606071300,140,9,***,72,*****
473,60.255,25.043,17.4,192606072000,140,5,***,68,*****
474,60.255,25.043,17.4,192606080600,050,5,***,69,*****
475,60.255,25.043,17.4,192606081300,160,9,***,71,*****
476,60.255,25.043,17.4,192606082000,***,0,***,69,*****
477,60.255,25.043,17.4,192606090600,050,14,***,53,*****
478,60.255,25.043,17.4,192606091300,110,14,***,53,*****
479,60.255,25.043,17.4,192606092000,140,11,***,51,*****
480,60.255,25.043,17.4,192606100600,110,11,***,49,*****
481,60.255,25.043,17.4,192606101300,160,16,***,54,*****
482,60.255,25.043,17.4,192606102000,090,11,***,49,*****
483,60.255,25.043,17.4,192606110600,110,11,***,50,*****
484,60.255,25.043,17.4,192606111300,110,16,***,54,*****
485,60.255,25.043,17.4,192606112000,090,11,***,51,*****
486,60.255,25.043,17.4,192606120600,140,9,***,51,*****
487,60.255,25.043,17.4,192606121300,110,11,***,57,*****
488,60.255,25.043,17.4,192606122000,110,7,***,55,*****
489,60.255,25.043,17.4,192606130600,090,2,***,58,*****
490,60.255,25.043,17.4,192606131300,180,7,***,63,*****
491,60.255,25.043,17.4,192606132000,270,7,***,60,*****
492,60.255,25.043,17.4,192606140600,360,5,***,62,*****
493,60.255,25.043,17.4,192606141300,200,9,***,75,*****
494,60.255,25.043,17.4,192606142000,***,0,***,64,*****
495,60.255,25.043,17.4,192606150600,050,5,***,64,*****
496,60.255,25.043,17.4,192606151300,200,7,***,70,*****
497,60.255,25.043,17.4,192606152000,160,2,***,59,*****
498,60.255,25.043,17.4,192606160600,020,7,***,62,*****
499,60.255,25.043,17.4,192606161300,050,11,***,67,*****
500,60.255,25.043,17.4,192606162000,340,11,***,58,*****
501,60.255,25.043,17.4,192606170600,360,11,***,57,*****
502,60.255,25.043,17.4,192606171300,020,9,***,60,*****
503,60.255,25.043,17.4,192606172000,020,9,***,52,*****
504,60.255,25.043,17.4,192606180600,360,9,***,48,*****
505,60.255,25.043,17.4,192606181300,360,11,***,52,*****
506,60.255,25.043,17.4,192606182000,340,9,***,50,*****
507,60.255,25.043,17.4,192606190600,270,9,***,49,*****
508,60.255,25.043,17.4,192606191300,230,14,***,54,*****
509,60.255,25.043,17.4,192606192000,230,11,***,51,*****
510,60.255,25.043,17.4,192606200600,200,7,***,52,*****
511,60.255,25.043,17.4,192606201300,200,9,***,59,*****
512,60.255,25.043,17.4,192606202000,140,7,***,53,*****
513,60.255,25.043,17.4,192606210600,***,0,***,53,*****
514,60.255,25.043,17.4,192606211300,180,7,***,58,*****
515,60.255,25.043,17.4,192606212000,230,9,***,53,*****
516,60.255,25.043,17.4,192606220600,140,11,***,51,*****
517,60.255,25.043,17.4,192606221300,180,11,***,60,*****
518,60.255,25.043,17.4,192606222000,230,7,***,54,*****
519,60.255,25.043,17.4,192606230600,140,7,***,54,*****
520,60.255,25.043,17.4,192606231300,180,14,***,58,*****
521,60.255,25.043,17.4,192606232000,230,11,***,55,*****
522,60.255,25.043,17.4,192606240600,180,9,***,52,*****
523,60.255,25.043,17.4,192606241300,200,9,***,64,*****
524,60.255,25.043,17.4,192606242000,160,5,***,58,*****
525,60.255,25.043,17.4,192606250600,200,2,***,57,*****
526,60.255,25.043,17.4,192606251300,160,7,***,64,*****
527,60.255,25.043,17.4,192606252000,***,0,***,59,*****
528,60.255,25.043,17.4,192606260600,070,5,***,60,*****
529,60.255,25.043,17.4,192606261300,050,9,***,58,*****
530,60.255,25.043,17.4,192606262000,360,7,***,59,*****
531,60.255,25.043,17.4,192606270600,050,5,***,61,*****
532,60.255,25.043,17.4,192606271300,140,2,***,68,*****
533,60.255,25.043,17.4,192606272000,270,5,***,65,*****
534,60.255,25.043,17.4,192606280600,320,11,***,58,*****
535,60.255,25.043,17.4,192606281300,340,7,***,62,*****
536,60.255,25.043,17.4,192606282000,360,2,***,62,*****
537,60.255,25.043,17.4,192606290600,360,9,***,58,*****
538,60.255,25.043,17.4,192606291300,180,7,***,65,*****
539,60.255,25.043,17.4,192606292000,***,0,***,61,*****
540,60.255,25.043,17.4,192606300600,320,11,***,62,*****
541,60.255,25.043,17.4,192606301300,230,9,***,71,*****
542,60.255,25.043,17.4,192606302000,320,7,***,65,*****
543,60.255,25.043,17.4,192607010600,360,11,***,63,*****
544,60.255,25.043,17.4,192607011300,200,9,***,73,*****
545,60.255,25.043,17.4,192607012000,200,5,***,67,*****
546,60.255,25.043,17.4,192607020600,140,2,***,67,*****
547,60.255,25.043,17.4,192607021300,180,9,***,75,*****
548,60.255,25.043,17.4,192607022000,180,7,***,67,*****
549,60.255,25.043,17.4,192607030600,320,5,***,69,*****
550,60.255,25.043,17.4,192607031300,320,7,***,71,*****
551,60.255,25.043,17.4,192607032000,020,9,***,64,*****
552,60.255,25.043,17.4,192607040600,360,7,***,62,*****
553,60.255,25.043,17.4,192607041300,050,9,***,63,*****
554,60.255,25.043,17.4,192607042000,360,9,***,57,*****
555,60.255,25.043,17.4,192607050600,050,14,***,58,*****
556,60.255,25.043,17.4,192607051300,360,9,***,65,*****
557,60.255,25.043,17.4,192607052000,020,5,***,61,*****
558,60.255,25.043,17.4,192607060600,360,5,***,63,*****
559,60.255,25.043,17.4,192607061300,200,11,***,68,*****
560,60.255,25.043,17.4,192607062000,270,11,***,63,*****
561,60.255,25.043,17.4,192607070600,290,5,***,62,*****
562,60.255,25.043,17.4,192607071300,200,9,***,64,*****
563,60.255,25.043,17.4,192607072000,050,7,***,68,*****
564,60.255,25.043,17.4,192607080600,050,9,***,60,*****
565,60.255,25.043,17.4,192607081300,140,9,***,64,*****
566,60.255,25.043,17.4,192607082000,180,5,***,59,*****
567,60.255,25.043,17.4,192607090600,140,2,***,61,*****
568,60.255,25.043,17.4,192607091300,160,9,***,67,*****
569,60.255,25.043,17.4,192607092000,140,5,***,60,*****
570,60.255,25.043,17.4,192607100600,050,7,***,61,*****
571,60.255,25.043,17.4,192607101300,200,9,***,67,*****
572,60.255,25.043,17.4,192607102000,180,7,***,62,*****
573,60.255,25.043,17.4,192607110600,320,5,***,65,*****
574,60.255,25.043,17.4,192607111300,160,9,***,74,*****
575,60.255,25.043,17.4,192607112000,230,7,***,66,*****
576,60.255,25.043,17.4,192607120600,110,7,***,66,*****
577,60.255,25.043,17.4,192607121300,200,11,***,68,*****
578,60.255,25.043,17.4,192607122000,320,9,***,71,*****
579,60.255,25.043,17.4,192607130600,320,9,***,67,*****
580,60.255,25.043,17.4,192607131300,200,14,***,73,*****
581,60.255,25.043,17.4,192607132000,230,11,***,63,*****
582,60.255,25.043,17.4,192607140600,320,14,***,70,*****
583,60.255,25.043,17.4,192607141300,270,14,***,81,*****
584,60.255,25.043,17.4,192607142000,230,9,***,68,*****
585,60.255,25.043,17.4,192607150600,320,16,***,64,*****
586,60.255,25.043,17.4,192607151300,320,16,***,72,*****
587,60.255,25.043,17.4,192607152000,320,11,***,61,*****
588,60.255,25.043,17.4,192607160600,290,11,***,60,*****
589,60.255,25.043,17.4,192607161300,340,9,***,65,*****
590,60.255,25.043,17.4,192607162000,340,7,***,62,*****
591,60.255,25.043,17.4,192607170600,360,7,***,57,*****
592,60.255,25.043,17.4,192607171300,180,7,***,59,*****
593,60.255,25.043,17.4,192607172000,230,9,***,57,*****
594,60.255,25.043,17.4,192607180600,360,2,***,58,*****
595,60.255,25.043,17.4,192607181300,160,9,***,66,*****
596,60.255,25.043,17.4,192607182000,180,5,***,62,*****
597,60.255,25.043,17.4,192607190600,180,5,***,61,*****
598,60.255,25.043,17.4,192607191300,180,14,***,67,*****
599,60.255,25.043,17.4,192607192000,230,9,***,61,*****
600,60.255,25.043,17.4,192607200600,180,2,***,58,*****
601,60.255,25.043,17.4,192607201300,140,5,***,67,*****
602,60.255,25.043,17.4,192607202000,070,7,***,63,*****
603,60.255,25.043,17.4,192607210600,070,9,***,62,*****
604,60.255,25.043,17.4,192607211300,090,11,***,70,*****
605,60.255,25.043,17.4,192607212000,070,9,***,65,*****
606,60.255,25.043,17.4,192607220600,090,18,***,61,*****
607,60.255,25.043,17.4,192607221300,090,16,***,62,*****
608,60.255,25.043,17.4,192607222000,090,16,***,63,*****
609,60.255,25.043,17.4,192607230600,090,14,***,61,*****
610,60.255,25.043,17.4,192607231300,090,11,***,63,*****
611,60.255,25.043,17.4,192607232000,110,7,***,62,*****
612,60.255,25.043,17.4,192607240600,250,7,***,62,*****
613,60.255,25.043,17.4,192607241300,180,14,***,68,*****
614,60.255,25.043,17.4,192607242000,290,11,***,65,*****
615,60.255,25.043,17.4,192607250600,320,7,***,62,*****
616,60.255,25.043,17.4,192607251300,200,11,***,68,*****
617,60.255,25.043,17.4,192607252000,140,5,***,63,*****
618,60.255,25.043,17.4,192607260600,140,9,***,61,*****
619,60.255,25.043,17.4,192607261300,160,5,***,62,*****
620,60.255,25.043,17.4,192607262000,110,2,***,61,*****
621,60.255,25.043,17.4,192607270600,270,5,***,60,*****
622,60.255,25.043,17.4,192607271300,180,5,***,63,*****
623,60.255,25.043,17.4,192607272000,110,5,***,61,*****
624,60.255,25.043,17.4,192607280600,***,0,***,60,*****
625,60.255,25.043,17.4,192607281300,160,7,***,65,*****
626,60.255,25.043,17.4,192607282000,050,5,***,59,*****
627,60.255,25.043,17.4,192607290600,050,5,***,61,*****
628,60.255,25.043,17.4,192607291300,140,11,***,68,*****
629,60.255,25.043,17.4,192607292000,110,2,***,63,*****
630,60.255,25.043,17.4,192607300600,050,7,***,61,*****
631,60.255,25.043,17.4,192607301300,110,9,***,70,*****
632,60.255,25.043,17.4,192607302000,090,5,***,64,*****
633,60.255,25.043,17.4,192607310600,050,11,***,62,*****
634,60.255,25.043,17.4,192607311300,090,16,***,72,*****
635,60.255,25.043,17.4,192607312000,020,9,***,64,*****
636,60.255,25.043,17.4,192608010600,020,9,***,60,*****
637,60.255,25.043,17.4,192608011300,050,14,***,71,*****
638,60.255,25.043,17.4,192608012000,020,5,***,66,*****
639,60.255,25.043,17.4,192608020600,290,9,***,59,*****
640,60.255,25.043,17.4,192608021300,110,9,***,68,*****
641,60.255,25.043,17.4,192608022000,200,2,***,60,*****
642,60.255,25.043,17.4,192608030600,050,7,***,59,*****
643,60.255,25.043,17.4,192608031300,070,5,***,59,*****
644,60.255,25.043,17.4,192608032000,050,5,***,56,*****
645,60.255,25.043,17.4,192608040600,020,7,***,56,*****
646,60.255,25.043,17.4,192608041300,070,7,***,60,*****
647,60.255,25.043,17.4,192608042000,050,7,***,55,*****
648,60.255,25.043,17.4,192608050600,050,7,***,57,*****
649,60.255,25.043,17.4,192608051300,140,9,***,67,*****
650,60.255,25.043,17.4,192608052000,270,7,***,62,*****
651,60.255,25.043,17.4,192608060600,070,7,***,58,*****
652,60.255,25.043,17.4,192608061300,160,7,***,61,*****
653,60.255,25.043,17.4,192608062000,180,5,***,56,*****
654,60.255,25.043,17.4,192608070600,340,5,***,54,*****
655,60.255,25.043,17.4,192608071300,050,7,***,68,*****
656,60.255,25.043,17.4,192608072000,290,5,***,57,*****
657,60.255,25.043,17.4,192608080600,340,5,***,59,*****
658,60.255,25.043,17.4,192608081300,160,7,***,65,*****
659,60.255,25.043,17.4,192608082000,230,5,***,60,*****
660,60.255,25.043,17.4,192608090600,250,5,***,60,*****
661,60.255,25.043,17.4,192608091300,140,11,***,69,*****
662,60.255,25.043,17.4,192608092000,140,7,***,63,*****
663,60.255,25.043,17.4,192608100600,290,7,***,62,*****
664,60.255,25.043,17.4,192608101300,200,11,***,71,*****
665,60.255,25.043,17.4,192608102000,340,7,***,65,*****
666,60.255,25.043,17.4,192608110600,***,0,***,62,*****
667,60.255,25.043,17.4,192608111300,200,7,***,71,*****
668,60.255,25.043,17.4,192608112000,200,7,***,64,*****
669,60.255,25.043,17.4,192608120600,140,5,***,65,*****
670,60.255,25.043,17.4,192608121300,140,9,***,71,*****
671,60.255,25.043,17.4,192608122000,140,11,***,68,*****
672,60.255,25.043,17.4,192608130600,110,7,***,64,*****
673,60.255,25.043,17.4,192608131300,140,5,***,69,*****
674,60.255,25.043,17.4,192608132000,140,7,***,66,*****
675,60.255,25.043,17.4,192608140600,160,7,***,63,*****
676,60.255,25.043,17.4,192608141300,180,9,***,65,*****
677,60.255,25.043,17.4,192608142000,180,7,***,62,*****
678,60.255,25.043,17.4,192608150600,160,9,***,62,*****
679,60.255,25.043,17.4,192608151300,180,14,***,66,*****
680,60.255,25.043,17.4,192608152000,140,11,***,61,*****
681,60.255,25.043,17.4,192608160600,180,9,***,57,*****
682,60.255,25.043,17.4,192608161300,160,9,***,62,*****
683,60.255,25.043,17.4,192608162000,140,5,***,59,*****
684,60.255,25.043,17.4,192608170600,070,9,***,58,*****
685,60.255,25.043,17.4,192608171300,160,14,***,64,*****
686,60.255,25.043,17.4,192608172000,050,7,***,60,*****
687,60.255,25.043,17.4,192608180600,020,7,***,56,*****
688,60.255,25.043,17.4,192608181300,020,2,***,65,*****
689,60.255,25.043,17.4,192608182000,230,7,***,61,*****
690,60.255,25.043,17.4,192608190600,250,5,***,59,*****
691,60.255,25.043,17.4,192608191300,200,14,***,67,*****
692,60.255,25.043,17.4,192608192000,230,7,***,63,*****
693,60.255,25.043,17.4,192608200600,180,7,***,61,*****
694,60.255,25.043,17.4,192608201300,160,7,***,68,*****
695,60.255,25.043,17.4,192608202000,230,9,***,63,*****
696,60.255,25.043,17.4,192608210600,180,14,***,62,*****
697,60.255,25.043,17.4,192608211300,200,16,***,61,*****
698,60.255,25.043,17.4,192608212000,180,16,***,62,*****
699,60.255,25.043,17.4,192608220600,230,14,***,60,*****
700,60.255,25.043,17.4,192608221300,200,14,***,62,*****
701,60.255,25.043,17.4,192608222000,180,9,***,59,*****
702,60.255,25.043,17.4,192608230600,180,7,***,58,*****
703,60.255,25.043,17.4,192608231300,200,9,***,64,*****
704,60.255,25.043,17.4,192608232000,340,11,***,58,*****
705,60.255,25.043,17.4,192608240600,340,18,***,52,*****
706,60.255,25.043,17.4,192608241300,340,16,***,58,*****
707,60.255,25.043,17.4,192608242000,360,14,***,53,*****
708,60.255,25.043,17.4,192608250600,290,9,***,51,*****
709,60.255,25.043,17.4,192608251300,290,14,***,67,*****
710,60.255,25.043,17.4,192608252000,250,9,***,56,*****
711,60.255,25.043,17.4,192608260600,230,7,***,55,*****
712,60.255,25.043,17.4,192608261300,250,11,***,60,*****
713,60.255,25.043,17.4,192608262000,230,7,***,53,*****
714,60.255,25.043,17.4,192608270600,290,5,***,47,*****
715,60.255,25.043,17.4,192608271300,340,7,***,58,*****
716,60.255,25.043,17.4,192608272000,360,11,***,54,*****
717,60.255,25.043,17.4,192608280600,340,11,***,55,*****
718,60.255,25.043,17.4,192608281300,340,14,***,63,*****
719,60.255,25.043,17.4,192608282000,360,11,***,55,*****
720,60.255,25.043,17.4,192608290600,360,9,***,52,*****
721,60.255,25.043,17.4,192608291300,360,14,***,61,*****
722,60.255,25.043,17.4,192608292000,360,9,***,53,*****
723,60.255,25.043,17.4,192608300600,020,9,***,49,*****
724,60.255,25.043,17.4,192608301300,200,7,***,61,*****
725,60.255,25.043,17.4,192608302000,270,7,***,53,*****
726,60.255,25.043,17.4,192608310600,110,7,***,56,*****
727,60.255,25.043,17.4,192608311300,250,11,***,61,*****
728,60.255,25.043,17.4,192608312000,230,9,***,57,*****
729,60.255,25.043,17.4,192609010600,180,11,***,56,*****
730,60.255,25.043,17.4,192609011300,180,9,***,59,*****
731,60.255,25.043,17.4,192609012000,320,11,***,52,*****
732,60.255,25.043,17.4,192609020600,270,9,***,48,*****
733,60.255,25.043,17.4,192609021300,270,16,***,60,*****
734,60.255,25.043,17.4,192609022000,320,7,***,52,*****
735,60.255,25.043,17.4,192609030600,320,9,***,49,*****
736,60.255,25.043,17.4,192609031300,360,11,***,63,*****
737,60.255,25.043,17.4,192609032000,360,7,***,52,*****
738,60.255,25.043,17.4,192609040600,050,2,***,49,*****
739,60.255,25.043,17.4,192609041300,160,5,***,55,*****
740,60.255,25.043,17.4,192609042000,140,7,***,55,*****
741,60.255,25.043,17.4,192609050600,200,7,***,53,*****
742,60.255,25.043,17.4,192609051300,200,9,***,56,*****
743,60.255,25.043,17.4,192609052000,250,9,***,54,*****
744,60.255,25.043,17.4,192609060600,270,5,***,53,*****
745,60.255,25.043,17.4,192609061300,200,9,***,56,*****
746,60.255,25.043,17.4,192609062000,250,7,***,52,*****
747,60.255,25.043,17.4,192609070600,200,9,***,53,*****
748,60.255,25.043,17.4,192609071300,180,14,***,57,*****
749,60.255,25.043,17.4,192609072000,230,7,***,50,*****
750,60.255,25.043,17.4,192609080600,290,9,***,49,*****
751,60.255,25.043,17.4,192609081300,290,14,***,59,*****
752,60.255,25.043,17.4,192609082000,270,14,***,48,*****
753,60.255,25.043,17.4,192609090600,320,16,***,46,*****
754,60.255,25.043,17.4,192609091300,320,22,***,53,*****
755,60.255,25.043,17.4,192609092000,290,9,***,44,*****
756,60.255,25.043,17.4,192609100600,290,7,***,44,*****
757,60.255,25.043,17.4,192609101300,200,9,***,53,*****
758,60.255,25.043,17.4,192609102000,250,7,***,48,*****
759,60.255,25.043,17.4,192609110600,160,2,***,45,*****
760,60.255,25.043,17.4,192609111300,180,9,***,56,*****
761,60.255,25.043,17.4,192609112000,180,11,***,55,*****
762,60.255,25.043,17.4,192609120600,160,14,***,53,*****
763,60.255,25.043,17.4,192609121300,230,11,***,57,*****
764,60.255,25.043,17.4,192609122000,200,11,***,52,*****
765,60.255,25.043,17.4,192609130600,160,7,***,50,*****
766,60.255,25.043,17.4,192609131300,200,11,***,54,*****
767,60.255,25.043,17.4,192609132000,230,7,***,51,*****
768,60.255,25.043,17.4,192609140600,270,9,***,45,*****
769,60.255,25.043,17.4,192609141300,290,14,***,55,*****
770,60.255,25.043,17.4,192609142000,320,9,***,46,*****
771,60.255,25.043,17.4,192609150600,290,5,***,40,*****
772,60.255,25.043,17.4,192609151300,200,9,***,51,*****
773,60.255,25.043,17.4,192609152000,140,7,***,48,*****
774,60.255,25.043,17.4,192609160600,140,18,***,46,*****
775,60.255,25.043,17.4,192609161300,160,11,***,48,*****
776,60.255,25.043,17.4,192609162000,070,5,***,50,*****
777,60.255,25.043,17.4,192609170600,360,14,***,46,*****
778,60.255,25.043,17.4,192609171300,360,14,***,49,*****
779,60.255,25.043,17.4,192609172000,320,9,***,45,*****
780,60.255,25.043,17.4,192609180600,340,5,***,42,*****
781,60.255,25.043,17.4,192609181300,360,11,***,50,*****
782,60.255,25.043,17.4,192609182000,320,9,***,42,*****
783,60.255,25.043,17.4,192609190600,320,9,***,42,*****
784,60.255,25.043,17.4,192609191300,020,9,***,54,*****
785,60.255,25.043,17.4,192609192000,360,7,***,46,*****
786,60.255,25.043,17.4,192609200600,050,5,***,44,*****
787,60.255,25.043,17.4,192609201300,070,9,***,53,*****
788,60.255,25.043,17.4,192609202000,050,7,***,48,*****
789,60.255,25.043,17.4,192609210600,050,7,***,44,*****
790,60.255,25.043,17.4,192609211300,140,7,***,52,*****
791,60.255,25.043,17.4,192609212000,090,7,***,55,*****
792,60.255,25.043,17.4,192609220600,090,7,***,51,*****
793,60.255,25.043,17.4,192609221300,090,7,***,57,*****
794,60.255,25.043,17.4,192609222000,140,5,***,55,*****
795,60.255,25.043,17.4,192609230600,070,7,***,52,*****
796,60.255,25.043,17.4,192609231300,140,11,***,58,*****
797,60.255,25.043,17.4,192609232000,140,7,***,53,*****
798,60.255,25.043,17.4,192609240600,070,7,***,47,*****
799,60.255,25.043,17.4,192609241300,090,9,***,59,*****
800,60.255,25.043,17.4,192609242000,050,9,***,54,*****
801,60.255,25.043,17.4,192609250600,070,9,***,48,*****
802,60.255,25.043,17.4,192609251300,140,7,***,57,*****
803,60.255,25.043,17.4,192609252000,070,7,***,53,*****
804,60.255,25.043,17.4,192609260600,090,9,***,50,*****
805,60.255,25.043,17.4,192609261300,090,7,***,51,*****
806,60.255,25.043,17.4,192609262000,070,7,***,48,*****
807,60.255,25.043,17.4,192609270600,050,7,***,46,*****
808,60.255,25.043,17.4,192609271300,110,9,***,50,*****
809,60.255,25.043,17.4,192609272000,090,7,***,49,*****
810,60.255,25.043,17.4,192609280600,090,11,***,46,*****
811,60.255,25.043,17.4,192609281300,160,14,***,47,*****
812,60.255,25.043,17.4,192609282000,140,14,***,46,*****
813,60.255,25.043,17.4,192609290600,160,9,***,48,*****
814,60.255,25.043,17.4,192609291300,140,9,***,49,*****
815,60.255,25.043,17.4,192609292000,140,7,***,49,*****
816,60.255,25.043,17.4,192609300600,320,7,***,49,*****
817,60.255,25.043,17.4,192609301300,320,9,***,51,*****
818,60.255,25.043,17.4,192609302000,250,9,***,47,*****
819,60.255,25.043,17.4,192610010600,230,11,***,51,*****
820,60.255,25.043,17.4,192610011300,230,18,***,54,*****
821,60.255,25.043,17.4,192610012000,250,14,***,51,*****
822,60.255,25.043,17.4,192610020600,290,7,***,44,*****
823,60.255,25.043,17.4,192610021300,290,11,***,52,*****
824,60.255,25.043,17.4,192610022000,290,9,***,44,*****
825,60.255,25.043,17.4,192610030600,230,5,***,39,*****
826,60.255,25.043,17.4,192610031300,180,14,***,47,*****
827,60.255,25.043,17.4,192610032000,050,18,***,38,*****
828,60.255,25.043,17.4,192610040600,290,9,***,36,*****
829,60.255,25.043,17.4,192610041300,360,18,***,46,*****
830,60.255,25.043,17.4,192610042000,320,9,***,37,*****
831,60.255,25.043,17.4,192610050600,270,7,***,41,*****
832,60.255,25.043,17.4,192610051300,320,18,***,51,*****
833,60.255,25.043,17.4,192610052000,320,19,***,45,*****
834,60.255,25.043,17.4,192610060600,340,11,***,38,*****
835,60.255,25.043,17.4,192610061300,050,14,***,46,*****
836,60.255,25.043,17.4,192610062000,360,7,***,37,*****
837,60.255,25.043,17.4,192610070600,050,5,***,29,*****
838,60.255,25.043,17.4,192610071300,140,5,***,40,*****
839,60.255,25.043,17.4,192610072000,180,5,***,44,*****
840,60.255,25.043,17.4,192610080600,230,9,***,48,*****
841,60.255,25.043,17.4,192610081300,200,11,***,52,*****
842,60.255,25.043,17.4,192610082000,140,14,***,48,*****
843,60.255,25.043,17.4,192610090600,180,14,***,50,*****
844,60.255,25.043,17.4,192610091300,180,11,***,51,*****
845,60.255,25.043,17.4,192610092000,140,14,***,52,*****
846,60.255,25.043,17.4,192610100600,140,16,***,51,*****
847,60.255,25.043,17.4,192610101300,180,18,***,53,*****
848,60.255,25.043,17.4,192610102000,160,19,***,50,*****
849,60.255,25.043,17.4,192610110600,230,16,***,47,*****
850,60.255,25.043,17.4,192610111300,250,18,***,45,*****
851,60.255,25.043,17.4,192610112000,250,18,***,43,*****
852,60.255,25.043,17.4,192610120600,250,11,***,39,*****
853,60.255,25.043,17.4,192610121300,160,5,***,46,*****
854,60.255,25.043,17.4,192610122000,090,5,***,44,*****
855,60.255,25.043,17.4,192610130600,020,11,***,34,*****
856,60.255,25.043,17.4,192610131300,360,9,***,40,*****
857,60.255,25.043,17.4,192610132000,050,5,***,39,*****
858,60.255,25.043,17.4,192610140600,020,5,***,33,*****
859,60.255,25.043,17.4,192610141300,250,5,***,40,*****
860,60.255,25.043,17.4,192610142000,090,5,***,38,*****
861,60.255,25.043,17.4,192610150600,360,14,***,34,*****
862,60.255,25.043,17.4,192610151300,360,14,***,39,*****
863,60.255,25.043,17.4,192610152000,360,9,***,35,*****
864,60.255,25.043,17.4,192610160600,320,11,***,30,*****
865,60.255,25.043,17.4,192610161300,270,11,***,40,*****
866,60.255,25.043,17.4,192610162000,320,9,***,32,*****
867,60.255,25.043,17.4,192610170600,340,7,***,32,*****
868,60.255,25.043,17.4,192610171300,320,5,***,39,*****
869,60.255,25.043,17.4,192610172000,320,5,***,32,*****
870,60.255,25.043,17.4,192610180600,***,0,***,31,*****
871,60.255,25.043,17.4,192610181300,180,5,***,39,*****
872,60.255,25.043,17.4,192610182000,180,11,***,38,*****
873,60.255,25.043,17.4,192610190600,140,7,***,36,*****
874,60.255,25.043,17.4,192610191300,360,9,***,35,*****
875,60.255,25.043,17.4,192610192000,050,7,***,33,*****
876,60.255,25.043,17.4,192610200600,320,9,***,29,*****
877,60.255,25.043,17.4,192610201300,320,9,***,33,*****
878,60.255,25.043,17.4,192610202000,320,7,***,30,*****
879,60.255,25.043,17.4,192610210600,290,5,***,29,*****
880,60.255,25.043,17.4,192610211300,050,5,***,33,*****
881,60.255,25.043,17.4,192610212000,140,9,***,33,*****
882,60.255,25.043,17.4,192610220600,140,9,***,36,*****
883,60.255,25.043,17.4,192610221300,140,11,***,37,*****
884,60.255,25.043,17.4,192610222000,110,16,***,37,*****
885,60.255,25.043,17.4,192610230600,050,19,***,32,*****
886,60.255,25.043,17.4,192610231300,050,18,***,31,*****
887,60.255,25.043,17.4,192610232000,050,16,***,28,*****
888,60.255,25.043,17.4,192610240600,340,14,***,27,*****
889,60.255,25.043,17.4,192610241300,320,16,***,31,*****
890,60.255,25.043,17.4,192610242000,360,9,***,22,*****
891,60.255,25.043,17.4,192610250600,320,9,***,24,*****
892,60.255,25.043,17.4,192610251300,360,9,***,27,*****
893,60.255,25.043,17.4,192610252000,360,7,***,23,*****
894,60.255,25.043,17.4,192610260600,340,5,***,14,*****
895,60.255,25.043,17.4,192610261300,050,5,***,29,*****
896,60.255,25.043,17.4,192610262000,110,5,***,23,*****
897,60.255,25.043,17.4,192610270600,070,11,***,29,*****
898,60.255,25.043,17.4,192610271300,140,14,***,32,*****
899,60.255,25.043,17.4,192610272000,160,2,***,32,*****
900,60.255,25.043,17.4,192610280600,070,5,***,31,*****
901,60.255,25.043,17.4,192610281300,050,7,***,33,*****
902,60.255,25.043,17.4,192610282000,050,9,***,27,*****
903,60.255,25.043,17.4,192610290600,050,2,***,25,*****
904,60.255,25.043,17.4,192610291300,320,7,***,29,*****
905,60.255,25.043,17.4,192610292000,090,5,***,28,*****
906,60.255,25.043,17.4,192610300600,050,11,***,26,*****
907,60.255,25.043,17.4,192610301300,090,16,***,34,*****
908,60.255,25.043,17.4,192610302000,140,14,***,35,*****
909,60.255,25.043,17.4,192610310600,270,14,***,32,*****
910,60.255,25.043,17.4,192610311300,270,11,***,34,*****
911,60.255,25.043,17.4,192610312000,290,11,***,31,*****
912,60.255,25.043,17.4,192611010600,360,7,***,24,*****
913,60.255,25.043,17.4,192611011300,050,5,***,25,*****
914,60.255,25.043,17.4,192611012000,050,9,***,22,*****
915,60.255,25.043,17.4,192611020600,290,7,***,15,*****
916,60.255,25.043,17.4,192611021300,290,11,***,32,*****
917,60.255,25.043,17.4,192611022000,320,7,***,25,*****
918,60.255,25.043,17.4,192611030600,050,2,***,19,*****
919,60.255,25.043,17.4,192611031300,160,11,***,34,*****
920,60.255,25.043,17.4,192611032000,140,16,***,33,*****
921,60.255,25.043,17.4,192611040600,160,7,***,35,*****
922,60.255,25.043,17.4,192611041300,020,2,***,34,*****
923,60.255,25.043,17.4,192611042000,***,0,***,32,*****
924,60.255,25.043,17.4,192611050600,180,9,***,39,*****
925,60.255,25.043,17.4,192611051300,160,7,***,39,*****
926,60.255,25.043,17.4,192611052000,180,7,***,40,*****
927,60.255,25.043,17.4,192611060600,140,11,***,40,*****
928,60.255,25.043,17.4,192611061300,140,11,***,39,*****
929,60.255,25.043,17.4,192611062000,140,7,***,41,*****
930,60.255,25.043,17.4,192611070600,180,5,***,42,*****
931,60.255,25.043,17.4,192611071300,140,9,***,42,*****
932,60.255,25.043,17.4,192611072000,140,16,***,41,*****
933,60.255,25.043,17.4,192611080600,140,11,***,46,*****
934,60.255,25.043,17.4,192611081300,140,7,***,45,*****
935,60.255,25.043,17.4,192611082000,140,7,***,46,*****
936,60.255,25.043,17.4,192611090600,230,7,***,44,*****
937,60.255,25.043,17.4,192611091300,140,9,***,44,*****
938,60.255,25.043,17.4,192611092000,140,11,***,44,*****
939,60.255,25.043,17.4,192611100600,180,18,***,45,*****
940,60.255,25.043,17.4,192611101300,140,14,***,44,*****
941,60.255,25.043,17.4,192611102000,180,11,***,43,*****
942,60.255,25.043,17.4,192611110600,230,9,***,43,*****
943,60.255,25.043,17.4,192611111300,230,9,***,44,*****
944,60.255,25.043,17.4,192611112000,230,7,***,42,*****
945,60.255,25.043,17.4,192611120600,230,5,***,38,*****
946,60.255,25.043,17.4,192611121300,140,7,***,39,*****
947,60.255,25.043,17.4,192611122000,140,9,***,39,*****
948,60.255,25.043,17.4,192611130600,140,5,***,41,*****
949,60.255,25.043,17.4,192611131300,140,9,***,41,*****
950,60.255,25.043,17.4,192611132000,140,9,***,41,*****
951,60.255,25.043,17.4,192611140600,140,14,***,44,*****
952,60.255,25.043,17.4,192611141300,140,11,***,45,*****
953,60.255,25.043,17.4,192611142000,180,16,***,47,*****
954,60.255,25.043,17.4,192611150600,230,14,***,44,*****
955,60.255,25.043,17.4,192611151300,230,16,***,45,*****
956,60.255,25.043,17.4,192611152000,230,14,***,44,*****
957,60.255,25.043,17.4,192611160600,230,11,***,41,*****
958,60.255,25.043,17.4,192611161300,230,11,***,41,*****
959,60.255,25.043,17.4,192611162000,290,16,***,37,*****
960,60.255,25.043,17.4,192611170600,290,9,***,37,*****
961,60.255,25.043,17.4,192611171300,340,11,***,36,*****
962,60.255,25.043,17.4,192611172000,020,5,***,33,*****
963,60.255,25.043,17.4,192611180600,140,16,***,36,*****
964,60.255,25.043,17.4,192611181300,160,14,***,40,*****
965,60.255,25.043,17.4,192611182000,230,14,***,40,*****
966,60.255,25.043,17.4,192611190600,270,9,***,37,*****
967,60.255,25.043,17.4,192611191300,070,5,***,36,*****
968,60.255,25.043,17.4,192611192000,050,9,***,36,*****
969,60.255,25.043,17.4,192611200600,090,16,***,38,*****
970,60.255,25.043,17.4,192611201300,110,18,***,39,*****
971,60.255,25.043,17.4,192611202000,090,18,***,41,*****
972,60.255,25.043,17.4,192611210600,200,9,***,44,*****
973,60.255,25.043,17.4,192611211300,140,7,***,44,*****
974,60.255,25.043,17.4,192611212000,140,7,***,43,*****
975,60.255,25.043,17.4,192611220600,140,9,***,44,*****
976,60.255,25.043,17.4,192611221300,200,9,***,44,*****
977,60.255,25.043,17.4,192611222000,200,11,***,43,*****
978,60.255,25.043,17.4,192611230600,180,7,***,43,*****
979,60.255,25.043,17.4,192611231300,160,5,***,42,*****
980,60.255,25.043,17.4,192611232000,340,11,***,40,*****
981,60.255,25.043,17.4,192611240600,290,14,***,40,*****
982,60.255,25.043,17.4,192611241300,270,14,***,41,*****
983,60.255,25.043,17.4,192611242000,270,9,***,40,*****
984,60.255,25.043,17.4,192611250600,320,5,***,36,*****
985,60.255,25.043,17.4,192611251300,320,7,***,35,*****
986,60.255,25.043,17.4,192611252000,340,7,***,31,*****
987,60.255,25.043,17.4,192611260600,200,2,***,33,*****
988,60.255,25.043,17.4,192611261300,070,5,***,34,*****
989,60.255,25.043,17.4,192611262000,050,7,***,31,*****
990,60.255,25.043,17.4,192611270600,050,9,***,31,*****
991,60.255,25.043,17.4,192611271300,050,9,***,31,*****
992,60.255,25.043,17.4,192611272000,050,7,***,32,*****
993,60.255,25.043,17.4,192611280600,320,7,***,29,*****
994,60.255,25.043,17.4,192611281300,290,9,***,32,*****
995,60.255,25.043,17.4,192611282000,250,7,***,33,*****
996,60.255,25.043,17.4,192611290600,360,11,***,30,*****
997,60.255,25.043,17.4,192611291300,050,9,***,29,*****
998,60.255,25.043,17.4,192611292000,020,9,***,24,*****
999,60.255,25.043,17.4,192611300600,050,7,***,19,*****
1000,60.255,25.043,17.4,192611301300,050,7,***,18,*****
1001,60.255,25.043,17.4,192611302000,050,7,***,15,*****
1002,60.255,25.043,17.4,192612010600,050,9,***,15,*****
1003,60.255,25.043,17.4,192612011300,050,9,***,15,*****
1004,60.255,25.043,17.4,192612012000,050,9,***,16,*****
1005,60.255,25.043,17.4,192612020600,050,5,***,13,*****
1006,60.255,25.043,17.4,192612021300,020,5,***,15,*****
1007,60.255,25.043,17.4,192612022000,050,5,***,11,*****
1008,60.255,25.043,17.4,192612030600,050,5,***,15,*****
1009,60.255,25.043,17.4,192612031300,180,11,***,33,*****
1010,60.255,25.043,17.4,192612032000,230,11,***,35,*****
1011,60.255,25.043,17.4,192612040600,140,18,***,29,*****
1012,60.255,25.043,17.4,192612041300,140,14,***,28,*****
1013,60.255,25.043,17.4,192612042000,140,14,***,29,*****
1014,60.255,25.043,17.4,192612050600,140,11,***,27,*****
1015,60.255,25.043,17.4,192612051300,140,5,***,30,*****
1016,60.255,25.043,17.4,192612052000,320,5,***,28,*****
1017,60.255,25.043,17.4,192612060600,320,9,***,20,*****
1018,60.255,25.043,17.4,192612061300,140,2,***,24,*****
1019,60.255,25.043,17.4,192612062000,200,11,***,35,*****
1020,60.255,25.043,17.4,192612070600,140,11,***,35,*****
1021,60.255,25.043,17.4,192612071300,200,7,***,37,*****
1022,60.255,25.043,17.4,192612072000,290,7,***,33,*****
1023,60.255,25.043,17.4,192612080600,180,14,***,37,*****
1024,60.255,25.043,17.4,192612081300,180,14,***,35,*****
1025,60.255,25.043,17.4,192612082000,230,14,***,34,*****
1026,60.255,25.043,17.4,192612090600,140,9,***,34,*****
1027,60.255,25.043,17.4,192612091300,250,7,***,35,*****
1028,60.255,25.043,17.4,192612092000,180,7,***,36,*****
1029,60.255,25.043,17.4,192612100600,230,11,***,36,*****
1030,60.255,25.043,17.4,192612101300,340,11,***,37,*****
1031,60.255,25.043,17.4,192612102000,320,11,***,32,*****
1032,60.255,25.043,17.4,192612110600,290,7,***,29,*****
1033,60.255,25.043,17.4,192612111300,250,16,***,37,*****
1034,60.255,25.043,17.4,192612112000,290,14,***,35,*****
1035,60.255,25.043,17.4,192612120600,320,16,***,36,*****
1036,60.255,25.043,17.4,192612121300,360,11,***,32,*****
1037,60.255,25.043,17.4,192612122000,320,9,***,24,*****
1038,60.255,25.043,17.4,192612130600,320,9,***,21,*****
1039,60.255,25.043,17.4,192612131300,320,9,***,21,*****
1040,60.255,25.043,17.4,192612132000,360,9,***,20,*****
1041,60.255,25.043,17.4,192612140600,290,7,***,25,*****
1042,60.255,25.043,17.4,192612141300,200,7,***,27,*****
1043,60.255,25.043,17.4,192612142000,320,5,***,23,*****
1044,60.255,25.043,17.4,192612150600,360,9,***,23,*****
1045,60.255,25.043,17.4,192612151300,320,9,***,21,*****
1046,60.255,25.043,17.4,192612152000,320,9,***,21,*****
1047,60.255,25.043,17.4,192612160600,020,5,***,19,*****
1048,60.255,25.043,17.4,192612161300,340,7,***,19,*****
1049,60.255,25.043,17.4,192612162000,320,7,***,18,*****
1050,60.255,25.043,17.4,192612170600,050,9,***,15,*****
1051,60.255,25.043,17.4,192612171300,050,9,***,10,*****
1052,60.255,25.043,17.4,192612172000,050,9,***,6,*****
1053,60.255,25.043,17.4,192612180600,050,5,***,3,*****
1054,60.255,25.043,17.4,192612181300,050,9,***,9,*****
1055,60.255,25.043,17.4,192612182000,050,9,***,9,*****
1056,60.255,25.043,17.4,192612190600,020,7,***,8,*****
1057,60.255,25.043,17.4,192612191300,020,7,***,12,*****
1058,60.255,25.043,17.4,192612192000,070,5,***,13,*****
1059,60.255,25.043,17.4,192612200600,070,2,***,15,*****
1060,60.255,25.043,17.4,192612201300,140,11,***,19,*****
1061,60.255,25.043,17.4,192612202000,140,11,***,19,*****
1062,60.255,25.043,17.4,192612210600,140,11,***,20,*****
1063,60.255,25.043,17.4,192612211300,020,7,***,17,*****
1064,60.255,25.043,17.4,192612212000,050,9,***,5,*****
1065,60.255,25.043,17.4,192612220600,070,7,***,0,*****
1066,60.255,25.043,17.4,192612221300,020,5,***,0,*****
1067,60.255,25.043,17.4,192612222000,020,2,***,-2,*****
1068,60.255,25.043,17.4,192612230600,270,11,***,22,*****
1069,60.255,25.043,17.4,192612231300,290,7,***,27,*****
1070,60.255,25.043,17.4,192612232000,320,7,***,26,*****
1071,60.255,25.043,17.4,192612240600,290,7,***,24,*****
1072,60.255,25.043,17.4,192612241300,270,7,***,29,*****
1073,60.255,25.043,17.4,192612242000,270,9,***,29,*****
1074,60.255,25.043,17.4,192612250600,320,16,***,33,*****
1075,60.255,25.043,17.4,192612251300,360,22,***,31,*****
1076,60.255,25.043,17.4,192612252000,020,9,***,20,*****
1077,60.255,25.043,17.4,192612260600,270,11,***,22,*****
1078,60.255,25.043,17.4,192612261300,270,19,***,30,*****
1079,60.255,25.043,17.4,192612262000,270,18,***,34,*****
1080,60.255,25.043,17.4,192612270600,270,16,***,33,*****
1081,60.255,25.043,17.4,192612271300,250,9,***,35,*****
1082,60.255,25.043,17.4,192612272000,270,11,***,36,*****
1083,60.255,25.043,17.4,192612280600,290,14,***,36,*****
1084,60.255,25.043,17.4,192612281300,360,16,***,36,*****
1085,60.255,25.043,17.4,192612282000,360,16,***,18,*****
1086,60.255,25.043,17.4,192612290600,050,14,***,12,*****
1087,60.255,25.043,17.4,192612291300,050,11,***,9,*****
1088,60.255,25.043,17.4,192612292000,050,9,***,3,*****
1089,60.255,25.043,17.4,192612300600,050,2,***,7,*****
1090,60.255,25.043,17.4,192612301300,140,11,***,17,*****
1091,60.255,25.043,17.4,192612302000,140,14,***,17,*****
1092,60.255,25.043,17.4,192612310600,110,7,***,19,*****
1093,60.255,25.043,17.4,192612311300,050,9,***,16,*****
1094,60.255,25.043,17.4,192612312000,360,7,***,5,*****
