,Lat,Lon,Ele,YR--MODAHRMN,DIR,SPD,GUS,TEMP,ALT
0,60.255,25.043,17.4,193103010600,140,6,***,1,*****
1,60.255,25.043,17.4,193103011200,090,15,***,10,*****
2,60.255,25.043,17.4,193103011800,070,15,***,10,*****
3,60.255,25.043,17.4,193103020600,020,15,***,9,*****
4,60.255,25.043,17.4,193103021200,050,15,***,14,*****
5,60.255,25.043,17.4,193103021800,360,10,***,14,*****
6,60.255,25.043,17.4,193103030600,***,0,***,3,*****
7,60.255,25.043,17.4,193103031800,230,6,***,16,*****
8,60.255,25.043,17.4,193103040600,140,2,***,****,*****
9,60.255,25.043,17.4,193103041200,110,6,***,16,*****
10,60.255,25.043,17.4,193103041800,160,2,***,12,*****
11,60.255,25.043,17.4,193103050600,050,10,***,9,*****
12,60.255,25.043,17.4,193103051200,360,21,***,16,*****
13,60.255,25.043,17.4,193103051800,360,21,***,16,*****
14,60.255,25.043,17.4,193103060600,050,21,***,18,*****
15,60.255,25.043,17.4,193103070600,050,10,***,21,*****
16,60.255,25.043,17.4,193103071200,090,10,***,23,*****
17,60.255,25.043,17.4,193103071800,090,6,***,19,*****
18,60.255,25.043,17.4,193103080600,050,6,***,9,*****
19,60.255,25.043,17.4,193103081200,090,6,***,16,*****
20,60.255,25.043,17.4,193103081800,180,2,***,9,*****
21,60.255,25.043,17.4,193103090600,***,0,***,9,*****
22,60.255,25.043,17.4,193103091200,***,0,***,21,*****
23,60.255,25.043,17.4,193103091800,180,6,***,19,*****
24,60.255,25.043,17.4,193103100600,140,2,***,19,*****
25,60.255,25.043,17.4,193103101200,230,6,***,23,*****
26,60.255,25.043,17.4,193103110600,110,10,***,19,*****
27,60.255,25.043,17.4,193103111800,110,15,***,23,*****
28,60.255,25.043,17.4,193103120600,230,10,***,25,*****
29,60.255,25.043,17.4,193103121800,160,10,***,21,*****
30,60.255,25.043,17.4,193103130600,***,0,***,23,*****
31,60.255,25.043,17.4,193103131200,230,10,***,27,*****
32,60.255,25.043,17.4,193103140600,290,10,***,18,*****
33,60.255,25.043,17.4,193103151800,360,6,***,18,*****
34,60.255,25.043,17.4,193103161200,360,21,***,25,*****
35,60.255,25.043,17.4,193103161800,020,15,***,21,*****
36,60.255,25.043,17.4,193103170600,360,10,***,16,*****
37,60.255,25.043,17.4,193103171200,320,10,***,27,*****
38,60.255,25.043,17.4,193103181200,270,15,***,****,*****
39,60.255,25.043,17.4,193103181800,320,15,***,25,*****
40,60.255,25.043,17.4,193103190600,020,10,***,28,*****
41,60.255,25.043,17.4,193103191200,360,10,***,36,*****
42,60.255,25.043,17.4,193103191800,***,0,***,16,*****
43,60.255,25.043,17.4,193103200600,230,6,***,25,*****
44,60.255,25.043,17.4,193103201200,230,6,***,36,*****
45,60.255,25.043,17.4,193103201800,270,10,***,32,*****
46,60.255,25.043,17.4,193103210600,230,10,***,30,*****
47,60.255,25.043,17.4,193103211200,230,10,***,37,*****
48,60.255,25.043,17.4,193103211800,250,10,***,37,*****
49,60.255,25.043,17.4,193103220600,230,10,***,32,*****
50,60.255,25.043,17.4,193103221200,230,10,***,37,*****
51,60.255,25.043,17.4,193103221800,230,10,***,34,*****
52,60.255,25.043,17.4,193103230600,200,6,***,30,*****
53,60.255,25.043,17.4,193103231200,230,6,***,36,*****
54,60.255,25.043,17.4,193103231800,250,6,***,34,*****
55,60.255,25.043,17.4,193103240600,050,6,***,36,*****
56,60.255,25.043,17.4,193103241200,320,10,***,41,*****
57,60.255,25.043,17.4,193103241800,360,21,***,34,*****
58,60.255,25.043,17.4,193103251800,340,10,***,27,*****
59,60.255,25.043,17.4,193103261200,200,10,***,39,*****
60,60.255,25.043,17.4,193103261800,320,15,***,41,*****
61,60.255,25.043,17.4,193103270600,270,6,***,37,*****
62,60.255,25.043,17.4,193103271800,230,15,***,36,*****
63,60.255,25.043,17.4,193103280600,320,15,***,28,*****
64,60.255,25.043,17.4,193103281200,320,15,***,27,*****
65,60.255,25.043,17.4,193103281800,360,15,***,23,*****
66,60.255,25.043,17.4,193103290600,360,21,***,21,*****
67,60.255,25.043,17.4,193103291200,050,21,***,27,*****
68,60.255,25.043,17.4,193103291800,020,10,***,25,*****
69,60.255,25.043,17.4,193103300600,020,10,***,19,*****
70,60.255,25.043,17.4,193103301200,020,15,***,30,*****
71,60.255,25.043,17.4,193103301800,***,***,***,28,*****
72,60.255,25.043,17.4,193103310600,050,15,***,23,*****
73,60.255,25.043,17.4,193103311200,020,15,***,34,*****
74,60.255,25.043,17.4,193103311800,340,10,***,32,*****
75,60.255,25.043,17.4,193104010600,050,15,***,27,*****
76,60.255,25.043,17.4,193104011200,020,21,***,30,*****
77,60.255,25.043,17.4,193104011800,050,10,***,27,*****
78,60.255,25.043,17.4,193104020600,360,10,***,25,*****
79,60.255,25.043,17.4,193104021200,090,10,***,28,*****
80,60.255,25.043,17.4,193104021800,050,6,***,25,*****
81,60.255,25.043,17.4,193104030600,020,6,***,25,*****
82,60.255,25.043,17.4,193104031200,230,6,***,30,*****
83,60.255,25.043,17.4,193104031800,160,10,***,27,*****
84,60.255,25.043,17.4,193104040600,200,10,***,28,*****
85,60.255,25.043,17.4,193104041200,200,10,***,32,*****
86,60.255,25.043,17.4,193104041800,180,15,***,30,*****
87,60.255,25.043,17.4,193104050600,180,10,***,30,*****
88,60.255,25.043,17.4,193104051200,140,10,***,34,*****
89,60.255,25.043,17.4,193104051800,140,10,***,32,*****
90,60.255,25.043,17.4,193104061200,180,15,***,36,*****
91,60.255,25.043,17.4,193104061800,230,10,***,34,*****
92,60.255,25.043,17.4,193104070600,290,6,***,34,*****
93,60.255,25.043,17.4,193104071200,340,15,***,32,*****
94,60.255,25.043,17.4,193104071800,360,15,***,27,*****
95,60.255,25.043,17.4,193104080600,020,21,***,25,*****
96,60.255,25.043,17.4,193104081200,050,21,***,30,*****
97,60.255,25.043,17.4,193104081800,360,15,***,28,*****
98,60.255,25.043,17.4,193104090600,020,15,***,32,*****
99,60.255,25.043,17.4,193104091200,020,15,***,36,*****
100,60.255,25.043,17.4,193104091800,360,15,***,34,*****
101,60.255,25.043,17.4,193104100600,020,10,***,36,*****
102,60.255,25.043,17.4,193104101200,340,10,***,36,*****
103,60.255,25.043,17.4,193104101800,340,10,***,34,*****
104,60.255,25.043,17.4,193104110600,340,10,***,36,*****
105,60.255,25.043,17.4,193104111200,320,10,***,37,*****
106,60.255,25.043,17.4,193104111800,290,10,***,36,*****
107,60.255,25.043,17.4,193104120600,070,6,***,32,*****
108,60.255,25.043,17.4,193104121200,090,10,***,32,*****
109,60.255,25.043,17.4,193104121800,070,10,***,30,*****
110,60.255,25.043,17.4,193104130600,050,6,***,34,*****
111,60.255,25.043,17.4,193104131200,160,6,***,37,*****
112,60.255,25.043,17.4,193104131800,270,6,***,32,*****
113,60.255,25.043,17.4,193104140600,360,6,***,36,*****
114,60.255,25.043,17.4,193104141200,340,6,***,39,*****
115,60.255,25.043,17.4,193104141800,340,6,***,36,*****
116,60.255,25.043,17.4,193104150600,290,6,***,37,*****
117,60.255,25.043,17.4,193104151200,140,10,***,43,*****
118,60.255,25.043,17.4,193104151800,090,6,***,32,*****
119,60.255,25.043,17.4,193104160600,140,6,***,34,*****
120,60.255,25.043,17.4,193104161200,140,6,***,34,*****
121,60.255,25.043,17.4,193104161800,200,6,***,34,*****
122,60.255,25.043,17.4,193104170600,020,2,***,32,*****
123,60.255,25.043,17.4,193104171200,160,10,***,37,*****
124,60.255,25.043,17.4,193104171800,090,6,***,34,*****
125,60.255,25.043,17.4,193104180600,050,6,***,37,*****
126,60.255,25.043,17.4,193104181200,050,10,***,43,*****
127,60.255,25.043,17.4,193104181800,050,10,***,37,*****
128,60.255,25.043,17.4,193104190600,090,6,***,36,*****
129,60.255,25.043,17.4,193104191200,140,6,***,37,*****
130,60.255,25.043,17.4,193104191800,020,6,***,37,*****
131,60.255,25.043,17.4,193104200600,070,6,***,****,*****
132,60.255,25.043,17.4,193104201200,140,6,***,37,*****
133,60.255,25.043,17.4,193104201800,140,6,***,36,*****
134,60.255,25.043,17.4,193104210600,050,10,***,34,*****
135,60.255,25.043,17.4,193104211200,070,6,***,37,*****
136,60.255,25.043,17.4,193104211800,360,6,***,36,*****
137,60.255,25.043,17.4,193104220600,050,6,***,36,*****
138,60.255,25.043,17.4,193104221200,090,10,***,39,*****
139,60.255,25.043,17.4,193104221800,090,10,***,39,*****
140,60.255,25.043,17.4,193104230600,140,15,***,39,*****
141,60.255,25.043,17.4,193104231200,140,6,***,32,*****
142,60.255,25.043,17.4,193104231800,200,6,***,41,*****
143,60.255,25.043,17.4,193104240600,180,10,***,43,*****
144,60.255,25.043,17.4,193104241800,140,10,***,39,*****
145,60.255,25.043,17.4,193104250600,050,6,***,45,*****
146,60.255,25.043,17.4,193104251200,050,10,***,50,*****
147,60.255,25.043,17.4,193104251800,050,6,***,46,*****
148,60.255,25.043,17.4,193104260600,***,0,***,36,*****
149,60.255,25.043,17.4,193104261200,110,6,***,46,*****
150,60.255,25.043,17.4,193104261800,090,10,***,43,*****
151,60.255,25.043,17.4,193104270600,090,10,***,43,*****
152,60.255,25.043,17.4,193104271200,090,10,***,50,*****
153,60.255,25.043,17.4,193104271800,090,6,***,50,*****
154,60.255,25.043,17.4,193104280600,***,***,***,46,*****
155,60.255,25.043,17.4,193104281200,050,10,***,57,*****
156,60.255,25.043,17.4,193104281800,110,10,***,46,*****
157,60.255,25.043,17.4,193104290600,020,28,***,46,*****
158,60.255,25.043,17.4,193104300600,200,2,***,45,*****
159,60.255,25.043,17.4,193104301200,160,6,***,50,*****
160,60.255,25.043,17.4,193104301800,140,6,***,41,*****
161,60.255,25.043,17.4,193105010600,090,10,***,54,*****
162,60.255,25.043,17.4,193105011200,140,10,***,57,*****
163,60.255,25.043,17.4,193105011800,090,6,***,52,*****
164,60.255,25.043,17.4,193105020600,090,10,***,55,*****
165,60.255,25.043,17.4,193105021200,110,15,***,59,*****
166,60.255,25.043,17.4,193105021800,140,10,***,48,*****
167,60.255,25.043,17.4,193105030600,140,10,***,45,*****
168,60.255,25.043,17.4,193105031200,090,10,***,50,*****
169,60.255,25.043,17.4,193105040600,180,2,***,45,*****
170,60.255,25.043,17.4,193105041200,200,6,***,54,*****
171,60.255,25.043,17.4,193105041800,230,6,***,50,*****
172,60.255,25.043,17.4,193105050600,110,6,***,54,*****
173,60.255,25.043,17.4,193105051800,200,6,***,50,*****
174,60.255,25.043,17.4,193105060600,320,10,***,59,*****
175,60.255,25.043,17.4,193105070600,320,15,***,54,*****
176,60.255,25.043,17.4,193105071200,200,10,***,63,*****
177,60.255,25.043,17.4,193105071800,320,10,***,54,*****
178,60.255,25.043,17.4,193105081200,200,10,***,52,*****
179,60.255,25.043,17.4,193105081800,320,21,***,52,*****
180,60.255,25.043,17.4,193105090600,360,15,***,45,*****
181,60.255,25.043,17.4,193105091200,320,10,***,54,*****
182,60.255,25.043,17.4,193105091800,360,15,***,46,*****
183,60.255,25.043,17.4,193105100600,340,10,***,45,*****
184,60.255,25.043,17.4,193105101200,340,15,***,46,*****
185,60.255,25.043,17.4,193105101800,360,6,***,45,*****
186,60.255,25.043,17.4,193105110600,140,6,***,43,*****
187,60.255,25.043,17.4,193105111200,180,6,***,48,*****
188,60.255,25.043,17.4,193105111800,180,2,***,39,*****
189,60.255,25.043,17.4,193105120600,230,10,***,48,*****
190,60.255,25.043,17.4,193105121200,180,6,***,52,*****
191,60.255,25.043,17.4,193105121800,160,15,***,48,*****
192,60.255,25.043,17.4,193105130600,230,15,***,45,*****
193,60.255,25.043,17.4,193105131200,200,10,***,50,*****
194,60.255,25.043,17.4,193105131800,230,10,***,43,*****
195,60.255,25.043,17.4,193105141800,230,10,***,48,*****
196,60.255,25.043,17.4,193105150600,160,6,***,52,*****
197,60.255,25.043,17.4,193105151200,140,10,***,57,*****
198,60.255,25.043,17.4,193105151800,200,6,***,52,*****
199,60.255,25.043,17.4,193105160600,200,2,***,50,*****
200,60.255,25.043,17.4,193105161200,200,10,***,59,*****
201,60.255,25.043,17.4,193105161800,230,10,***,57,*****
202,60.255,25.043,17.4,193105170600,090,10,***,57,*****
203,60.255,25.043,17.4,193105171800,140,6,***,55,*****
204,60.255,25.043,17.4,193105180600,140,6,***,****,*****
205,60.255,25.043,17.4,193105181200,140,6,***,64,*****
206,60.255,25.043,17.4,193105181800,140,10,***,57,*****
207,60.255,25.043,17.4,193105190600,140,10,***,52,*****
208,60.255,25.043,17.4,193105191200,160,10,***,52,*****
209,60.255,25.043,17.4,193105191800,160,2,***,52,*****
210,60.255,25.043,17.4,193105200600,070,10,***,54,*****
211,60.255,25.043,17.4,193105201200,070,6,***,57,*****
212,60.255,25.043,17.4,193105201800,200,6,***,55,*****
213,60.255,25.043,17.4,193105240600,090,6,***,54,*****
214,60.255,25.043,17.4,193105241200,200,10,***,54,*****
215,60.255,25.043,17.4,193105241800,***,***,***,****,*****
216,60.255,25.043,17.4,193105250600,180,6,***,54,*****
217,60.255,25.043,17.4,193105251200,180,10,***,12,*****
218,60.255,25.043,17.4,193105251800,***,0,***,-4,*****
219,60.255,25.043,17.4,193105260600,180,6,***,21,*****
220,60.255,25.043,17.4,193105261200,***,***,***,****,*****
221,60.255,25.043,17.4,193105271800,250,10,***,61,*****
222,60.255,25.043,17.4,193105281800,***,***,***,61,*****
223,60.255,25.043,17.4,193105290600,140,6,***,63,*****
224,60.255,25.043,17.4,193105291800,020,***,***,****,*****
225,60.255,25.043,17.4,193105300600,050,15,***,54,*****
226,60.255,25.043,17.4,193105310600,110,15,***,50,*****
227,60.255,25.043,17.4,193106010600,110,10,***,50,*****
228,60.255,25.043,17.4,193106011800,140,6,***,57,*****
229,60.255,25.043,17.4,193106020600,160,6,***,59,*****
230,60.255,25.043,17.4,193106021200,250,15,***,59,*****
231,60.255,25.043,17.4,193106021800,230,10,***,52,*****
232,60.255,25.043,17.4,193106030600,200,10,***,50,*****
233,60.255,25.043,17.4,193106031200,180,21,***,54,*****
234,60.255,25.043,17.4,193106031800,200,15,***,50,*****
235,60.255,25.043,17.4,193106040600,250,21,***,46,*****
236,60.255,25.043,17.4,193106041200,270,21,***,48,*****
237,60.255,25.043,17.4,193106041800,270,15,***,48,*****
238,60.255,25.043,17.4,193106050600,180,6,***,50,*****
239,60.255,25.043,17.4,193106051200,270,15,***,50,*****
240,60.255,25.043,17.4,193106051800,270,15,***,45,*****
241,60.255,25.043,17.4,193106060600,320,21,***,43,*****
242,60.255,25.043,17.4,193106061800,360,15,***,45,*****
243,60.255,25.043,17.4,193106070600,270,10,***,50,*****
244,60.255,25.043,17.4,193106071800,360,10,***,48,*****
245,60.255,25.043,17.4,193106081200,160,***,***,48,*****
246,60.255,25.043,17.4,193106081800,340,10,***,46,*****
247,60.255,25.043,17.4,193106090600,140,6,***,54,*****
248,60.255,25.043,17.4,193106091200,140,6,***,66,*****
249,60.255,25.043,17.4,193106091800,140,6,***,52,*****
250,60.255,25.043,17.4,193106100600,140,6,***,59,*****
251,60.255,25.043,17.4,193106101200,200,2,***,59,*****
252,60.255,25.043,17.4,193106101800,270,10,***,59,*****
253,60.255,25.043,17.4,193106111200,180,15,***,57,*****
254,60.255,25.043,17.4,193106111800,110,15,***,55,*****
255,60.255,25.043,17.4,193106120600,290,6,***,57,*****
256,60.255,25.043,17.4,193106121200,250,10,***,61,*****
257,60.255,25.043,17.4,193106121800,200,6,***,54,*****
258,60.255,25.043,17.4,193106130600,340,10,***,57,*****
259,60.255,25.043,17.4,193106131200,200,10,***,50,*****
260,60.255,25.043,17.4,193106131800,290,10,***,55,*****
261,60.255,25.043,17.4,193106140600,180,6,***,55,*****
262,60.255,25.043,17.4,193106141200,270,10,***,57,*****
263,60.255,25.043,17.4,193106141800,320,15,***,55,*****
264,60.255,25.043,17.4,193106150600,290,10,***,55,*****
265,60.255,25.043,17.4,193106151200,200,10,***,63,*****
266,60.255,25.043,17.4,193106160600,020,6,***,61,*****
267,60.255,25.043,17.4,193106161200,340,10,***,66,*****
268,60.255,25.043,17.4,193106161800,320,10,***,57,*****
269,60.255,25.043,17.4,193106170600,180,10,***,63,*****
270,60.255,25.043,17.4,193106171200,050,15,***,64,*****
271,60.255,25.043,17.4,193106180600,160,10,***,57,*****
272,60.255,25.043,17.4,193106181800,110,6,***,****,*****
273,60.255,25.043,17.4,193106190600,290,6,***,55,*****
274,60.255,25.043,17.4,193106191200,180,15,***,57,*****
275,60.255,25.043,17.4,193106191800,230,15,***,54,*****
276,60.255,25.043,17.4,193106200600,180,10,***,57,*****
277,60.255,25.043,17.4,193106201800,160,10,***,****,*****
278,60.255,25.043,17.4,193106210600,200,10,***,54,*****
279,60.255,25.043,17.4,193106211800,230,15,***,52,*****
280,60.255,25.043,17.4,193106221200,180,10,***,54,*****
281,60.255,25.043,17.4,193106221800,180,15,***,52,*****
282,60.255,25.043,17.4,193106230600,200,15,***,52,*****
283,60.255,25.043,17.4,193106231200,230,15,***,54,*****
284,60.255,25.043,17.4,193106240600,230,6,***,57,*****
285,60.255,25.043,17.4,193106241800,230,6,***,52,*****
286,60.255,25.043,17.4,193106250600,110,6,***,63,*****
287,60.255,25.043,17.4,193106251200,180,6,***,61,*****
288,60.255,25.043,17.4,193106251800,320,6,***,54,*****
289,60.255,25.043,17.4,193106260600,320,6,***,63,*****
290,60.255,25.043,17.4,193106261200,360,10,***,70,*****
291,60.255,25.043,17.4,193106261800,360,34,***,68,*****
292,60.255,25.043,17.4,193106270600,200,6,***,61,*****
293,60.255,25.043,17.4,193106271200,230,15,***,59,*****
294,60.255,25.043,17.4,193106271800,200,10,***,52,*****
295,60.255,25.043,17.4,193106281200,200,15,***,61,*****
296,60.255,25.043,17.4,193106281800,230,10,***,54,*****
297,60.255,25.043,17.4,193106290600,160,10,***,55,*****
298,60.255,25.043,17.4,193106291200,230,10,***,59,*****
299,60.255,25.043,17.4,193106291800,200,15,***,55,*****
300,60.255,25.043,17.4,193106300600,230,10,***,63,*****
301,60.255,25.043,17.4,193106301200,270,15,***,55,*****
302,60.255,25.043,17.4,193106301800,180,6,***,54,*****
303,60.255,25.043,17.4,193107010600,140,6,***,59,*****
304,60.255,25.043,17.4,193107011200,250,6,***,63,*****
305,60.255,25.043,17.4,193107011800,230,6,***,57,*****
306,60.255,25.043,17.4,193107020600,180,6,***,57,*****
307,60.255,25.043,17.4,193107030600,140,6,***,59,*****
308,60.255,25.043,17.4,193107031800,160,6,***,59,*****
309,60.255,25.043,17.4,193107040600,140,6,***,66,*****
310,60.255,25.043,17.4,193107041200,***,10,***,72,*****
311,60.255,25.043,17.4,193107050600,110,6,***,70,*****
312,60.255,25.043,17.4,193107051200,090,10,***,75,*****
313,60.255,25.043,17.4,193107051800,160,6,***,72,*****
314,60.255,25.043,17.4,193107060600,140,6,***,79,*****
315,60.255,25.043,17.4,193107070600,090,10,***,66,*****
316,60.255,25.043,17.4,193107080600,110,15,***,70,*****
317,60.255,25.043,17.4,193107081200,110,10,***,73,*****
318,60.255,25.043,17.4,193107081800,070,10,***,68,*****
319,60.255,25.043,17.4,193107090600,200,10,***,66,*****
320,60.255,25.043,17.4,193107091800,160,2,***,106,*****
321,60.255,25.043,17.4,193107100600,180,15,***,61,*****
322,60.255,25.043,17.4,193107101800,180,10,***,57,*****
323,60.255,25.043,17.4,193107110600,180,15,***,59,*****
324,60.255,25.043,17.4,193107111200,180,10,***,63,*****
325,60.255,25.043,17.4,193107111800,180,6,***,59,*****
326,60.255,25.043,17.4,193107120600,180,6,***,64,*****
327,60.255,25.043,17.4,193107121200,230,10,***,66,*****
328,60.255,25.043,17.4,193107121800,230,6,***,63,*****
329,60.255,25.043,17.4,193107130600,250,15,***,66,*****
330,60.255,25.043,17.4,193107131200,180,10,***,68,*****
331,60.255,25.043,17.4,193107140600,140,6,***,64,*****
332,60.255,25.043,17.4,193107141200,***,***,***,70,*****
333,60.255,25.043,17.4,193107141800,180,6,***,66,*****
334,60.255,25.043,17.4,193107150600,110,6,***,68,*****
335,60.255,25.043,17.4,193107151200,250,10,***,73,*****
336,60.255,25.043,17.4,193107151800,160,10,***,68,*****
337,60.255,25.043,17.4,193107160600,090,10,***,70,*****
338,60.255,25.043,17.4,193107161200,110,21,***,75,*****
339,60.255,25.043,17.4,193107161800,140,21,***,70,*****
340,60.255,25.043,17.4,193107170600,200,15,***,61,*****
341,60.255,25.043,17.4,193107171800,200,6,***,61,*****
342,60.255,25.043,17.4,193107180600,200,10,***,61,*****
343,60.255,25.043,17.4,193107181200,180,10,***,64,*****
344,60.255,25.043,17.4,193107181800,***,***,***,59,*****
345,60.255,25.043,17.4,193107190600,140,10,***,63,*****
346,60.255,25.043,17.4,193107191200,140,6,***,64,*****
347,60.255,25.043,17.4,193107200600,180,10,***,59,*****
348,60.255,25.043,17.4,193107201200,250,***,***,63,*****
349,60.255,25.043,17.4,193107210600,140,10,***,63,*****
350,60.255,25.043,17.4,193107211200,090,10,***,61,*****
351,60.255,25.043,17.4,193107211800,090,10,***,63,*****
352,60.255,25.043,17.4,193107220600,160,21,***,61,*****
353,60.255,25.043,17.4,193107221200,180,10,***,61,*****
354,60.255,25.043,17.4,193107221800,270,10,***,59,*****
355,60.255,25.043,17.4,193107230600,230,15,***,63,*****
356,60.255,25.043,17.4,193107231200,230,21,***,63,*****
357,60.255,25.043,17.4,193107231800,230,15,***,59,*****
358,60.255,25.043,17.4,193107240600,230,15,***,59,*****
359,60.255,25.043,17.4,193107241200,200,10,***,63,*****
360,60.255,25.043,17.4,193107241800,200,10,***,63,*****
361,60.255,25.043,17.4,193107250600,200,6,***,66,*****
362,60.255,25.043,17.4,193107251800,110,10,***,70,*****
363,60.255,25.043,17.4,193107260600,110,6,***,72,*****
364,60.255,25.043,17.4,193107261200,140,6,***,68,*****
365,60.255,25.043,17.4,193107261800,110,6,***,70,*****
366,60.255,25.043,17.4,193107270600,110,6,***,72,*****
367,60.255,25.043,17.4,193107271200,140,10,***,75,*****
368,60.255,25.043,17.4,193107271800,180,6,***,68,*****
369,60.255,25.043,17.4,193107280600,230,10,***,64,*****
370,60.255,25.043,17.4,193107281200,200,10,***,68,*****
371,60.255,25.043,17.4,193107281800,270,10,***,68,*****
372,60.255,25.043,17.4,193107290600,140,6,***,70,*****
373,60.255,25.043,17.4,193107291200,140,15,***,68,*****
374,60.255,25.043,17.4,193107291800,140,10,***,68,*****
375,60.255,25.043,17.4,193107300600,110,10,***,64,*****
376,60.255,25.043,17.4,193107301200,110,10,***,70,*****
377,60.255,25.043,17.4,193107301800,090,6,***,66,*****
378,60.255,25.043,17.4,193107311800,250,6,***,66,*****
379,60.255,25.043,17.4,193108010600,230,51,***,64,*****
380,60.255,25.043,17.4,193108011200,230,6,***,68,*****
381,60.255,25.043,17.4,193108011800,230,6,***,66,*****
382,60.255,25.043,17.4,193108020600,270,2,***,63,*****
383,60.255,25.043,17.4,193108021200,200,10,***,72,*****
384,60.255,25.043,17.4,193108021800,230,6,***,70,*****
385,60.255,25.043,17.4,193108031800,360,6,***,72,*****
386,60.255,25.043,17.4,193108041200,290,15,***,81,*****
387,60.255,25.043,17.4,193108041800,320,15,***,73,*****
388,60.255,25.043,17.4,193108050600,340,15,***,66,*****
389,60.255,25.043,17.4,193108051800,340,15,***,64,*****
390,60.255,25.043,17.4,193108061200,180,10,***,****,*****
391,60.255,25.043,17.4,193108070600,200,6,***,66,*****
392,60.255,25.043,17.4,193108071200,140,10,***,72,*****
393,60.255,25.043,17.4,193108071800,140,6,***,68,*****
394,60.255,25.043,17.4,193108080600,140,10,***,66,*****
395,60.255,25.043,17.4,193108081200,230,10,***,68,*****
396,60.255,25.043,17.4,193108081800,230,15,***,61,*****
397,60.255,25.043,17.4,193108091200,200,10,***,64,*****
398,60.255,25.043,17.4,193108091800,140,6,***,64,*****
399,60.255,25.043,17.4,193108100600,110,6,***,61,*****
400,60.255,25.043,17.4,193108101200,180,28,***,64,*****
401,60.255,25.043,17.4,193108101800,200,6,***,63,*****
402,60.255,25.043,17.4,193108110600,230,10,***,61,*****
403,60.255,25.043,17.4,193108111200,200,10,***,66,*****
404,60.255,25.043,17.4,193108111800,160,6,***,61,*****
405,60.255,25.043,17.4,193108121200,180,10,***,66,*****
406,60.255,25.043,17.4,193108121800,290,6,***,63,*****
407,60.255,25.043,17.4,193108131800,320,6,***,59,*****
408,60.255,25.043,17.4,193108140600,180,10,***,64,*****
409,60.255,25.043,17.4,193108141200,140,6,***,66,*****
410,60.255,25.043,17.4,193108141800,140,6,***,63,*****
411,60.255,25.043,17.4,193108150600,140,6,***,61,*****
412,60.255,25.043,17.4,193108151800,180,6,***,59,*****
413,60.255,25.043,17.4,193108160600,160,6,***,64,*****
414,60.255,25.043,17.4,193108161200,200,15,***,****,*****
415,60.255,25.043,17.4,193108161800,230,6,***,****,*****
416,60.255,25.043,17.4,193108170600,250,2,***,61,*****
417,60.255,25.043,17.4,193108171200,180,10,***,66,*****
418,60.255,25.043,17.4,193108171800,250,6,***,61,*****
419,60.255,25.043,17.4,193108180600,110,2,***,64,*****
420,60.255,25.043,17.4,193108181200,160,15,***,****,*****
421,60.255,25.043,17.4,193108181800,140,2,***,63,*****
422,60.255,25.043,17.4,193108190600,160,6,***,66,*****
423,60.255,25.043,17.4,193108191200,140,6,***,68,*****
424,60.255,25.043,17.4,193108191800,140,6,***,61,*****
425,60.255,25.043,17.4,193108200600,180,6,***,68,*****
426,60.255,25.043,17.4,193108201200,140,6,***,****,*****
427,60.255,25.043,17.4,193108201800,160,2,***,64,*****
428,60.255,25.043,17.4,193108210600,110,10,***,63,*****
429,60.255,25.043,17.4,193108211200,140,15,***,63,*****
430,60.255,25.043,17.4,193108211800,160,10,***,63,*****
431,60.255,25.043,17.4,193108220600,050,10,***,61,*****
432,60.255,25.043,17.4,193108221200,090,10,***,63,*****
433,60.255,25.043,17.4,193108221800,110,10,***,64,*****
434,60.255,25.043,17.4,193108230600,160,21,***,59,*****
435,60.255,25.043,17.4,193108231200,140,15,***,64,*****
436,60.255,25.043,17.4,193108231800,290,6,***,61,*****
437,60.255,25.043,17.4,193108240600,180,15,***,63,*****
438,60.255,25.043,17.4,193108241200,180,10,***,63,*****
439,60.255,25.043,17.4,193108241800,160,10,***,57,*****
440,60.255,25.043,17.4,193108250600,230,10,***,63,*****
441,60.255,25.043,17.4,193108251200,160,10,***,64,*****
442,60.255,25.043,17.4,193108251800,200,6,***,59,*****
443,60.255,25.043,17.4,193108260600,070,6,***,63,*****
444,60.255,25.043,17.4,193108261800,340,10,***,59,*****
445,60.255,25.043,17.4,193108270600,020,15,***,57,*****
446,60.255,25.043,17.4,193108271200,020,15,***,59,*****
447,60.255,25.043,17.4,193108271800,020,15,***,59,*****
448,60.255,25.043,17.4,193108281200,050,15,***,70,*****
449,60.255,25.043,17.4,193108281800,050,10,***,63,*****
450,60.255,25.043,17.4,193108290600,050,6,***,63,*****
451,60.255,25.043,17.4,193108291200,180,6,***,66,*****
452,60.255,25.043,17.4,193108291800,290,6,***,61,*****
453,60.255,25.043,17.4,193108300600,340,15,***,57,*****
454,60.255,25.043,17.4,193108301200,360,15,***,61,*****
455,60.255,25.043,17.4,193108301800,320,10,***,54,*****
456,60.255,25.043,17.4,193108310600,340,10,***,55,*****
457,60.255,25.043,17.4,193108311200,140,10,***,64,*****
458,60.255,25.043,17.4,193109020600,050,6,***,54,*****
459,60.255,25.043,17.4,193109021200,020,6,***,52,*****
460,60.255,25.043,17.4,193109021800,290,6,***,50,*****
461,60.255,25.043,17.4,193109030600,140,6,***,52,*****
462,60.255,25.043,17.4,193109031200,140,10,***,55,*****
463,60.255,25.043,17.4,193109031800,250,10,***,61,*****
464,60.255,25.043,17.4,193109040600,180,10,***,57,*****
465,60.255,25.043,17.4,193109041800,270,10,***,55,*****
466,60.255,25.043,17.4,193109051200,090,10,***,57,*****
467,60.255,25.043,17.4,193109051800,070,10,***,54,*****
468,60.255,25.043,17.4,193109060600,070,10,***,57,*****
469,60.255,25.043,17.4,193109061200,180,15,***,57,*****
470,60.255,25.043,17.4,193109061800,180,15,***,55,*****
471,60.255,25.043,17.4,193109070600,160,10,***,54,*****
472,60.255,25.043,17.4,193109071200,320,10,***,50,*****
473,60.255,25.043,17.4,193109071800,290,15,***,46,*****
474,60.255,25.043,17.4,193109080600,270,***,***,46,*****
475,60.255,25.043,17.4,193109081800,290,10,***,46,*****
476,60.255,25.043,17.4,193109090600,230,10,***,54,*****
477,60.255,25.043,17.4,193109091200,200,10,***,50,*****
478,60.255,25.043,17.4,193109091800,160,6,***,48,*****
479,60.255,25.043,17.4,193109100600,200,6,***,48,*****
480,60.255,25.043,17.4,193109101200,200,10,***,52,*****
481,60.255,25.043,17.4,193109101800,290,15,***,46,*****
482,60.255,25.043,17.4,193109110600,290,10,***,45,*****
483,60.255,25.043,17.4,193109111200,230,10,***,50,*****
484,60.255,25.043,17.4,193109111800,290,10,***,45,*****
485,60.255,25.043,17.4,193109121200,160,10,***,54,*****
486,60.255,25.043,17.4,193109121800,090,6,***,48,*****
487,60.255,25.043,17.4,193109130600,360,10,***,46,*****
488,60.255,25.043,17.4,193109131200,360,21,***,50,*****
489,60.255,25.043,17.4,193109131800,340,10,***,45,*****
490,60.255,25.043,17.4,193109140600,290,10,***,46,*****
491,60.255,25.043,17.4,193109141200,320,15,***,48,*****
492,60.255,25.043,17.4,193109141800,290,10,***,43,*****
493,60.255,25.043,17.4,193109151200,290,15,***,50,*****
494,60.255,25.043,17.4,193109151800,290,10,***,46,*****
495,60.255,25.043,17.4,193109160600,320,15,***,54,*****
496,60.255,25.043,17.4,193109161200,320,15,***,64,*****
497,60.255,25.043,17.4,193109161800,270,10,***,55,*****
498,60.255,25.043,17.4,193109170600,340,10,***,55,*****
499,60.255,25.043,17.4,193109180600,020,2,***,50,*****
500,60.255,25.043,17.4,193109181200,140,6,***,57,*****
501,60.255,25.043,17.4,193109181800,180,6,***,50,*****
502,60.255,25.043,17.4,193109190600,180,2,***,52,*****
503,60.255,25.043,17.4,193109191200,200,2,***,55,*****
504,60.255,25.043,17.4,193109200600,050,10,***,45,*****
505,60.255,25.043,17.4,193109201800,360,10,***,45,*****
506,60.255,25.043,17.4,193109210600,340,10,***,45,*****
507,60.255,25.043,17.4,193109211200,360,15,***,46,*****
508,60.255,25.043,17.4,193109211800,360,10,***,43,*****
509,60.255,25.043,17.4,193109220600,020,10,***,41,*****
510,60.255,25.043,17.4,193109221200,020,10,***,43,*****
511,60.255,25.043,17.4,193109221800,250,6,***,43,*****
512,60.255,25.043,17.4,193109230600,020,6,***,39,*****
513,60.255,25.043,17.4,193109231200,020,10,***,46,*****
514,60.255,25.043,17.4,193109231800,090,6,***,39,*****
515,60.255,25.043,17.4,193109240600,270,6,***,45,*****
516,60.255,25.043,17.4,193109241200,230,10,***,****,*****
517,60.255,25.043,17.4,193109250600,020,6,***,46,*****
518,60.255,25.043,17.4,193109251200,360,21,***,50,*****
519,60.255,25.043,17.4,193109251800,360,15,***,41,*****
520,60.255,25.043,17.4,193109260600,020,15,***,39,*****
521,60.255,25.043,17.4,193109261200,360,21,***,45,*****
522,60.255,25.043,17.4,193109261800,320,15,***,39,*****
523,60.255,25.043,17.4,193109270600,020,15,***,36,*****
524,60.255,25.043,17.4,193109271800,360,6,***,34,*****
525,60.255,25.043,17.4,193109281200,340,10,***,46,*****
526,60.255,25.043,17.4,193109281800,270,6,***,43,*****
527,60.255,25.043,17.4,193109291200,360,15,***,46,*****
528,60.255,25.043,17.4,193109291800,360,10,***,39,*****
529,60.255,25.043,17.4,193109300600,050,10,***,36,*****
530,60.255,25.043,17.4,193109301200,***,***,***,****,*****
531,60.255,25.043,17.4,193109301800,050,2,***,36,*****
532,60.255,25.043,17.4,193110010600,050,2,***,37,*****
533,60.255,25.043,17.4,193110011200,250,10,***,46,*****
534,60.255,25.043,17.4,193110011800,230,10,***,48,*****
535,60.255,25.043,17.4,193110020600,160,10,***,48,*****
536,60.255,25.043,17.4,193110021200,200,15,***,50,*****
537,60.255,25.043,17.4,193110021800,180,15,***,48,*****
538,60.255,25.043,17.4,193110030600,180,10,***,52,*****
539,60.255,25.043,17.4,193110031200,230,15,***,52,*****
540,60.255,25.043,17.4,193110031800,230,10,***,46,*****
541,60.255,25.043,17.4,193110040600,320,10,***,46,*****
542,60.255,25.043,17.4,193110041200,360,21,***,48,*****
543,60.255,25.043,17.4,193110041800,360,15,***,46,*****
544,60.255,25.043,17.4,193110050600,020,6,***,37,*****
545,60.255,25.043,17.4,193110051200,160,6,***,46,*****
546,60.255,25.043,17.4,193110060600,270,6,***,50,*****
547,60.255,25.043,17.4,193110061200,290,15,***,54,*****
548,60.255,25.043,17.4,193110061800,320,15,***,46,*****
549,60.255,25.043,17.4,193110070600,200,10,***,50,*****
550,60.255,25.043,17.4,193110071200,200,10,***,50,*****
551,60.255,25.043,17.4,193110071800,180,15,***,50,*****
552,60.255,25.043,17.4,193110080600,140,15,***,50,*****
553,60.255,25.043,17.4,193110081200,230,21,***,52,*****
554,60.255,25.043,17.4,193110081800,200,21,***,50,*****
555,60.255,25.043,17.4,193110090600,230,15,***,50,*****
556,60.255,25.043,17.4,193110091200,200,15,***,50,*****
557,60.255,25.043,17.4,193110091800,250,10,***,46,*****
558,60.255,25.043,17.4,193110101200,230,21,***,52,*****
559,60.255,25.043,17.4,193110101800,270,10,***,50,*****
560,60.255,25.043,17.4,193110110600,320,10,***,43,*****
561,60.255,25.043,17.4,193110111800,200,15,***,48,*****
562,60.255,25.043,17.4,193110120600,290,10,***,50,*****
563,60.255,25.043,17.4,193110121200,290,15,***,54,*****
564,60.255,25.043,17.4,193110121800,270,10,***,46,*****
565,60.255,25.043,17.4,193110131200,230,21,***,50,*****
566,60.255,25.043,17.4,193110131800,230,21,***,50,*****
567,60.255,25.043,17.4,193110140600,270,6,***,48,*****
568,60.255,25.043,17.4,193110141200,320,6,***,48,*****
569,60.255,25.043,17.4,193110141800,360,15,***,41,*****
570,60.255,25.043,17.4,193110150600,360,15,***,36,*****
571,60.255,25.043,17.4,193110151200,320,15,***,43,*****
572,60.255,25.043,17.4,193110160600,290,21,***,52,*****
573,60.255,25.043,17.4,193110161200,320,21,***,57,*****
574,60.255,25.043,17.4,193110161800,320,10,***,48,*****
575,60.255,25.043,17.4,193110170600,250,10,***,46,*****
576,60.255,25.043,17.4,193110171200,230,15,***,48,*****
577,60.255,25.043,17.4,193110171800,250,10,***,43,*****
578,60.255,25.043,17.4,193110180600,320,15,***,36,*****
579,60.255,25.043,17.4,193110181200,340,15,***,39,*****
580,60.255,25.043,17.4,193110181800,320,15,***,32,*****
581,60.255,25.043,17.4,193110190600,230,15,***,41,*****
582,60.255,25.043,17.4,193110191200,250,34,***,43,*****
583,60.255,25.043,17.4,193110191800,230,28,***,45,*****
584,60.255,25.043,17.4,193110200600,200,10,***,46,*****
585,60.255,25.043,17.4,193110201200,140,28,***,46,*****
586,60.255,25.043,17.4,193110201800,180,28,***,39,*****
587,60.255,25.043,17.4,193110210600,290,28,***,37,*****
588,60.255,25.043,17.4,193110211200,290,15,***,36,*****
589,60.255,25.043,17.4,193110211800,320,15,***,36,*****
590,60.255,25.043,17.4,193110220600,340,15,***,34,*****
591,60.255,25.043,17.4,193110221200,270,43,***,36,*****
592,60.255,25.043,17.4,193110221800,200,10,***,32,*****
593,60.255,25.043,17.4,193110230600,110,21,***,34,*****
594,60.255,25.043,17.4,193110231200,050,6,***,34,*****
595,60.255,25.043,17.4,193110231800,050,10,***,32,*****
596,60.255,25.043,17.4,193110240600,050,6,***,28,*****
597,60.255,25.043,17.4,193110241200,050,10,***,32,*****
598,60.255,25.043,17.4,193110241800,320,21,***,****,*****
599,60.255,25.043,17.4,193110250600,020,21,***,27,*****
600,60.255,25.043,17.4,193110251200,340,15,***,30,*****
601,60.255,25.043,17.4,193110251800,340,10,***,27,*****
602,60.255,25.043,17.4,193110260600,340,10,***,28,*****
603,60.255,25.043,17.4,193110261200,360,15,***,34,*****
604,60.255,25.043,17.4,193110261800,360,10,***,27,*****
605,60.255,25.043,17.4,193110270600,340,6,***,19,*****
606,60.255,25.043,17.4,193110271200,250,15,***,39,*****
607,60.255,25.043,17.4,193110271800,200,15,***,39,*****
608,60.255,25.043,17.4,193110280600,180,28,***,37,*****
609,60.255,25.043,17.4,193110281200,200,28,***,37,*****
610,60.255,25.043,17.4,193110281800,180,21,***,34,*****
611,60.255,25.043,17.4,193110290600,140,2,***,34,*****
612,60.255,25.043,17.4,193110291200,360,6,***,34,*****
613,60.255,25.043,17.4,193110291800,***,0,***,34,*****
614,60.255,25.043,17.4,193110300600,020,10,***,32,*****
615,60.255,25.043,17.4,193110301200,020,10,***,30,*****
616,60.255,25.043,17.4,193110301800,320,6,***,28,*****
617,60.255,25.043,17.4,193110310600,320,10,***,28,*****
618,60.255,25.043,17.4,193110311200,340,10,***,30,*****
619,60.255,25.043,17.4,193110311800,340,15,***,28,*****
620,60.255,25.043,17.4,193111010600,360,15,***,27,*****
621,60.255,25.043,17.4,193111011200,020,15,***,27,*****
622,60.255,25.043,17.4,193111011800,020,10,***,27,*****
623,60.255,25.043,17.4,193111020600,090,2,***,27,*****
624,60.255,25.043,17.4,193111021200,180,21,***,34,*****
625,60.255,25.043,17.4,193111021800,200,21,***,39,*****
626,60.255,25.043,17.4,193111031200,230,10,***,43,*****
627,60.255,25.043,17.4,193111031800,230,21,***,43,*****
628,60.255,25.043,17.4,193111040600,230,21,***,45,*****
629,60.255,25.043,17.4,193111041200,230,15,***,46,*****
630,60.255,25.043,17.4,193111041800,230,21,***,46,*****
631,60.255,25.043,17.4,193111051200,230,15,***,48,*****
632,60.255,25.043,17.4,193111051800,230,15,***,45,*****
633,60.255,25.043,17.4,193111060600,290,10,***,41,*****
634,60.255,25.043,17.4,193111061200,320,6,***,41,*****
635,60.255,25.043,17.4,193111061800,070,6,***,41,*****
636,60.255,25.043,17.4,193111070600,070,10,***,39,*****
637,60.255,25.043,17.4,193111071200,090,21,***,41,*****
638,60.255,25.043,17.4,193111071800,140,15,***,43,*****
639,60.255,25.043,17.4,193111080600,140,10,***,39,*****
640,60.255,25.043,17.4,193111081200,200,10,***,43,*****
641,60.255,25.043,17.4,193111081800,140,15,***,43,*****
642,60.255,25.043,17.4,193111090600,160,15,***,39,*****
643,60.255,25.043,17.4,193111091200,140,15,***,41,*****
644,60.255,25.043,17.4,193111091800,140,21,***,41,*****
645,60.255,25.043,17.4,193111100600,110,15,***,43,*****
646,60.255,25.043,17.4,193111101200,***,***,***,43,*****
647,60.255,25.043,17.4,193111101800,160,15,***,43,*****
648,60.255,25.043,17.4,193111110600,110,15,***,43,*****
649,60.255,25.043,17.4,193111111200,140,15,***,43,*****
650,60.255,25.043,17.4,193111111800,140,10,***,41,*****
651,60.255,25.043,17.4,193111120600,230,10,***,41,*****
652,60.255,25.043,17.4,193111121200,200,6,***,43,*****
653,60.255,25.043,17.4,193111121800,140,6,***,43,*****
654,60.255,25.043,17.4,193111130600,110,6,***,43,*****
655,60.255,25.043,17.4,193111131200,140,6,***,41,*****
656,60.255,25.043,17.4,193111131800,160,6,***,41,*****
657,60.255,25.043,17.4,193111140600,050,6,***,37,*****
658,60.255,25.043,17.4,193111141200,050,10,***,39,*****
659,60.255,25.043,17.4,193111141800,050,10,***,37,*****
660,60.255,25.043,17.4,193111150600,050,15,***,37,*****
661,60.255,25.043,17.4,193111151200,020,21,***,37,*****
662,60.255,25.043,17.4,193111151800,050,21,***,37,*****
663,60.255,25.043,17.4,193111160600,050,21,***,36,*****
664,60.255,25.043,17.4,193111161200,050,21,***,37,*****
665,60.255,25.043,17.4,193111161800,050,21,***,37,*****
666,60.255,25.043,17.4,193111170600,070,21,***,36,*****
667,60.255,25.043,17.4,193111171200,020,15,***,37,*****
668,60.255,25.043,17.4,193111171800,070,15,***,37,*****
669,60.255,25.043,17.4,193111180600,070,10,***,36,*****
670,60.255,25.043,17.4,193111181200,070,10,***,34,*****
671,60.255,25.043,17.4,193111181800,050,10,***,32,*****
672,60.255,25.043,17.4,193111190600,070,10,***,32,*****
673,60.255,25.043,17.4,193111191200,160,10,***,32,*****
674,60.255,25.043,17.4,193111191800,180,10,***,32,*****
675,60.255,25.043,17.4,193111200600,160,10,***,32,*****
676,60.255,25.043,17.4,193111201200,180,6,***,32,*****
677,60.255,25.043,17.4,193111210600,140,10,***,30,*****
678,60.255,25.043,17.4,193111211200,140,10,***,30,*****
679,60.255,25.043,17.4,193111211800,160,10,***,30,*****
680,60.255,25.043,17.4,193111220600,200,6,***,30,*****
681,60.255,25.043,17.4,193111221200,230,10,***,32,*****
682,60.255,25.043,17.4,193111221800,140,6,***,32,*****
683,60.255,25.043,17.4,193111230600,140,10,***,30,*****
684,60.255,25.043,17.4,193111231200,140,10,***,27,*****
685,60.255,25.043,17.4,193111231800,160,10,***,28,*****
686,60.255,25.043,17.4,193111240600,270,2,***,30,*****
687,60.255,25.043,17.4,193111241200,270,2,***,32,*****
688,60.255,25.043,17.4,193111241800,050,6,***,30,*****
689,60.255,25.043,17.4,193111250600,140,10,***,28,*****
690,60.255,25.043,17.4,193111251200,140,10,***,25,*****
691,60.255,25.043,17.4,193111251800,160,10,***,27,*****
692,60.255,25.043,17.4,193111260600,140,10,***,28,*****
693,60.255,25.043,17.4,193111261200,140,10,***,30,*****
694,60.255,25.043,17.4,193111261800,140,15,***,28,*****
695,60.255,25.043,17.4,193111270600,110,21,***,28,*****
696,60.255,25.043,17.4,193111271200,160,21,***,28,*****
697,60.255,25.043,17.4,193111271800,160,15,***,28,*****
698,60.255,25.043,17.4,193111280600,140,21,***,23,*****
699,60.255,25.043,17.4,193111281200,140,6,***,25,*****
700,60.255,25.043,17.4,193111281800,***,***,***,25,*****
701,60.255,25.043,17.4,193111290600,230,6,***,27,*****
702,60.255,25.043,17.4,193111291200,230,10,***,32,*****
703,60.255,25.043,17.4,193111291800,250,6,***,34,*****
704,60.255,25.043,17.4,193111300600,090,6,***,30,*****
705,60.255,25.043,17.4,193111301200,050,10,***,30,*****
706,60.255,25.043,17.4,193111301800,110,21,***,30,*****
707,60.255,25.043,17.4,193112010600,140,15,***,27,*****
708,60.255,25.043,17.4,193112011200,140,15,***,25,*****
709,60.255,25.043,17.4,193112011800,140,10,***,23,*****
710,60.255,25.043,17.4,193112020600,140,10,***,21,*****
711,60.255,25.043,17.4,193112021200,180,6,***,25,*****
712,60.255,25.043,17.4,193112021800,180,15,***,28,*****
713,60.255,25.043,17.4,193112030600,180,28,***,32,*****
714,60.255,25.043,17.4,193112031200,200,28,***,30,*****
715,60.255,25.043,17.4,193112031800,180,28,***,30,*****
716,60.255,25.043,17.4,193112040600,180,28,***,27,*****
717,60.255,25.043,17.4,193112041200,140,28,***,27,*****
718,60.255,25.043,17.4,193112041800,180,28,***,27,*****
719,60.255,25.043,17.4,193112050600,140,28,***,21,*****
720,60.255,25.043,17.4,193112051200,140,21,***,23,*****
721,60.255,25.043,17.4,193112051800,180,21,***,25,*****
722,60.255,25.043,17.4,193112060600,160,15,***,25,*****
723,60.255,25.043,17.4,193112061200,140,15,***,27,*****
724,60.255,25.043,17.4,193112061800,140,15,***,28,*****
725,60.255,25.043,17.4,193112070600,140,10,***,34,*****
726,60.255,25.043,17.4,193112071200,290,10,***,28,*****
727,60.255,25.043,17.4,193112071800,360,15,***,25,*****
728,60.255,25.043,17.4,193112080600,340,21,***,23,*****
729,60.255,25.043,17.4,193112081200,290,10,***,25,*****
730,60.255,25.043,17.4,193112081800,160,10,***,16,*****
731,60.255,25.043,17.4,193112090600,290,6,***,34,*****
732,60.255,25.043,17.4,193112091200,230,10,***,34,*****
733,60.255,25.043,17.4,193112091800,320,15,***,27,*****
734,60.255,25.043,17.4,193112100600,110,2,***,19,*****
735,60.255,25.043,17.4,193112101200,050,2,***,27,*****
736,60.255,25.043,17.4,193112101800,050,15,***,30,*****
737,60.255,25.043,17.4,193112110600,050,10,***,25,*****
738,60.255,25.043,17.4,193112111200,360,6,***,23,*****
739,60.255,25.043,17.4,193112111800,320,2,***,25,*****
740,60.255,25.043,17.4,193112120600,230,28,***,32,*****
741,60.255,25.043,17.4,193112121200,250,10,***,34,*****
742,60.255,25.043,17.4,193112121800,290,15,***,34,*****
743,60.255,25.043,17.4,193112130600,290,15,***,32,*****
744,60.255,25.043,17.4,193112131200,340,21,***,32,*****
745,60.255,25.043,17.4,193112131800,360,28,***,28,*****
746,60.255,25.043,17.4,193112140600,340,15,***,28,*****
747,60.255,25.043,17.4,193112141200,320,6,***,23,*****
748,60.255,25.043,17.4,193112141800,230,6,***,28,*****
749,60.255,25.043,17.4,193112150600,140,21,***,30,*****
750,60.255,25.043,17.4,193112151200,090,28,***,30,*****
751,60.255,25.043,17.4,193112151800,050,34,***,23,*****
752,60.255,25.043,17.4,193112160600,050,28,***,16,*****
753,60.255,25.043,17.4,193112161200,360,21,***,12,*****
754,60.255,25.043,17.4,193112161800,360,21,***,12,*****
755,60.255,25.043,17.4,193112170600,020,28,***,12,*****
756,60.255,25.043,17.4,193112171200,360,15,***,21,*****
757,60.255,25.043,17.4,193112171800,360,15,***,16,*****
758,60.255,25.043,17.4,193112180600,360,10,***,16,*****
759,60.255,25.043,17.4,193112181200,270,10,***,18,*****
760,60.255,25.043,17.4,193112181800,290,10,***,25,*****
761,60.255,25.043,17.4,193112190600,020,15,***,32,*****
762,60.255,25.043,17.4,193112191200,340,10,***,30,*****
763,60.255,25.043,17.4,193112191800,360,10,***,30,*****
764,60.255,25.043,17.4,193112200600,340,10,***,25,*****
765,60.255,25.043,17.4,193112201200,320,10,***,25,*****
766,60.255,25.043,17.4,193112201800,320,15,***,28,*****
767,60.255,25.043,17.4,193112210600,340,15,***,30,*****
768,60.255,25.043,17.4,193112211800,360,15,***,25,*****
769,60.255,25.043,17.4,193112220600,290,15,***,28,*****
770,60.255,25.043,17.4,193112221200,290,10,***,30,*****
771,60.255,25.043,17.4,193112221800,320,10,***,30,*****
772,60.255,25.043,17.4,193112230600,320,15,***,25,*****
773,60.255,25.043,17.4,193112231800,270,10,***,30,*****
774,60.255,25.043,17.4,193112240600,230,10,***,32,*****
775,60.255,25.043,17.4,193112241200,230,10,***,32,*****
776,60.255,25.043,17.4,193112241800,230,15,***,34,*****
777,60.255,25.043,17.4,193112250600,320,21,***,39,*****
778,60.255,25.043,17.4,193112251200,250,15,***,36,*****
779,60.255,25.043,17.4,193112251800,290,21,***,34,*****
780,60.255,25.043,17.4,193112260600,320,28,***,30,*****
781,60.255,25.043,17.4,193112261200,290,28,***,28,*****
782,60.255,25.043,17.4,193112261800,320,21,***,28,*****
783,60.255,25.043,17.4,193112270600,230,10,***,27,*****
784,60.255,25.043,17.4,193112271200,250,6,***,28,*****
785,60.255,25.043,17.4,193112271800,360,10,***,21,*****
786,60.255,25.043,17.4,193112280600,140,10,***,23,*****
787,60.255,25.043,17.4,193112281200,140,21,***,28,*****
788,60.255,25.043,17.4,193112281800,140,21,***,28,*****
789,60.255,25.043,17.4,193112290600,360,28,***,21,*****
790,60.255,25.043,17.4,193112291200,360,15,***,19,*****
791,60.255,25.043,17.4,193112291800,020,10,***,18,*****
792,60.255,25.043,17.4,193112300600,360,6,***,9,*****
793,60.255,25.043,17.4,193112301200,050,6,***,12,*****
794,60.255,25.043,17.4,193112301800,050,6,***,14,*****
795,60.255,25.043,17.4,193112310600,050,6,***,16,*****
796,60.255,25.043,17.4,193112311200,050,6,***,18,*****
797,60.255,25.043,17.4,193112311800,050,6,***,18,*****
