,Lat,Lon,Ele,YR--MODAHRMN,DIR,SPD,GUS,TEMP,ALT
0,60.255,25.043,17.4,193201011800,200,2,***,9,*****
1,60.255,25.043,17.4,193201020600,180,34,***,28,*****
2,60.255,25.043,17.4,193201021200,180,34,***,30,*****
3,60.255,25.043,17.4,193201021800,200,21,***,34,*****
4,60.255,25.043,17.4,193201030600,320,21,***,16,*****
5,60.255,25.043,17.4,193201031200,320,28,***,16,*****
6,60.255,25.043,17.4,193201031800,320,21,***,18,*****
7,60.255,25.043,17.4,193201040600,340,21,***,21,*****
8,60.255,25.043,17.4,193201041200,360,21,***,21,*****
9,60.255,25.043,17.4,193201041800,320,15,***,18,*****
10,60.255,25.043,17.4,193201050600,250,10,***,16,*****
11,60.255,25.043,17.4,193201051200,180,21,***,28,*****
12,60.255,25.043,17.4,193201061200,140,15,***,27,*****
13,60.255,25.043,17.4,193201061800,160,21,***,34,*****
14,60.255,25.043,17.4,193201070600,140,21,***,54,*****
15,60.255,25.043,17.4,193201071200,160,21,***,36,*****
16,60.255,25.043,17.4,193201071800,200,21,***,34,*****
17,60.255,25.043,17.4,193201080600,230,10,***,34,*****
18,60.255,25.043,17.4,193201081800,230,15,***,34,*****
19,60.255,25.043,17.4,193201090600,320,15,***,32,*****
20,60.255,25.043,17.4,193201091200,250,10,***,28,*****
21,60.255,25.043,17.4,193201091800,270,2,***,****,*****
22,60.255,25.043,17.4,193201100600,320,10,***,25,*****
23,60.255,25.043,17.4,193201101200,360,6,***,23,*****
24,60.255,25.043,17.4,193201101800,110,10,***,19,*****
25,60.255,25.043,17.4,193201110600,180,21,***,30,*****
26,60.255,25.043,17.4,193201121200,200,15,***,30,*****
27,60.255,25.043,17.4,193201121800,180,15,***,28,*****
28,60.255,25.043,17.4,193201130600,180,10,***,30,*****
29,60.255,25.043,17.4,193201131200,200,15,***,34,*****
30,60.255,25.043,17.4,193201131800,250,15,***,34,*****
31,60.255,25.043,17.4,193201140600,180,15,***,34,*****
32,60.255,25.043,17.4,193201141200,180,21,***,34,*****
33,60.255,25.043,17.4,193201141800,200,15,***,34,*****
34,60.255,25.043,17.4,193201150600,270,10,***,34,*****
35,60.255,25.043,17.4,193201151800,230,15,***,34,*****
36,60.255,25.043,17.4,193201160600,230,10,***,34,*****
37,60.255,25.043,17.4,193201161200,230,10,***,36,*****
38,60.255,25.043,17.4,193201161800,230,10,***,36,*****
39,60.255,25.043,17.4,193201170600,230,15,***,36,*****
40,60.255,25.043,17.4,193201171200,230,10,***,36,*****
41,60.255,25.043,17.4,193201171800,180,21,***,36,*****
42,60.255,25.043,17.4,193201180600,230,15,***,36,*****
43,60.255,25.043,17.4,193201181800,230,28,***,36,*****
44,60.255,25.043,17.4,193201190600,250,15,***,37,*****
45,60.255,25.043,17.4,193201191200,250,15,***,37,*****
46,60.255,25.043,17.4,193201191800,230,21,***,37,*****
47,60.255,25.043,17.4,193201200600,290,15,***,41,*****
48,60.255,25.043,17.4,193201201200,270,15,***,39,*****
49,60.255,25.043,17.4,193201201800,320,10,***,34,*****
50,60.255,25.043,17.4,193201210600,270,15,***,34,*****
51,60.255,25.043,17.4,193201211200,230,15,***,36,*****
52,60.255,25.043,17.4,193201211800,230,15,***,43,*****
53,60.255,25.043,17.4,193201220600,230,21,***,36,*****
54,60.255,25.043,17.4,193201221200,270,21,***,34,*****
55,60.255,25.043,17.4,193201231800,340,21,***,36,*****
56,60.255,25.043,17.4,193201240600,270,10,***,28,*****
57,60.255,25.043,17.4,193201241800,270,15,***,32,*****
58,60.255,25.043,17.4,193201250600,270,21,***,36,*****
59,60.255,25.043,17.4,193201251200,270,21,***,36,*****
60,60.255,25.043,17.4,193201251800,230,15,***,36,*****
61,60.255,25.043,17.4,193201260600,250,15,***,32,*****
62,60.255,25.043,17.4,193201261200,290,28,***,37,*****
63,60.255,25.043,17.4,193201261800,290,21,***,34,*****
64,60.255,25.043,17.4,193201270600,320,10,***,25,*****
65,60.255,25.043,17.4,193201271200,230,10,***,34,*****
66,60.255,25.043,17.4,193201271800,270,15,***,36,*****
67,60.255,25.043,17.4,193201280600,320,15,***,41,*****
68,60.255,25.043,17.4,193201281200,230,10,***,43,*****
69,60.255,25.043,17.4,193201281800,290,15,***,37,*****
70,60.255,25.043,17.4,193201290600,250,21,***,36,*****
71,60.255,25.043,17.4,193201291200,250,15,***,37,*****
72,60.255,25.043,17.4,193201291800,270,21,***,37,*****
73,60.255,25.043,17.4,193201300600,320,28,***,36,*****
74,60.255,25.043,17.4,193201301200,340,28,***,34,*****
75,60.255,25.043,17.4,193201301800,360,28,***,25,*****
76,60.255,25.043,17.4,193201311200,290,10,***,23,*****
77,60.255,25.043,17.4,193202010600,320,34,***,28,*****
78,60.255,25.043,17.4,193202011200,340,28,***,25,*****
79,60.255,25.043,17.4,193202011800,360,34,***,21,*****
80,60.255,25.043,17.4,193202020600,360,15,***,14,*****
81,60.255,25.043,17.4,193202021200,320,6,***,18,*****
82,60.255,25.043,17.4,193202021800,320,6,***,18,*****
83,60.255,25.043,17.4,193202030600,340,10,***,1,*****
84,60.255,25.043,17.4,193202031200,270,6,***,12,*****
85,60.255,25.043,17.4,193202031800,180,10,***,21,*****
86,60.255,25.043,17.4,193202040600,340,15,***,27,*****
87,60.255,25.043,17.4,193202041200,360,28,***,30,*****
88,60.255,25.043,17.4,193202041800,020,28,***,12,*****
89,60.255,25.043,17.4,193202050600,020,21,***,1,*****
90,60.255,25.043,17.4,193202051200,050,21,***,7,*****
91,60.255,25.043,17.4,193202051800,320,10,***,3,*****
92,60.255,25.043,17.4,193202060600,270,21,***,25,*****
93,60.255,25.043,17.4,193202061200,270,15,***,32,*****
94,60.255,25.043,17.4,193202061800,320,15,***,32,*****
95,60.255,25.043,17.4,193202070600,360,15,***,21,*****
96,60.255,25.043,17.4,193202071800,070,15,***,18,*****
97,60.255,25.043,17.4,193202080600,020,15,***,7,*****
98,60.255,25.043,17.4,193202081200,070,15,***,5,*****
99,60.255,25.043,17.4,193202081800,050,15,***,0,*****
100,60.255,25.043,17.4,193202090600,050,15,***,0,*****
101,60.255,25.043,17.4,193202091200,050,21,***,10,*****
102,60.255,25.043,17.4,193202091800,050,21,***,3,*****
103,60.255,25.043,17.4,193202100600,340,10,***,-8,*****
104,60.255,25.043,17.4,193202101200,340,15,***,10,*****
105,60.255,25.043,17.4,193202101800,270,10,***,16,*****
106,60.255,25.043,17.4,193202110600,360,21,***,21,*****
107,60.255,25.043,17.4,193202111200,360,21,***,25,*****
108,60.255,25.043,17.4,193202111800,050,15,***,0,*****
109,60.255,25.043,17.4,193202120600,360,15,***,7,*****
110,60.255,25.043,17.4,193202121200,020,10,***,18,*****
111,60.255,25.043,17.4,193202121800,360,10,***,16,*****
112,60.255,25.043,17.4,193202131200,340,10,***,19,*****
113,60.255,25.043,17.4,193202131800,020,10,***,16,*****
114,60.255,25.043,17.4,193202140600,360,2,***,7,*****
115,60.255,25.043,17.4,193202141200,320,6,***,10,*****
116,60.255,25.043,17.4,193202141800,230,6,***,7,*****
117,60.255,25.043,17.4,193202150600,140,15,***,18,*****
118,60.255,25.043,17.4,193202151200,090,10,***,18,*****
119,60.255,25.043,17.4,193202151800,050,10,***,16,*****
120,60.255,25.043,17.4,193202160600,***,0,***,18,*****
121,60.255,25.043,17.4,193202161200,340,10,***,25,*****
122,60.255,25.043,17.4,193202161800,320,10,***,23,*****
123,60.255,25.043,17.4,193202171200,230,10,***,28,*****
124,60.255,25.043,17.4,193202171800,270,10,***,28,*****
125,60.255,25.043,17.4,193202181200,320,21,***,45,*****
126,60.255,25.043,17.4,193202181800,270,10,***,37,*****
127,60.255,25.043,17.4,193202190600,230,21,***,30,*****
128,60.255,25.043,17.4,193202191200,250,21,***,30,*****
129,60.255,25.043,17.4,193202191800,270,10,***,30,*****
130,60.255,25.043,17.4,193202200600,020,34,***,23,*****
131,60.255,25.043,17.4,193202201200,020,34,***,23,*****
132,60.255,25.043,17.4,193202201800,340,28,***,18,*****
133,60.255,25.043,17.4,193202211200,140,6,***,18,*****
134,60.255,25.043,17.4,193202211800,160,15,***,19,*****
135,60.255,25.043,17.4,193202220600,360,21,***,18,*****
136,60.255,25.043,17.4,193202221200,360,21,***,21,*****
137,60.255,25.043,17.4,193202221800,360,21,***,14,*****
138,60.255,25.043,17.4,193202230600,360,10,***,5,*****
139,60.255,25.043,17.4,193202231200,360,15,***,16,*****
140,60.255,25.043,17.4,193202231800,340,15,***,10,*****
141,60.255,25.043,17.4,193202240600,360,21,***,9,*****
142,60.255,25.043,17.4,193202241200,360,21,***,21,*****
143,60.255,25.043,17.4,193202241800,360,15,***,16,*****
144,60.255,25.043,17.4,193202250600,230,6,***,9,*****
145,60.255,25.043,17.4,193202251200,180,21,***,23,*****
146,60.255,25.043,17.4,193202251800,200,28,***,25,*****
147,60.255,25.043,17.4,193202260600,050,6,***,27,*****
148,60.255,25.043,17.4,193202261200,090,6,***,28,*****
149,60.255,25.043,17.4,193202261800,090,6,***,23,*****
150,60.255,25.043,17.4,193202270600,160,2,***,14,*****
151,60.255,25.043,17.4,193202271200,200,6,***,23,*****
152,60.255,25.043,17.4,193202271800,250,6,***,16,*****
153,60.255,25.043,17.4,193202280600,320,6,***,19,*****
154,60.255,25.043,17.4,193202281200,340,10,***,28,*****
155,60.255,25.043,17.4,193202281800,320,6,***,21,*****
156,60.255,25.043,17.4,193202290600,050,6,***,23,*****
157,60.255,25.043,17.4,193202291200,050,6,***,28,*****
158,60.255,25.043,17.4,193202291800,020,6,***,25,*****
159,60.255,25.043,17.4,193203010600,360,6,***,19,*****
160,60.255,25.043,17.4,193203011200,200,6,***,25,*****
161,60.255,25.043,17.4,193203011800,250,15,***,27,*****
162,60.255,25.043,17.4,193203020600,270,15,***,28,*****
163,60.255,25.043,17.4,193203021200,270,15,***,32,*****
164,60.255,25.043,17.4,193203021800,230,15,***,28,*****
165,60.255,25.043,17.4,193203030600,200,15,***,23,*****
166,60.255,25.043,17.4,193203031200,230,15,***,25,*****
167,60.255,25.043,17.4,193203040600,180,10,***,18,*****
168,60.255,25.043,17.4,193203041200,180,15,***,21,*****
169,60.255,25.043,17.4,193203041800,250,10,***,16,*****
170,60.255,25.043,17.4,193203050600,160,6,***,23,*****
171,60.255,25.043,17.4,193203051200,160,10,***,19,*****
172,60.255,25.043,17.4,193203051800,160,10,***,14,*****
173,60.255,25.043,17.4,193203060600,070,15,***,10,*****
174,60.255,25.043,17.4,193203061200,110,15,***,16,*****
175,60.255,25.043,17.4,193203061800,090,15,***,16,*****
176,60.255,25.043,17.4,193203070600,140,21,***,19,*****
177,60.255,25.043,17.4,193203071200,090,21,***,19,*****
178,60.255,25.043,17.4,193203071800,090,21,***,21,*****
179,60.255,25.043,17.4,193203080600,050,21,***,14,*****
180,60.255,25.043,17.4,193203081200,070,21,***,23,*****
181,60.255,25.043,17.4,193203081800,070,28,***,19,*****
182,60.255,25.043,17.4,193203090600,050,28,***,14,*****
183,60.255,25.043,17.4,193203091200,050,28,***,28,*****
184,60.255,25.043,17.4,193203091800,050,21,***,10,*****
185,60.255,25.043,17.4,193203100600,050,21,***,0,*****
186,60.255,25.043,17.4,193203101200,020,21,***,3,*****
187,60.255,25.043,17.4,193203101800,360,10,***,0,*****
188,60.255,25.043,17.4,193203110600,340,6,***,-2,*****
189,60.255,25.043,17.4,193203111200,270,6,***,9,*****
190,60.255,25.043,17.4,193203111800,250,6,***,5,*****
191,60.255,25.043,17.4,193203120600,160,10,***,3,*****
192,60.255,25.043,17.4,193203121200,180,10,***,19,*****
193,60.255,25.043,17.4,193203121800,180,21,***,19,*****
194,60.255,25.043,17.4,193203130600,230,21,***,25,*****
195,60.255,25.043,17.4,193203131200,200,21,***,25,*****
196,60.255,25.043,17.4,193203131800,200,10,***,25,*****
197,60.255,25.043,17.4,193203140600,140,21,***,25,*****
198,60.255,25.043,17.4,193203141200,140,21,***,28,*****
199,60.255,25.043,17.4,193203141800,090,6,***,28,*****
200,60.255,25.043,17.4,193203150600,360,28,***,21,*****
201,60.255,25.043,17.4,193203151200,360,28,***,27,*****
202,60.255,25.043,17.4,193203151800,360,21,***,23,*****
203,60.255,25.043,17.4,193203160600,250,10,***,19,*****
204,60.255,25.043,17.4,193203161200,140,6,***,28,*****
205,60.255,25.043,17.4,193203161800,230,6,***,30,*****
206,60.255,25.043,17.4,193203170600,360,15,***,18,*****
207,60.255,25.043,17.4,193203171200,360,21,***,23,*****
208,60.255,25.043,17.4,193203171800,320,10,***,19,*****
209,60.255,25.043,17.4,193203180600,250,10,***,23,*****
210,60.255,25.043,17.4,193203181200,200,6,***,32,*****
211,60.255,25.043,17.4,193203181800,140,6,***,27,*****
212,60.255,25.043,17.4,193203190600,020,6,***,16,*****
213,60.255,25.043,17.4,193203191200,180,6,***,25,*****
214,60.255,25.043,17.4,193203191800,270,10,***,21,*****
215,60.255,25.043,17.4,193203200600,050,6,***,19,*****
216,60.255,25.043,17.4,193203201200,340,10,***,30,*****
217,60.255,25.043,17.4,193203201800,290,10,***,21,*****
218,60.255,25.043,17.4,193203210600,360,6,***,16,*****
219,60.255,25.043,17.4,193203211200,050,6,***,27,*****
220,60.255,25.043,17.4,193203211800,250,10,***,18,*****
221,60.255,25.043,17.4,193203220600,230,10,***,18,*****
222,60.255,25.043,17.4,193203221200,270,15,***,36,*****
223,60.255,25.043,17.4,193203221800,270,10,***,34,*****
224,60.255,25.043,17.4,193203230600,050,10,***,27,*****
225,60.255,25.043,17.4,193203231200,140,10,***,34,*****
226,60.255,25.043,17.4,193203231800,090,10,***,27,*****
227,60.255,25.043,17.4,193203240600,050,6,***,21,*****
228,60.255,25.043,17.4,193203241200,140,6,***,23,*****
229,60.255,25.043,17.4,193203241800,230,10,***,19,*****
230,60.255,25.043,17.4,193203250600,250,10,***,30,*****
231,60.255,25.043,17.4,193203251200,270,15,***,28,*****
232,60.255,25.043,17.4,193203251800,250,34,***,27,*****
233,60.255,25.043,17.4,193203260600,270,6,***,30,*****
234,60.255,25.043,17.4,193203261200,250,10,***,39,*****
235,60.255,25.043,17.4,193203261800,***,0,***,32,*****
236,60.255,25.043,17.4,193203270600,090,2,***,27,*****
237,60.255,25.043,17.4,193203271200,140,10,***,32,*****
238,60.255,25.043,17.4,193203271800,230,15,***,27,*****
239,60.255,25.043,17.4,193203281200,230,15,***,36,*****
240,60.255,25.043,17.4,193203281800,230,10,***,30,*****
241,60.255,25.043,17.4,193203290600,180,15,***,27,*****
242,60.255,25.043,17.4,193203291200,180,15,***,32,*****
243,60.255,25.043,17.4,193203291800,180,10,***,30,*****
244,60.255,25.043,17.4,193203301200,200,10,***,36,*****
245,60.255,25.043,17.4,193203301800,180,10,***,34,*****
246,60.255,25.043,17.4,193203310600,140,10,***,34,*****
247,60.255,25.043,17.4,193203311200,140,15,***,36,*****
248,60.255,25.043,17.4,193203311800,140,15,***,34,*****
249,60.255,25.043,17.4,193204010600,140,15,***,34,*****
250,60.255,25.043,17.4,193204011200,140,21,***,37,*****
251,60.255,25.043,17.4,193204011800,140,21,***,34,*****
252,60.255,25.043,17.4,193204020600,140,15,***,34,*****
253,60.255,25.043,17.4,193204021200,140,10,***,34,*****
254,60.255,25.043,17.4,193204021800,140,6,***,34,*****
255,60.255,25.043,17.4,193204030600,***,***,***,34,*****
256,60.255,25.043,17.4,193204031200,160,10,***,36,*****
257,60.255,25.043,17.4,193204031800,160,10,***,34,*****
258,60.255,25.043,17.4,193204040600,140,6,***,36,*****
259,60.255,25.043,17.4,193204041200,140,10,***,36,*****
260,60.255,25.043,17.4,193204041800,140,6,***,36,*****
261,60.255,25.043,17.4,193204050600,070,6,***,34,*****
262,60.255,25.043,17.4,193204051200,110,15,***,34,*****
263,60.255,25.043,17.4,193204051800,140,10,***,34,*****
264,60.255,25.043,17.4,193204060600,140,10,***,34,*****
265,60.255,25.043,17.4,193204061200,140,10,***,34,*****
266,60.255,25.043,17.4,193204061800,140,10,***,50,*****
267,60.255,25.043,17.4,193204070600,200,21,***,34,*****
268,60.255,25.043,17.4,193204071200,230,15,***,34,*****
269,60.255,25.043,17.4,193204071800,200,10,***,32,*****
270,60.255,25.043,17.4,193204080600,090,10,***,34,*****
271,60.255,25.043,17.4,193204081200,290,15,***,32,*****
272,60.255,25.043,17.4,193204081800,270,21,***,27,*****
273,60.255,25.043,17.4,193204090600,230,10,***,30,*****
274,60.255,25.043,17.4,193204091200,270,10,***,37,*****
275,60.255,25.043,17.4,193204091800,290,10,***,32,*****
276,60.255,25.043,17.4,193204100600,290,6,***,39,*****
277,60.255,25.043,17.4,193204101200,230,15,***,39,*****
278,60.255,25.043,17.4,193204101800,140,28,***,37,*****
279,60.255,25.043,17.4,193204110600,180,21,***,37,*****
280,60.255,25.043,17.4,193204111200,160,21,***,43,*****
281,60.255,25.043,17.4,193204111800,200,15,***,39,*****
282,60.255,25.043,17.4,193204120600,180,15,***,39,*****
283,60.255,25.043,17.4,193204121200,140,10,***,43,*****
284,60.255,25.043,17.4,193204121800,140,6,***,39,*****
285,60.255,25.043,17.4,193204130600,070,10,***,37,*****
286,60.255,25.043,17.4,193204131200,160,15,***,37,*****
287,60.255,25.043,17.4,193204131800,200,15,***,34,*****
288,60.255,25.043,17.4,193204140600,250,6,***,41,*****
289,60.255,25.043,17.4,193204141200,230,15,***,43,*****
290,60.255,25.043,17.4,193204141800,200,6,***,37,*****
291,60.255,25.043,17.4,193204150600,020,6,***,39,*****
292,60.255,25.043,17.4,193204151200,360,15,***,43,*****
293,60.255,25.043,17.4,193204151800,070,6,***,39,*****
294,60.255,25.043,17.4,193204160600,020,15,***,36,*****
295,60.255,25.043,17.4,193204161200,050,10,***,37,*****
296,60.255,25.043,17.4,193204161800,110,6,***,34,*****
297,60.255,25.043,17.4,193204170600,160,6,***,39,*****
298,60.255,25.043,17.4,193204171200,230,10,***,36,*****
299,60.255,25.043,17.4,193204171800,200,10,***,32,*****
300,60.255,25.043,17.4,193204180600,200,10,***,****,*****
301,60.255,25.043,17.4,193204181200,230,10,***,34,*****
302,60.255,25.043,17.4,193204181800,200,10,***,32,*****
303,60.255,25.043,17.4,193204190600,320,10,***,39,*****
304,60.255,25.043,17.4,193204191200,230,10,***,39,*****
305,60.255,25.043,17.4,193204191800,290,6,***,34,*****
306,60.255,25.043,17.4,193204201200,200,10,***,43,*****
307,60.255,25.043,17.4,193204201800,230,10,***,37,*****
308,60.255,25.043,17.4,193204210600,160,6,***,39,*****
309,60.255,25.043,17.4,193204211200,160,10,***,43,*****
310,60.255,25.043,17.4,193204211800,140,6,***,37,*****
311,60.255,25.043,17.4,193204220600,140,15,***,41,*****
312,60.255,25.043,17.4,193204221200,180,10,***,50,*****
313,60.255,25.043,17.4,193204221800,160,6,***,39,*****
314,60.255,25.043,17.4,193204230600,160,10,***,45,*****
315,60.255,25.043,17.4,193204231200,140,6,***,50,*****
316,60.255,25.043,17.4,193204231800,160,15,***,43,*****
317,60.255,25.043,17.4,193204240600,070,6,***,48,*****
318,60.255,25.043,17.4,193204241200,230,10,***,54,*****
319,60.255,25.043,17.4,193204241800,***,***,***,39,*****
320,60.255,25.043,17.4,193204250600,340,2,***,48,*****
321,60.255,25.043,17.4,193204251200,140,10,***,52,*****
322,60.255,25.043,17.4,193204260600,090,10,***,****,*****
323,60.255,25.043,17.4,193204261200,110,10,***,37,*****
324,60.255,25.043,17.4,193204261800,160,6,***,36,*****
325,60.255,25.043,17.4,193204270600,270,6,***,43,*****
326,60.255,25.043,17.4,193204280600,070,15,***,45,*****
327,60.255,25.043,17.4,193204281200,140,15,***,45,*****
328,60.255,25.043,17.4,193204281800,200,6,***,39,*****
329,60.255,25.043,17.4,193204290600,200,6,***,36,*****
330,60.255,25.043,17.4,193204291800,140,6,***,37,*****
331,60.255,25.043,17.4,193204300600,360,10,***,45,*****
332,60.255,25.043,17.4,193204301200,180,10,***,48,*****
333,60.255,25.043,17.4,193204301800,230,2,***,46,*****
334,60.255,25.043,17.4,193205010600,140,6,***,46,*****
335,60.255,25.043,17.4,193205011200,140,10,***,52,*****
336,60.255,25.043,17.4,193205011800,110,6,***,48,*****
337,60.255,25.043,17.4,193205020600,090,2,***,52,*****
338,60.255,25.043,17.4,193205021200,140,15,***,54,*****
339,60.255,25.043,17.4,193205021800,200,6,***,48,*****
340,60.255,25.043,17.4,193205030600,050,21,***,50,*****
341,60.255,25.043,17.4,193205031200,140,10,***,48,*****
342,60.255,25.043,17.4,193205031800,140,2,***,45,*****
343,60.255,25.043,17.4,193205040600,070,6,***,41,*****
344,60.255,25.043,17.4,193205041200,140,15,***,45,*****
345,60.255,25.043,17.4,193205041800,110,6,***,45,*****
346,60.255,25.043,17.4,193205050600,070,15,***,43,*****
347,60.255,25.043,17.4,193205051200,090,15,***,43,*****
348,60.255,25.043,17.4,193205051800,***,***,***,****,*****
349,60.255,25.043,17.4,193205060600,180,6,***,45,*****
350,60.255,25.043,17.4,193205061200,200,15,***,45,*****
351,60.255,25.043,17.4,193205061800,200,6,***,41,*****
352,60.255,25.043,17.4,193205071200,090,15,***,48,*****
353,60.255,25.043,17.4,193205071800,140,21,***,45,*****
354,60.255,25.043,17.4,193205080600,140,6,***,48,*****
355,60.255,25.043,17.4,193205081200,180,6,***,57,*****
356,60.255,25.043,17.4,193205090600,360,10,***,50,*****
357,60.255,25.043,17.4,193205091200,140,6,***,55,*****
358,60.255,25.043,17.4,193205101200,070,15,***,50,*****
359,60.255,25.043,17.4,193205110600,270,10,***,41,*****
360,60.255,25.043,17.4,193205111200,200,15,***,39,*****
361,60.255,25.043,17.4,193205111800,200,10,***,37,*****
362,60.255,25.043,17.4,193205120600,140,15,***,45,*****
363,60.255,25.043,17.4,193205121200,180,21,***,54,*****
364,60.255,25.043,17.4,193205130600,230,6,***,48,*****
365,60.255,25.043,17.4,193205131200,160,15,***,50,*****
366,60.255,25.043,17.4,193205131800,180,10,***,43,*****
367,60.255,25.043,17.4,193205140600,140,10,***,46,*****
368,60.255,25.043,17.4,193205141200,160,15,***,45,*****
369,60.255,25.043,17.4,193205141800,200,21,***,45,*****
370,60.255,25.043,17.4,193205150600,340,10,***,54,*****
371,60.255,25.043,17.4,193205151200,360,10,***,55,*****
372,60.255,25.043,17.4,193205151800,360,10,***,54,*****
373,60.255,25.043,17.4,193205160600,250,2,***,61,*****
374,60.255,25.043,17.4,193205161200,160,21,***,63,*****
375,60.255,25.043,17.4,193205170600,140,2,***,66,*****
376,60.255,25.043,17.4,193205171200,180,10,***,64,*****
377,60.255,25.043,17.4,193205171800,180,10,***,57,*****
378,60.255,25.043,17.4,193205180600,250,2,***,68,*****
379,60.255,25.043,17.4,193205181200,230,15,***,66,*****
380,60.255,25.043,17.4,193205181800,250,10,***,63,*****
381,60.255,25.043,17.4,193205190600,230,10,***,59,*****
382,60.255,25.043,17.4,193205191200,200,15,***,55,*****
383,60.255,25.043,17.4,193205191800,250,10,***,46,*****
384,60.255,25.043,17.4,193205200600,230,6,***,59,*****
385,60.255,25.043,17.4,193205201200,180,10,***,59,*****
386,60.255,25.043,17.4,193205201800,200,10,***,52,*****
387,60.255,25.043,17.4,193205210600,230,10,***,63,*****
388,60.255,25.043,17.4,193205211200,230,10,***,52,*****
389,60.255,25.043,17.4,193205220600,020,6,***,57,*****
390,60.255,25.043,17.4,193205221200,230,6,***,54,*****
391,60.255,25.043,17.4,193205221800,140,6,***,48,*****
392,60.255,25.043,17.4,193205230600,090,28,***,41,*****
393,60.255,25.043,17.4,193205231200,090,28,***,41,*****
394,60.255,25.043,17.4,193205231800,110,10,***,39,*****
395,60.255,25.043,17.4,193205240600,140,6,***,45,*****
396,60.255,25.043,17.4,193205241200,140,10,***,54,*****
397,60.255,25.043,17.4,193205241800,140,6,***,48,*****
398,60.255,25.043,17.4,193205250600,090,6,***,52,*****
399,60.255,25.043,17.4,193205251200,050,15,***,55,*****
400,60.255,25.043,17.4,193205251800,050,15,***,54,*****
401,60.255,25.043,17.4,193205260600,050,15,***,52,*****
402,60.255,25.043,17.4,193205261200,090,15,***,54,*****
403,60.255,25.043,17.4,193205261800,110,10,***,54,*****
404,60.255,25.043,17.4,193205270600,140,21,***,55,*****
405,60.255,25.043,17.4,193205271200,140,15,***,54,*****
406,60.255,25.043,17.4,193205271800,110,10,***,50,*****
407,60.255,25.043,17.4,193205280600,090,6,***,55,*****
408,60.255,25.043,17.4,193205281200,110,10,***,55,*****
409,60.255,25.043,17.4,193205281800,180,6,***,52,*****
410,60.255,25.043,17.4,193205290600,320,10,***,61,*****
411,60.255,25.043,17.4,193205291200,200,10,***,70,*****
412,60.255,25.043,17.4,193205291800,230,6,***,63,*****
413,60.255,25.043,17.4,193205300600,320,2,***,68,*****
414,60.255,25.043,17.4,193205301200,200,10,***,66,*****
415,60.255,25.043,17.4,193205301800,180,2,***,64,*****
416,60.255,25.043,17.4,193205310600,160,6,***,66,*****
417,60.255,25.043,17.4,193205311200,180,10,***,66,*****
418,60.255,25.043,17.4,193205311800,200,6,***,61,*****
419,60.255,25.043,17.4,193206010600,020,21,***,57,*****
420,60.255,25.043,17.4,193206011200,360,15,***,61,*****
421,60.255,25.043,17.4,193206011800,020,15,***,57,*****
422,60.255,25.043,17.4,193206020600,050,6,***,55,*****
423,60.255,25.043,17.4,193206021200,180,15,***,54,*****
424,60.255,25.043,17.4,193206021800,180,6,***,50,*****
425,60.255,25.043,17.4,193206031200,180,15,***,59,*****
426,60.255,25.043,17.4,193206031800,270,10,***,50,*****
427,60.255,25.043,17.4,193206040600,140,10,***,52,*****
428,60.255,25.043,17.4,193206041800,270,10,***,50,*****
429,60.255,25.043,17.4,193206050600,180,15,***,52,*****
430,60.255,25.043,17.4,193206051200,180,15,***,50,*****
431,60.255,25.043,17.4,193206051800,230,15,***,46,*****
432,60.255,25.043,17.4,193206060600,160,10,***,48,*****
433,60.255,25.043,17.4,193206061200,180,15,***,52,*****
434,60.255,25.043,17.4,193206061800,230,21,***,50,*****
435,60.255,25.043,17.4,193206070600,270,15,***,55,*****
436,60.255,25.043,17.4,193206071200,270,10,***,57,*****
437,60.255,25.043,17.4,193206071800,180,10,***,50,*****
438,60.255,25.043,17.4,193206080600,160,10,***,50,*****
439,60.255,25.043,17.4,193206081200,140,10,***,50,*****
440,60.255,25.043,17.4,193206081800,***,0,***,48,*****
441,60.255,25.043,17.4,193206090600,160,10,***,48,*****
442,60.255,25.043,17.4,193206091200,290,6,***,50,*****
443,60.255,25.043,17.4,193206091800,290,10,***,48,*****
444,60.255,25.043,17.4,193206100600,270,15,***,54,*****
445,60.255,25.043,17.4,193206101200,290,21,***,59,*****
446,60.255,25.043,17.4,193206101800,320,15,***,57,*****
447,60.255,25.043,17.4,193206110600,320,10,***,59,*****
448,60.255,25.043,17.4,193206111200,230,10,***,59,*****
449,60.255,25.043,17.4,193206111800,230,10,***,57,*****
450,60.255,25.043,17.4,193206120600,180,6,***,61,*****
451,60.255,25.043,17.4,193206121200,200,10,***,68,*****
452,60.255,25.043,17.4,193206121800,020,10,***,59,*****
453,60.255,25.043,17.4,193206130600,140,6,***,64,*****
454,60.255,25.043,17.4,193206131200,140,10,***,70,*****
455,60.255,25.043,17.4,193206131800,160,2,***,61,*****
456,60.255,25.043,17.4,193206140600,340,10,***,61,*****
457,60.255,25.043,17.4,193206141200,180,10,***,66,*****
458,60.255,25.043,17.4,193206141800,160,6,***,63,*****
459,60.255,25.043,17.4,193206150600,050,10,***,55,*****
460,60.255,25.043,17.4,193206151200,360,15,***,63,*****
461,60.255,25.043,17.4,193206151800,020,15,***,55,*****
462,60.255,25.043,17.4,193206160600,050,28,***,55,*****
463,60.255,25.043,17.4,193206161200,020,34,***,46,*****
464,60.255,25.043,17.4,193206161800,020,21,***,46,*****
465,60.255,25.043,17.4,193206171200,090,6,***,52,*****
466,60.255,25.043,17.4,193206171800,050,6,***,54,*****
467,60.255,25.043,17.4,193206180600,020,10,***,55,*****
468,60.255,25.043,17.4,193206181200,340,10,***,63,*****
469,60.255,25.043,17.4,193206181800,050,15,***,59,*****
470,60.255,25.043,17.4,193206191200,140,6,***,55,*****
471,60.255,25.043,17.4,193206191800,200,6,***,55,*****
472,60.255,25.043,17.4,193206200600,110,6,***,57,*****
473,60.255,25.043,17.4,193206201200,140,6,***,61,*****
474,60.255,25.043,17.4,193206201800,160,6,***,55,*****
475,60.255,25.043,17.4,193206210600,110,10,***,55,*****
476,60.255,25.043,17.4,193206211200,110,10,***,63,*****
477,60.255,25.043,17.4,193206211800,050,15,***,59,*****
478,60.255,25.043,17.4,193206220600,050,10,***,55,*****
479,60.255,25.043,17.4,193206221800,180,2,***,57,*****
480,60.255,25.043,17.4,193206230600,050,6,***,70,*****
481,60.255,25.043,17.4,193206231200,140,15,***,75,*****
482,60.255,25.043,17.4,193206231800,***,0,***,68,*****
483,60.255,25.043,17.4,193206241200,140,10,***,66,*****
484,60.255,25.043,17.4,193206241800,140,10,***,63,*****
485,60.255,25.043,17.4,193206250600,140,10,***,59,*****
486,60.255,25.043,17.4,193206251200,110,10,***,64,*****
487,60.255,25.043,17.4,193206251800,070,28,***,61,*****
488,60.255,25.043,17.4,193206260600,230,2,***,59,*****
489,60.255,25.043,17.4,193206261200,200,10,***,61,*****
490,60.255,25.043,17.4,193206270600,180,10,***,61,*****
491,60.255,25.043,17.4,193206271200,200,21,***,64,*****
492,60.255,25.043,17.4,193206271800,230,15,***,55,*****
493,60.255,25.043,17.4,193206280600,160,15,***,61,*****
494,60.255,25.043,17.4,193206281200,***,***,***,64,*****
495,60.255,25.043,17.4,193206290600,230,6,***,59,*****
496,60.255,25.043,17.4,193206291200,200,10,***,61,*****
497,60.255,25.043,17.4,193206291800,230,6,***,59,*****
498,60.255,25.043,17.4,193206300600,340,15,***,59,*****
499,60.255,25.043,17.4,193206301200,320,***,***,68,*****
500,60.255,25.043,17.4,193206301800,360,10,***,64,*****
501,60.255,25.043,17.4,193207010600,270,6,***,64,*****
502,60.255,25.043,17.4,193207011200,180,15,***,66,*****
503,60.255,25.043,17.4,193207011800,250,10,***,64,*****
504,60.255,25.043,17.4,193207020600,230,2,***,68,*****
505,60.255,25.043,17.4,193207021200,140,6,***,70,*****
506,60.255,25.043,17.4,193207021800,***,***,***,64,*****
507,60.255,25.043,17.4,193207030600,160,6,***,70,*****
508,60.255,25.043,17.4,193207031800,140,6,***,66,*****
509,60.255,25.043,17.4,193207040600,200,6,***,72,*****
510,60.255,25.043,17.4,193207041200,140,10,***,77,*****
511,60.255,25.043,17.4,193207041800,180,6,***,70,*****
512,60.255,25.043,17.4,193207050600,200,6,***,73,*****
513,60.255,25.043,17.4,193207051200,230,10,***,77,*****
514,60.255,25.043,17.4,193207051800,360,10,***,77,*****
515,60.255,25.043,17.4,193207060600,050,6,***,75,*****
516,60.255,25.043,17.4,193207061200,140,10,***,77,*****
517,60.255,25.043,17.4,193207070600,140,6,***,72,*****
518,60.255,25.043,17.4,193207071200,140,10,***,75,*****
519,60.255,25.043,17.4,193207071800,140,10,***,68,*****
520,60.255,25.043,17.4,193207080600,140,10,***,70,*****
521,60.255,25.043,17.4,193207081200,200,10,***,73,*****
522,60.255,25.043,17.4,193207081800,200,15,***,68,*****
523,60.255,25.043,17.4,193207090600,230,10,***,68,*****
524,60.255,25.043,17.4,193207091200,180,15,***,72,*****
525,60.255,25.043,17.4,193207091800,200,10,***,66,*****
526,60.255,25.043,17.4,193207100600,***,***,***,73,*****
527,60.255,25.043,17.4,193207101200,200,10,***,66,*****
528,60.255,25.043,17.4,193207101800,270,10,***,68,*****
529,60.255,25.043,17.4,193207111200,270,15,***,81,*****
530,60.255,25.043,17.4,193207111800,360,15,***,75,*****
531,60.255,25.043,17.4,193207120600,180,6,***,72,*****
532,60.255,25.043,17.4,193207121800,340,15,***,70,*****
533,60.255,25.043,17.4,193207130600,360,10,***,68,*****
534,60.255,25.043,17.4,193207131800,360,6,***,****,*****
535,60.255,25.043,17.4,193207140600,***,10,***,70,*****
536,60.255,25.043,17.4,193207141800,230,6,***,66,*****
537,60.255,25.043,17.4,193207150600,140,6,***,70,*****
538,60.255,25.043,17.4,193207151800,***,6,***,64,*****
539,60.255,25.043,17.4,193207160600,140,2,***,70,*****
540,60.255,25.043,17.4,193207161200,140,10,***,75,*****
541,60.255,25.043,17.4,193207161800,140,15,***,68,*****
542,60.255,25.043,17.4,193207170600,090,15,***,64,*****
543,60.255,25.043,17.4,193207171200,090,21,***,63,*****
544,60.255,25.043,17.4,193207171800,140,21,***,63,*****
545,60.255,25.043,17.4,193207180600,140,15,***,70,*****
546,60.255,25.043,17.4,193207181200,110,15,***,75,*****
547,60.255,25.043,17.4,193207181800,160,10,***,66,*****
548,60.255,25.043,17.4,193207190600,140,10,***,66,*****
549,60.255,25.043,17.4,193207191200,140,15,***,66,*****
550,60.255,25.043,17.4,193207191800,230,10,***,66,*****
551,60.255,25.043,17.4,193207200600,020,6,***,63,*****
552,60.255,25.043,17.4,193207201200,200,10,***,68,*****
553,60.255,25.043,17.4,193207201800,320,10,***,61,*****
554,60.255,25.043,17.4,193207210600,180,10,***,64,*****
555,60.255,25.043,17.4,193207211800,230,6,***,66,*****
556,60.255,25.043,17.4,193207220600,110,6,***,70,*****
557,60.255,25.043,17.4,193207221200,140,10,***,72,*****
558,60.255,25.043,17.4,193207221800,160,2,***,68,*****
559,60.255,25.043,17.4,193207230600,***,***,***,73,*****
560,60.255,25.043,17.4,193207231800,200,6,***,72,*****
561,60.255,25.043,17.4,193207240600,140,2,***,79,*****
562,60.255,25.043,17.4,193207241200,230,10,***,79,*****
563,60.255,25.043,17.4,193207241800,200,6,***,75,*****
564,60.255,25.043,17.4,193207250600,070,2,***,81,*****
565,60.255,25.043,17.4,193207251200,180,10,***,82,*****
566,60.255,25.043,17.4,193207251800,050,10,***,75,*****
567,60.255,25.043,17.4,193207260600,050,2,***,79,*****
568,60.255,25.043,17.4,193207261200,140,10,***,82,*****
569,60.255,25.043,17.4,193207261800,160,2,***,77,*****
570,60.255,25.043,17.4,193207270600,140,2,***,81,*****
571,60.255,25.043,17.4,193207271200,090,10,***,77,*****
572,60.255,25.043,17.4,193207271800,140,2,***,75,*****
573,60.255,25.043,17.4,193207280600,140,6,***,79,*****
574,60.255,25.043,17.4,193207281200,140,10,***,81,*****
575,60.255,25.043,17.4,193207281800,270,6,***,72,*****
576,60.255,25.043,17.4,193207290600,230,10,***,72,*****
577,60.255,25.043,17.4,193207291200,230,6,***,70,*****
578,60.255,25.043,17.4,193207291800,230,2,***,64,*****
579,60.255,25.043,17.4,193207300600,140,6,***,68,*****
580,60.255,25.043,17.4,193207301200,140,15,***,72,*****
581,60.255,25.043,17.4,193207301800,180,10,***,66,*****
582,60.255,25.043,17.4,193207311200,230,15,***,73,*****
583,60.255,25.043,17.4,193208011200,140,6,***,72,*****
584,60.255,25.043,17.4,193208011800,***,***,***,****,*****
585,60.255,25.043,17.4,193208020600,180,15,***,70,*****
586,60.255,25.043,17.4,193208021200,140,10,***,72,*****
587,60.255,25.043,17.4,193208021800,230,15,***,66,*****
588,60.255,25.043,17.4,193208031200,250,15,***,72,*****
589,60.255,25.043,17.4,193208031800,180,6,***,68,*****
590,60.255,25.043,17.4,193208040600,050,6,***,66,*****
591,60.255,25.043,17.4,193208041200,140,15,***,73,*****
592,60.255,25.043,17.4,193208041800,140,6,***,68,*****
593,60.255,25.043,17.4,193208050600,180,15,***,68,*****
594,60.255,25.043,17.4,193208051200,230,6,***,68,*****
595,60.255,25.043,17.4,193208051800,050,6,***,64,*****
596,60.255,25.043,17.4,193208060600,020,10,***,61,*****
597,60.255,25.043,17.4,193208061200,020,6,***,66,*****
598,60.255,25.043,17.4,193208061800,360,10,***,63,*****
599,60.255,25.043,17.4,193208070600,320,6,***,63,*****
600,60.255,25.043,17.4,193208071200,140,6,***,70,*****
601,60.255,25.043,17.4,193208071800,020,10,***,66,*****
602,60.255,25.043,17.4,193208080600,110,10,***,68,*****
603,60.255,25.043,17.4,193208081200,050,15,***,77,*****
604,60.255,25.043,17.4,193208081800,110,6,***,70,*****
605,60.255,25.043,17.4,193208090600,140,6,***,70,*****
606,60.255,25.043,17.4,193208091200,110,6,***,70,*****
607,60.255,25.043,17.4,193208091800,340,10,***,66,*****
608,60.255,25.043,17.4,193208101200,140,21,***,****,*****
609,60.255,25.043,17.4,193208101800,090,15,***,63,*****
610,60.255,25.043,17.4,193208110600,140,10,***,63,*****
611,60.255,25.043,17.4,193208111200,140,10,***,66,*****
612,60.255,25.043,17.4,193208111800,110,6,***,64,*****
613,60.255,25.043,17.4,193208120600,090,6,***,68,*****
614,60.255,25.043,17.4,193208121200,360,6,***,72,*****
615,60.255,25.043,17.4,193208121800,***,0,***,66,*****
616,60.255,25.043,17.4,193208130600,050,6,***,68,*****
617,60.255,25.043,17.4,193208131200,180,6,***,72,*****
618,60.255,25.043,17.4,193208140600,050,10,***,68,*****
619,60.255,25.043,17.4,193208141200,***,***,***,79,*****
620,60.255,25.043,17.4,193208141800,320,10,***,70,*****
621,60.255,25.043,17.4,193208150600,200,6,***,73,*****
622,60.255,25.043,17.4,193208151200,250,10,***,73,*****
623,60.255,25.043,17.4,193208160600,***,***,***,59,*****
624,60.255,25.043,17.4,193208161200,140,2,***,68,*****
625,60.255,25.043,17.4,193208161800,140,6,***,64,*****
626,60.255,25.043,17.4,193208170600,160,10,***,70,*****
627,60.255,25.043,17.4,193208171200,140,10,***,73,*****
628,60.255,25.043,17.4,193208171800,180,15,***,68,*****
629,60.255,25.043,17.4,193208180600,230,15,***,66,*****
630,60.255,25.043,17.4,193208181200,230,21,***,70,*****
631,60.255,25.043,17.4,193208181800,270,10,***,64,*****
632,60.255,25.043,17.4,193208190600,290,10,***,66,*****
633,60.255,25.043,17.4,193208191200,320,***,***,59,*****
634,60.255,25.043,17.4,193208191800,270,6,***,61,*****
635,60.255,25.043,17.4,193208200600,140,6,***,64,*****
636,60.255,25.043,17.4,193208201200,140,15,***,64,*****
637,60.255,25.043,17.4,193208201800,140,15,***,61,*****
638,60.255,25.043,17.4,193208210600,230,15,***,63,*****
639,60.255,25.043,17.4,193208220600,340,6,***,57,*****
640,60.255,25.043,17.4,193208221800,360,10,***,55,*****
641,60.255,25.043,17.4,193208230600,360,6,***,57,*****
642,60.255,25.043,17.4,193208231200,200,6,***,63,*****
643,60.255,25.043,17.4,193208241200,360,21,***,61,*****
644,60.255,25.043,17.4,193208241800,320,6,***,55,*****
645,60.255,25.043,17.4,193208250600,270,10,***,57,*****
646,60.255,25.043,17.4,193208251200,320,21,***,64,*****
647,60.255,25.043,17.4,193208251800,320,10,***,59,*****
648,60.255,25.043,17.4,193208260600,320,15,***,61,*****
649,60.255,25.043,17.4,193208261800,050,6,***,61,*****
650,60.255,25.043,17.4,193208270600,230,6,***,63,*****
651,60.255,25.043,17.4,193208271200,230,10,***,61,*****
652,60.255,25.043,17.4,193208271800,200,6,***,59,*****
653,60.255,25.043,17.4,193208280600,090,6,***,57,*****
654,60.255,25.043,17.4,193208281200,320,2,***,61,*****
655,60.255,25.043,17.4,193208281800,320,6,***,57,*****
656,60.255,25.043,17.4,193208290600,020,10,***,57,*****
657,60.255,25.043,17.4,193208291200,020,10,***,61,*****
658,60.255,25.043,17.4,193208291800,360,6,***,57,*****
659,60.255,25.043,17.4,193208300600,070,2,***,55,*****
660,60.255,25.043,17.4,193208301200,180,6,***,59,*****
661,60.255,25.043,17.4,193208301800,270,2,***,55,*****
662,60.255,25.043,17.4,193208310600,050,2,***,57,*****
663,60.255,25.043,17.4,193208311200,230,6,***,61,*****
664,60.255,25.043,17.4,193208311800,230,6,***,55,*****
665,60.255,25.043,17.4,193209010600,***,0,***,63,*****
666,60.255,25.043,17.4,193209011200,200,21,***,64,*****
667,60.255,25.043,17.4,193209011800,230,10,***,59,*****
668,60.255,25.043,17.4,193209020600,180,10,***,61,*****
669,60.255,25.043,17.4,193209021200,180,15,***,63,*****
670,60.255,25.043,17.4,193209021800,180,10,***,63,*****
671,60.255,25.043,17.4,193209030600,230,15,***,59,*****
672,60.255,25.043,17.4,193209031200,200,10,***,59,*****
673,60.255,25.043,17.4,193209031800,230,10,***,55,*****
674,60.255,25.043,17.4,193209040600,250,10,***,59,*****
675,60.255,25.043,17.4,193209041200,230,21,***,59,*****
676,60.255,25.043,17.4,193209041800,230,15,***,55,*****
677,60.255,25.043,17.4,193209051200,200,21,***,61,*****
678,60.255,25.043,17.4,193209051800,230,10,***,54,*****
679,60.255,25.043,17.4,193209060600,250,6,***,59,*****
680,60.255,25.043,17.4,193209061200,200,15,***,59,*****
681,60.255,25.043,17.4,193209061800,200,6,***,54,*****
682,60.255,25.043,17.4,193209070600,180,10,***,55,*****
683,60.255,25.043,17.4,193209071200,140,15,***,61,*****
684,60.255,25.043,17.4,193209071800,160,10,***,59,*****
685,60.255,25.043,17.4,193209080600,230,10,***,57,*****
686,60.255,25.043,17.4,193209081200,230,15,***,61,*****
687,60.255,25.043,17.4,193209081800,230,10,***,54,*****
688,60.255,25.043,17.4,193209090600,230,2,***,54,*****
689,60.255,25.043,17.4,193209091200,320,10,***,59,*****
690,60.255,25.043,17.4,193209091800,230,6,***,55,*****
691,60.255,25.043,17.4,193209100600,140,10,***,59,*****
692,60.255,25.043,17.4,193209101200,110,10,***,63,*****
693,60.255,25.043,17.4,193209101800,180,21,***,64,*****
694,60.255,25.043,17.4,193209110600,160,10,***,61,*****
695,60.255,25.043,17.4,193209111200,140,10,***,61,*****
696,60.255,25.043,17.4,193209111800,180,15,***,55,*****
697,60.255,25.043,17.4,193209120600,160,6,***,54,*****
698,60.255,25.043,17.4,193209121200,250,15,***,55,*****
699,60.255,25.043,17.4,193209121800,230,10,***,52,*****
700,60.255,25.043,17.4,193209130600,230,10,***,57,*****
701,60.255,25.043,17.4,193209131200,320,21,***,55,*****
702,60.255,25.043,17.4,193209131800,270,10,***,50,*****
703,60.255,25.043,17.4,193209140600,290,15,***,50,*****
704,60.255,25.043,17.4,193209141200,340,15,***,50,*****
705,60.255,25.043,17.4,193209141800,360,15,***,43,*****
706,60.255,25.043,17.4,193209151200,180,15,***,50,*****
707,60.255,25.043,17.4,193209160600,290,15,***,55,*****
708,60.255,25.043,17.4,193209161200,290,21,***,59,*****
709,60.255,25.043,17.4,193209161800,320,10,***,50,*****
710,60.255,25.043,17.4,193209170600,250,6,***,50,*****
711,60.255,25.043,17.4,193209171200,320,15,***,59,*****
712,60.255,25.043,17.4,193209171800,320,10,***,48,*****
713,60.255,25.043,17.4,193209180600,320,6,***,48,*****
714,60.255,25.043,17.4,193209181200,160,10,***,48,*****
715,60.255,25.043,17.4,193209181800,140,10,***,50,*****
716,60.255,25.043,17.4,193209190600,140,10,***,52,*****
717,60.255,25.043,17.4,193209191200,230,15,***,55,*****
718,60.255,25.043,17.4,193209191800,180,10,***,55,*****
719,60.255,25.043,17.4,193209200600,200,10,***,52,*****
720,60.255,25.043,17.4,193209201200,230,15,***,54,*****
721,60.255,25.043,17.4,193209201800,270,10,***,48,*****
722,60.255,25.043,17.4,193209210600,290,15,***,50,*****
723,60.255,25.043,17.4,193209211200,230,10,***,52,*****
724,60.255,25.043,17.4,193209211800,270,10,***,46,*****
725,60.255,25.043,17.4,193209220600,320,10,***,45,*****
726,60.255,25.043,17.4,193209221200,320,15,***,46,*****
727,60.255,25.043,17.4,193209221800,290,15,***,43,*****
728,60.255,25.043,17.4,193209230600,180,15,***,48,*****
729,60.255,25.043,17.4,193209231200,180,21,***,52,*****
730,60.255,25.043,17.4,193209231800,180,15,***,48,*****
731,60.255,25.043,17.4,193209240600,250,10,***,52,*****
732,60.255,25.043,17.4,193209241200,290,15,***,54,*****
733,60.255,25.043,17.4,193209241800,230,10,***,48,*****
734,60.255,25.043,17.4,193209250600,140,2,***,45,*****
735,60.255,25.043,17.4,193209251200,140,10,***,54,*****
736,60.255,25.043,17.4,193209251800,160,10,***,52,*****
737,60.255,25.043,17.4,193209260600,230,10,***,54,*****
738,60.255,25.043,17.4,193209261200,180,15,***,55,*****
739,60.255,25.043,17.4,193209261800,180,10,***,54,*****
740,60.255,25.043,17.4,193209270600,140,15,***,54,*****
741,60.255,25.043,17.4,193209271200,180,21,***,55,*****
742,60.255,25.043,17.4,193209271800,270,10,***,52,*****
743,60.255,25.043,17.4,193209280600,270,10,***,45,*****
744,60.255,25.043,17.4,193209281200,230,15,***,52,*****
745,60.255,25.043,17.4,193209281800,230,15,***,46,*****
746,60.255,25.043,17.4,193209291200,230,21,***,54,*****
747,60.255,25.043,17.4,193209291800,250,15,***,52,*****
748,60.255,25.043,17.4,193209300600,340,10,***,50,*****
749,60.255,25.043,17.4,193209301200,180,6,***,54,*****
750,60.255,25.043,17.4,193209301800,160,10,***,50,*****
751,60.255,25.043,17.4,193210010600,140,15,***,52,*****
752,60.255,25.043,17.4,193210011200,230,28,***,55,*****
753,60.255,25.043,17.4,193210011800,230,28,***,54,*****
754,60.255,25.043,17.4,193210020600,160,15,***,52,*****
755,60.255,25.043,17.4,193210021200,320,15,***,46,*****
756,60.255,25.043,17.4,193210021800,270,15,***,41,*****
757,60.255,25.043,17.4,193210030600,270,10,***,41,*****
758,60.255,25.043,17.4,193210031200,320,15,***,45,*****
759,60.255,25.043,17.4,193210031800,320,10,***,37,*****
760,60.255,25.043,17.4,193210040600,290,10,***,37,*****
761,60.255,25.043,17.4,193210041200,270,10,***,45,*****
762,60.255,25.043,17.4,193210041800,250,2,***,37,*****
763,60.255,25.043,17.4,193210050600,110,15,***,45,*****
764,60.255,25.043,17.4,193210051200,140,15,***,45,*****
765,60.255,25.043,17.4,193210051800,140,6,***,45,*****
766,60.255,25.043,17.4,193210060600,050,10,***,41,*****
767,60.255,25.043,17.4,193210061200,020,6,***,45,*****
768,60.255,25.043,17.4,193210061800,050,6,***,37,*****
769,60.255,25.043,17.4,193210070600,320,6,***,37,*****
770,60.255,25.043,17.4,193210071200,140,6,***,39,*****
771,60.255,25.043,17.4,193210071800,140,15,***,41,*****
772,60.255,25.043,17.4,193210080600,230,6,***,48,*****
773,60.255,25.043,17.4,193210081200,200,10,***,50,*****
774,60.255,25.043,17.4,193210081800,140,10,***,43,*****
775,60.255,25.043,17.4,193210090600,110,10,***,46,*****
776,60.255,25.043,17.4,193210091200,140,15,***,45,*****
777,60.255,25.043,17.4,193210091800,140,15,***,43,*****
778,60.255,25.043,17.4,193210100600,110,21,***,45,*****
779,60.255,25.043,17.4,193210101200,140,28,***,48,*****
780,60.255,25.043,17.4,193210101800,140,28,***,46,*****
781,60.255,25.043,17.4,193210110600,140,21,***,43,*****
782,60.255,25.043,17.4,193210111200,140,15,***,45,*****
783,60.255,25.043,17.4,193210111800,140,10,***,43,*****
784,60.255,25.043,17.4,193210120600,360,2,***,41,*****
785,60.255,25.043,17.4,193210121200,***,0,***,46,*****
786,60.255,25.043,17.4,193210121800,160,6,***,46,*****
787,60.255,25.043,17.4,193210130600,230,10,***,48,*****
788,60.255,25.043,17.4,193210131200,230,15,***,50,*****
789,60.255,25.043,17.4,193210140600,160,15,***,50,*****
790,60.255,25.043,17.4,193210141200,140,10,***,50,*****
791,60.255,25.043,17.4,193210141800,160,21,***,52,*****
792,60.255,25.043,17.4,193210150600,140,10,***,50,*****
793,60.255,25.043,17.4,193210151200,140,10,***,52,*****
794,60.255,25.043,17.4,193210151800,140,15,***,52,*****
795,60.255,25.043,17.4,193210160600,180,6,***,52,*****
796,60.255,25.043,17.4,193210161200,180,15,***,48,*****
797,60.255,25.043,17.4,193210170600,230,15,***,48,*****
798,60.255,25.043,17.4,193210171200,250,15,***,50,*****
799,60.255,25.043,17.4,193210171800,180,15,***,46,*****
800,60.255,25.043,17.4,193210180600,160,2,***,46,*****
801,60.255,25.043,17.4,193210181200,230,2,***,48,*****
802,60.255,25.043,17.4,193210181800,270,6,***,45,*****
803,60.255,25.043,17.4,193210191200,020,6,***,45,*****
804,60.255,25.043,17.4,193210191800,020,10,***,41,*****
805,60.255,25.043,17.4,193210200600,270,10,***,37,*****
806,60.255,25.043,17.4,193210201200,320,10,***,39,*****
807,60.255,25.043,17.4,193210201800,320,10,***,37,*****
808,60.255,25.043,17.4,193210210600,070,2,***,32,*****
809,60.255,25.043,17.4,193210211200,140,10,***,41,*****
810,60.255,25.043,17.4,193210211800,070,10,***,39,*****
811,60.255,25.043,17.4,193210220600,050,6,***,36,*****
812,60.255,25.043,17.4,193210221200,180,6,***,41,*****
813,60.255,25.043,17.4,193210221800,200,6,***,37,*****
814,60.255,25.043,17.4,193210231200,180,28,***,50,*****
815,60.255,25.043,17.4,193210231800,250,28,***,48,*****
816,60.255,25.043,17.4,193210240600,250,10,***,43,*****
817,60.255,25.043,17.4,193210241200,180,6,***,46,*****
818,60.255,25.043,17.4,193210241800,050,6,***,41,*****
819,60.255,25.043,17.4,193210250600,320,10,***,34,*****
820,60.255,25.043,17.4,193210251200,320,15,***,43,*****
821,60.255,25.043,17.4,193210251800,270,10,***,36,*****
822,60.255,25.043,17.4,193210260600,230,15,***,39,*****
823,60.255,25.043,17.4,193210261200,270,10,***,39,*****
824,60.255,25.043,17.4,193210261800,320,2,***,34,*****
825,60.255,25.043,17.4,193210270600,050,10,***,32,*****
826,60.255,25.043,17.4,193210271200,020,21,***,36,*****
827,60.255,25.043,17.4,193210271800,070,21,***,32,*****
828,60.255,25.043,17.4,193210280600,360,21,***,43,*****
829,60.255,25.043,17.4,193210281200,360,21,***,36,*****
830,60.255,25.043,17.4,193210281800,360,15,***,28,*****
831,60.255,25.043,17.4,193210290600,020,10,***,25,*****
832,60.255,25.043,17.4,193210291800,360,10,***,28,*****
833,60.255,25.043,17.4,193210300600,***,0,***,25,*****
834,60.255,25.043,17.4,193210301800,050,2,***,27,*****
835,60.255,25.043,17.4,193210311200,140,10,***,34,*****
836,60.255,25.043,17.4,193210311800,050,15,***,34,*****
837,60.255,25.043,17.4,193211010600,020,15,***,32,*****
838,60.255,25.043,17.4,193211011200,050,15,***,34,*****
839,60.255,25.043,17.4,193211011800,050,10,***,32,*****
840,60.255,25.043,17.4,193211020600,050,6,***,28,*****
841,60.255,25.043,17.4,193211021200,020,6,***,30,*****
842,60.255,25.043,17.4,193211021800,050,6,***,27,*****
843,60.255,25.043,17.4,193211030600,140,10,***,34,*****
844,60.255,25.043,17.4,193211031200,180,10,***,39,*****
845,60.255,25.043,17.4,193211031800,070,10,***,30,*****
846,60.255,25.043,17.4,193211040600,160,10,***,36,*****
847,60.255,25.043,17.4,193211041200,140,15,***,37,*****
848,60.255,25.043,17.4,193211041800,140,15,***,39,*****
849,60.255,25.043,17.4,193211050600,090,10,***,41,*****
850,60.255,25.043,17.4,193211051200,050,10,***,39,*****
851,60.255,25.043,17.4,193211051800,050,15,***,36,*****
852,60.255,25.043,17.4,193211060600,360,10,***,36,*****
853,60.255,25.043,17.4,193211061800,270,10,***,30,*****
854,60.255,25.043,17.4,193211071200,230,15,***,45,*****
855,60.255,25.043,17.4,193211071800,250,21,***,43,*****
856,60.255,25.043,17.4,193211080600,290,10,***,41,*****
857,60.255,25.043,17.4,193211081800,020,6,***,34,*****
858,60.255,25.043,17.4,193211090600,070,6,***,37,*****
859,60.255,25.043,17.4,193211091800,180,15,***,41,*****
860,60.255,25.043,17.4,193211100600,140,15,***,41,*****
861,60.255,25.043,17.4,193211101200,180,21,***,41,*****
862,60.255,25.043,17.4,193211101800,200,21,***,43,*****
863,60.255,25.043,17.4,193211110600,270,10,***,41,*****
864,60.255,25.043,17.4,193211111200,270,10,***,41,*****
865,60.255,25.043,17.4,193211111800,360,10,***,36,*****
866,60.255,25.043,17.4,193211121200,050,10,***,32,*****
867,60.255,25.043,17.4,193211121800,050,6,***,27,*****
868,60.255,25.043,17.4,193211130600,250,10,***,34,*****
869,60.255,25.043,17.4,193211131200,250,10,***,37,*****
870,60.255,25.043,17.4,193211131800,290,10,***,34,*****
871,60.255,25.043,17.4,193211140600,250,15,***,36,*****
872,60.255,25.043,17.4,193211141200,270,15,***,39,*****
873,60.255,25.043,17.4,193211141800,270,15,***,34,*****
874,60.255,25.043,17.4,193211150600,270,15,***,32,*****
875,60.255,25.043,17.4,193211151200,290,15,***,37,*****
876,60.255,25.043,17.4,193211151800,290,15,***,37,*****
877,60.255,25.043,17.4,193211160600,340,15,***,28,*****
878,60.255,25.043,17.4,193211161200,320,10,***,32,*****
879,60.255,25.043,17.4,193211161800,320,10,***,28,*****
880,60.255,25.043,17.4,193211170600,340,6,***,28,*****
881,60.255,25.043,17.4,193211171200,360,6,***,28,*****
882,60.255,25.043,17.4,193211171800,360,21,***,23,*****
883,60.255,25.043,17.4,193211180600,360,15,***,18,*****
884,60.255,25.043,17.4,193211181200,360,10,***,21,*****
885,60.255,25.043,17.4,193211181800,360,10,***,18,*****
886,60.255,25.043,17.4,193211190600,180,10,***,21,*****
887,60.255,25.043,17.4,193211191200,180,10,***,32,*****
888,60.255,25.043,17.4,193211191800,200,21,***,36,*****
889,60.255,25.043,17.4,193211200600,230,10,***,36,*****
890,60.255,25.043,17.4,193211201200,200,15,***,36,*****
891,60.255,25.043,17.4,193211201800,230,10,***,36,*****
892,60.255,25.043,17.4,193211210600,180,10,***,37,*****
893,60.255,25.043,17.4,193211211200,160,10,***,37,*****
894,60.255,25.043,17.4,193211211800,180,15,***,37,*****
895,60.255,25.043,17.4,193211220600,110,15,***,39,*****
896,60.255,25.043,17.4,193211221200,180,21,***,39,*****
897,60.255,25.043,17.4,193211221800,200,21,***,41,*****
898,60.255,25.043,17.4,193211230600,180,21,***,41,*****
899,60.255,25.043,17.4,193211231200,180,21,***,39,*****
900,60.255,25.043,17.4,193211231800,160,21,***,41,*****
901,60.255,25.043,17.4,193211240600,180,10,***,41,*****
902,60.255,25.043,17.4,193211241800,140,21,***,41,*****
903,60.255,25.043,17.4,193211250600,180,21,***,41,*****
904,60.255,25.043,17.4,193211251200,160,15,***,39,*****
905,60.255,25.043,17.4,193211261200,230,6,***,36,*****
906,60.255,25.043,17.4,193211261800,180,2,***,30,*****
907,60.255,25.043,17.4,193211270600,160,21,***,37,*****
908,60.255,25.043,17.4,193211271800,160,28,***,37,*****
909,60.255,25.043,17.4,193211280600,***,***,***,41,*****
910,60.255,25.043,17.4,193211281200,200,21,***,43,*****
911,60.255,25.043,17.4,193211281800,230,10,***,41,*****
912,60.255,25.043,17.4,193211291200,250,21,***,41,*****
913,60.255,25.043,17.4,193211291800,230,28,***,43,*****
914,60.255,25.043,17.4,193211301200,230,28,***,45,*****
915,60.255,25.043,17.4,193211301800,230,28,***,43,*****
916,60.255,25.043,17.4,193212010600,230,21,***,41,*****
917,60.255,25.043,17.4,193212011200,230,28,***,41,*****
918,60.255,25.043,17.4,193212011800,180,28,***,41,*****
919,60.255,25.043,17.4,193212020600,180,21,***,39,*****
920,60.255,25.043,17.4,193212021200,180,28,***,39,*****
921,60.255,25.043,17.4,193212021800,270,15,***,43,*****
922,60.255,25.043,17.4,193212030600,180,10,***,41,*****
923,60.255,25.043,17.4,193212031200,140,10,***,41,*****
924,60.255,25.043,17.4,193212031800,140,10,***,41,*****
925,60.255,25.043,17.4,193212040600,160,10,***,41,*****
926,60.255,25.043,17.4,193212041200,180,15,***,41,*****
927,60.255,25.043,17.4,193212041800,200,15,***,43,*****
928,60.255,25.043,17.4,193212051200,200,6,***,39,*****
929,60.255,25.043,17.4,193212051800,230,6,***,37,*****
930,60.255,25.043,17.4,193212060600,050,6,***,34,*****
931,60.255,25.043,17.4,193212061200,050,10,***,36,*****
932,60.255,25.043,17.4,193212061800,050,10,***,34,*****
933,60.255,25.043,17.4,193212070600,050,15,***,32,*****
934,60.255,25.043,17.4,193212071200,050,15,***,34,*****
935,60.255,25.043,17.4,193212071800,050,15,***,30,*****
936,60.255,25.043,17.4,193212081200,360,15,***,27,*****
937,60.255,25.043,17.4,193212081800,360,21,***,25,*****
938,60.255,25.043,17.4,193212090600,360,15,***,27,*****
939,60.255,25.043,17.4,193212091800,360,15,***,25,*****
940,60.255,25.043,17.4,193212100600,290,15,***,32,*****
941,60.255,25.043,17.4,193212101200,250,15,***,36,*****
942,60.255,25.043,17.4,193212101800,320,15,***,36,*****
943,60.255,25.043,17.4,193212110600,020,10,***,27,*****
944,60.255,25.043,17.4,193212111800,320,10,***,36,*****
945,60.255,25.043,17.4,193212121200,340,6,***,28,*****
946,60.255,25.043,17.4,193212121800,270,10,***,28,*****
947,60.255,25.043,17.4,193212130600,290,10,***,30,*****
948,60.255,25.043,17.4,193212131200,270,6,***,28,*****
949,60.255,25.043,17.4,193212131800,320,6,***,28,*****
950,60.255,25.043,17.4,193212141200,140,6,***,30,*****
951,60.255,25.043,17.4,193212141800,180,6,***,30,*****
952,60.255,25.043,17.4,193212150600,180,6,***,32,*****
953,60.255,25.043,17.4,193212151800,160,15,***,37,*****
954,60.255,25.043,17.4,193212160600,200,10,***,41,*****
955,60.255,25.043,17.4,193212161200,250,10,***,39,*****
956,60.255,25.043,17.4,193212161800,250,10,***,39,*****
957,60.255,25.043,17.4,193212170600,230,10,***,41,*****
958,60.255,25.043,17.4,193212171200,290,6,***,39,*****
959,60.255,25.043,17.4,193212171800,200,10,***,39,*****
960,60.255,25.043,17.4,193212180600,200,15,***,43,*****
961,60.255,25.043,17.4,193212181200,230,15,***,45,*****
962,60.255,25.043,17.4,193212181800,250,21,***,46,*****
963,60.255,25.043,17.4,193212190600,230,15,***,41,*****
964,60.255,25.043,17.4,193212191200,230,15,***,43,*****
965,60.255,25.043,17.4,193212191800,230,15,***,43,*****
966,60.255,25.043,17.4,193212200600,230,15,***,41,*****
967,60.255,25.043,17.4,193212201200,230,10,***,41,*****
968,60.255,25.043,17.4,193212201800,230,15,***,41,*****
969,60.255,25.043,17.4,193212210600,320,15,***,41,*****
970,60.255,25.043,17.4,193212211200,290,15,***,36,*****
971,60.255,25.043,17.4,193212211800,320,15,***,34,*****
972,60.255,25.043,17.4,193212220600,320,6,***,27,*****
973,60.255,25.043,17.4,193212221200,140,6,***,30,*****
974,60.255,25.043,17.4,193212221800,270,2,***,28,*****
975,60.255,25.043,17.4,193212230600,230,***,***,36,*****
976,60.255,25.043,17.4,193212231200,230,6,***,37,*****
977,60.255,25.043,17.4,193212231800,200,10,***,37,*****
978,60.255,25.043,17.4,193212240600,270,10,***,37,*****
979,60.255,25.043,17.4,193212241200,320,6,***,37,*****
980,60.255,25.043,17.4,193212241800,320,6,***,36,*****
981,60.255,25.043,17.4,193212250600,140,6,***,37,*****
982,60.255,25.043,17.4,193212251200,270,6,***,37,*****
983,60.255,25.043,17.4,193212251800,320,10,***,37,*****
984,60.255,25.043,17.4,193212260600,290,15,***,36,*****
985,60.255,25.043,17.4,193212261200,290,15,***,37,*****
986,60.255,25.043,17.4,193212261800,270,10,***,37,*****
987,60.255,25.043,17.4,193212270600,290,6,***,34,*****
988,60.255,25.043,17.4,193212271200,250,15,***,39,*****
989,60.255,25.043,17.4,193212271800,250,21,***,41,*****
990,60.255,25.043,17.4,193212280600,290,15,***,37,*****
991,60.255,25.043,17.4,193212281200,270,15,***,41,*****
992,60.255,25.043,17.4,193212281800,250,15,***,39,*****
993,60.255,25.043,17.4,193212290600,250,15,***,41,*****
994,60.255,25.043,17.4,193212291200,250,21,***,41,*****
995,60.255,25.043,17.4,193212291800,250,21,***,43,*****
996,60.255,25.043,17.4,193212300600,250,15,***,39,*****
997,60.255,25.043,17.4,193212301200,250,21,***,39,*****
998,60.255,25.043,17.4,193212301800,250,21,***,37,*****
999,60.255,25.043,17.4,193212310600,200,10,***,37,*****
