,Lat,Lon,Ele,YR--MODAHRMN,DIR,SPD,GUS,TEMP,ALT
0,60.255,25.043,17.4,193301010600,250,6,***,37,*****
1,60.255,25.043,17.4,193301011200,270,10,***,37,*****
2,60.255,25.043,17.4,193301011800,250,6,***,37,*****
3,60.255,25.043,17.4,193301020600,180,10,***,34,*****
4,60.255,25.043,17.4,193301021200,230,10,***,34,*****
5,60.255,25.043,17.4,193301021800,180,15,***,34,*****
6,60.255,25.043,17.4,193301030600,160,10,***,32,*****
7,60.255,25.043,17.4,193301031200,200,21,***,34,*****
8,60.255,25.043,17.4,193301031800,180,21,***,34,*****
9,60.255,25.043,17.4,193301040600,230,21,***,39,*****
10,60.255,25.043,17.4,193301041200,200,15,***,39,*****
11,60.255,25.043,17.4,193301041800,230,10,***,37,*****
12,60.255,25.043,17.4,193301050600,180,10,***,36,*****
13,60.255,25.043,17.4,193301051200,160,10,***,34,*****
14,60.255,25.043,17.4,193301051800,160,10,***,32,*****
15,60.255,25.043,17.4,193301060600,140,10,***,34,*****
16,60.255,25.043,17.4,193301061800,160,15,***,34,*****
17,60.255,25.043,17.4,193301070600,140,10,***,32,*****
18,60.255,25.043,17.4,193301071200,160,10,***,34,*****
19,60.255,25.043,17.4,193301071800,***,***,***,34,*****
20,60.255,25.043,17.4,193301080600,140,10,***,32,*****
21,60.255,25.043,17.4,193301081200,230,6,***,36,*****
22,60.255,25.043,17.4,193301081800,180,15,***,36,*****
23,60.255,25.043,17.4,193301090600,140,28,***,34,*****
24,60.255,25.043,17.4,193301091200,180,28,***,34,*****
25,60.255,25.043,17.4,193301091800,200,28,***,32,*****
26,60.255,25.043,17.4,193301100600,140,15,***,27,*****
27,60.255,25.043,17.4,193301101200,140,15,***,23,*****
28,60.255,25.043,17.4,193301101800,140,15,***,23,*****
29,60.255,25.043,17.4,193301110600,140,10,***,19,*****
30,60.255,25.043,17.4,193301111200,140,15,***,21,*****
31,60.255,25.043,17.4,193301111800,160,15,***,21,*****
32,60.255,25.043,17.4,193301120600,140,10,***,23,*****
33,60.255,25.043,17.4,193301121200,140,6,***,21,*****
34,60.255,25.043,17.4,193301121800,140,6,***,21,*****
35,60.255,25.043,17.4,193301130600,180,10,***,21,*****
36,60.255,25.043,17.4,193301131200,140,10,***,****,*****
37,60.255,25.043,17.4,193301131800,140,6,***,21,*****
38,60.255,25.043,17.4,193301140600,230,10,***,27,*****
39,60.255,25.043,17.4,193301141200,200,10,***,28,*****
40,60.255,25.043,17.4,193301141800,200,21,***,30,*****
41,60.255,25.043,17.4,193301150600,180,15,***,32,*****
42,60.255,25.043,17.4,193301151200,180,10,***,32,*****
43,60.255,25.043,17.4,193301151800,230,6,***,32,*****
44,60.255,25.043,17.4,193301160600,***,0,***,25,*****
45,60.255,25.043,17.4,193301161200,140,15,***,23,*****
46,60.255,25.043,17.4,193301161800,050,10,***,21,*****
47,60.255,25.043,17.4,193301170600,050,10,***,16,*****
48,60.255,25.043,17.4,193301171200,070,21,***,16,*****
49,60.255,25.043,17.4,193301171800,090,15,***,14,*****
50,60.255,25.043,17.4,193301180600,110,21,***,14,*****
51,60.255,25.043,17.4,193301181200,110,15,***,14,*****
52,60.255,25.043,17.4,193301181800,050,10,***,10,*****
53,60.255,25.043,17.4,193301190600,050,10,***,5,*****
54,60.255,25.043,17.4,193301191200,050,10,***,3,*****
55,60.255,25.043,17.4,193301191800,050,15,***,0,*****
56,60.255,25.043,17.4,193301200600,050,15,***,-2,*****
57,60.255,25.043,17.4,193301201200,050,10,***,0,*****
58,60.255,25.043,17.4,193301201800,050,10,***,3,*****
59,60.255,25.043,17.4,193301210600,070,10,***,-4,*****
60,60.255,25.043,17.4,193301211200,050,10,***,-4,*****
61,60.255,25.043,17.4,193301211800,050,10,***,-6,*****
62,60.255,25.043,17.4,193301220600,050,10,***,-6,*****
63,60.255,25.043,17.4,193301221200,050,15,***,0,*****
64,60.255,25.043,17.4,193301221800,050,10,***,-2,*****
65,60.255,25.043,17.4,193301230600,070,10,***,3,*****
66,60.255,25.043,17.4,193301231200,090,10,***,9,*****
67,60.255,25.043,17.4,193301231800,050,6,***,9,*****
68,60.255,25.043,17.4,193301240600,180,10,***,18,*****
69,60.255,25.043,17.4,193301241200,230,15,***,23,*****
70,60.255,25.043,17.4,193301241800,230,21,***,27,*****
71,60.255,25.043,17.4,193301251200,340,10,***,32,*****
72,60.255,25.043,17.4,193301251800,320,10,***,32,*****
73,60.255,25.043,17.4,193301260600,290,10,***,30,*****
74,60.255,25.043,17.4,193301261200,290,15,***,30,*****
75,60.255,25.043,17.4,193301261800,290,10,***,32,*****
76,60.255,25.043,17.4,193301270600,290,10,***,32,*****
77,60.255,25.043,17.4,193301271200,320,10,***,34,*****
78,60.255,25.043,17.4,193301271800,360,21,***,32,*****
79,60.255,25.043,17.4,193301280600,290,10,***,34,*****
80,60.255,25.043,17.4,193301281800,360,28,***,32,*****
81,60.255,25.043,17.4,193301290600,270,10,***,25,*****
82,60.255,25.043,17.4,193301291800,160,6,***,32,*****
83,60.255,25.043,17.4,193301300600,270,6,***,28,*****
84,60.255,25.043,17.4,193301301200,090,6,***,32,*****
85,60.255,25.043,17.4,193301301800,110,6,***,32,*****
86,60.255,25.043,17.4,193301310600,110,15,***,30,*****
87,60.255,25.043,17.4,193301311200,140,21,***,28,*****
88,60.255,25.043,17.4,193301311800,140,15,***,27,*****
89,60.255,25.043,17.4,193302010600,140,6,***,25,*****
90,60.255,25.043,17.4,193302011200,140,6,***,25,*****
91,60.255,25.043,17.4,193302011800,160,15,***,27,*****
92,60.255,25.043,17.4,193302020600,140,21,***,34,*****
93,60.255,25.043,17.4,193302021200,160,21,***,34,*****
94,60.255,25.043,17.4,193302021800,200,21,***,34,*****
95,60.255,25.043,17.4,193302030600,140,10,***,36,*****
96,60.255,25.043,17.4,193302031200,140,10,***,34,*****
97,60.255,25.043,17.4,193302031800,320,10,***,34,*****
98,60.255,25.043,17.4,193302040600,270,***,***,27,*****
99,60.255,25.043,17.4,193302041800,200,21,***,34,*****
100,60.255,25.043,17.4,193302050600,180,28,***,32,*****
101,60.255,25.043,17.4,193302051200,180,28,***,32,*****
102,60.255,25.043,17.4,193302051800,230,6,***,32,*****
103,60.255,25.043,17.4,193302060600,290,6,***,18,*****
104,60.255,25.043,17.4,193302061200,290,34,***,27,*****
105,60.255,25.043,17.4,193302061800,320,6,***,28,*****
106,60.255,25.043,17.4,193302070600,340,10,***,23,*****
107,60.255,25.043,17.4,193302071200,340,10,***,21,*****
108,60.255,25.043,17.4,193302071800,360,6,***,16,*****
109,60.255,25.043,17.4,193302080600,050,6,***,18,*****
110,60.255,25.043,17.4,193302081200,140,10,***,25,*****
111,60.255,25.043,17.4,193302081800,140,15,***,27,*****
112,60.255,25.043,17.4,193302090600,160,28,***,27,*****
113,60.255,25.043,17.4,193302091200,180,28,***,28,*****
114,60.255,25.043,17.4,193302091800,180,28,***,32,*****
115,60.255,25.043,17.4,193302100600,320,10,***,34,*****
116,60.255,25.043,17.4,193302101200,340,10,***,32,*****
117,60.255,25.043,17.4,193302101800,320,10,***,28,*****
118,60.255,25.043,17.4,193302110600,340,15,***,27,*****
119,60.255,25.043,17.4,193302111200,340,21,***,27,*****
120,60.255,25.043,17.4,193302111800,360,21,***,27,*****
121,60.255,25.043,17.4,193302120600,020,10,***,30,*****
122,60.255,25.043,17.4,193302121200,200,6,***,23,*****
123,60.255,25.043,17.4,193302121800,230,10,***,30,*****
124,60.255,25.043,17.4,193302131200,290,10,***,30,*****
125,60.255,25.043,17.4,193302131800,320,10,***,27,*****
126,60.255,25.043,17.4,193302140600,340,10,***,****,*****
127,60.255,25.043,17.4,193302141200,360,10,***,25,*****
128,60.255,25.043,17.4,193302141800,020,10,***,23,*****
129,60.255,25.043,17.4,193302150600,050,6,***,18,*****
130,60.255,25.043,17.4,193302151200,050,15,***,23,*****
131,60.255,25.043,17.4,193302151800,050,15,***,19,*****
132,60.255,25.043,17.4,193302160600,050,6,***,14,*****
133,60.255,25.043,17.4,193302161200,020,10,***,25,*****
134,60.255,25.043,17.4,193302161800,360,10,***,****,*****
135,60.255,25.043,17.4,193302170600,360,6,***,14,*****
136,60.255,25.043,17.4,193302171200,360,10,***,16,*****
137,60.255,25.043,17.4,193302171800,360,6,***,12,*****
138,60.255,25.043,17.4,193302180600,360,10,***,9,*****
139,60.255,25.043,17.4,193302181200,020,6,***,10,*****
140,60.255,25.043,17.4,193302181800,020,6,***,7,*****
141,60.255,25.043,17.4,193302190600,020,6,***,7,*****
142,60.255,25.043,17.4,193302191200,050,10,***,10,*****
143,60.255,25.043,17.4,193302191800,050,10,***,5,*****
144,60.255,25.043,17.4,193302200600,090,15,***,5,*****
145,60.255,25.043,17.4,193302201200,090,15,***,14,*****
146,60.255,25.043,17.4,193302201800,050,6,***,36,*****
147,60.255,25.043,17.4,193302210600,070,6,***,12,*****
148,60.255,25.043,17.4,193302211200,110,6,***,16,*****
149,60.255,25.043,17.4,193302211800,050,10,***,10,*****
150,60.255,25.043,17.4,193302220600,050,10,***,0,*****
151,60.255,25.043,17.4,193302221200,070,10,***,7,*****
152,60.255,25.043,17.4,193302221800,070,15,***,5,*****
153,60.255,25.043,17.4,193302230600,090,15,***,7,*****
154,60.255,25.043,17.4,193302231200,070,28,***,12,*****
155,60.255,25.043,17.4,193302231800,090,34,***,12,*****
156,60.255,25.043,17.4,193302240600,140,21,***,18,*****
157,60.255,25.043,17.4,193302241200,090,15,***,18,*****
158,60.255,25.043,17.4,193302241800,090,15,***,18,*****
159,60.255,25.043,17.4,193302250600,020,6,***,18,*****
160,60.255,25.043,17.4,193302251200,070,6,***,23,*****
161,60.255,25.043,17.4,193302251800,320,10,***,21,*****
162,60.255,25.043,17.4,193302260600,320,6,***,7,*****
163,60.255,25.043,17.4,193302261200,020,6,***,19,*****
164,60.255,25.043,17.4,193302261800,050,6,***,18,*****
165,60.255,25.043,17.4,193302270600,050,2,***,16,*****
166,60.255,25.043,17.4,193302271200,070,2,***,21,*****
167,60.255,25.043,17.4,193302271800,140,2,***,21,*****
168,60.255,25.043,17.4,193302280600,140,10,***,21,*****
169,60.255,25.043,17.4,193302281200,200,15,***,23,*****
170,60.255,25.043,17.4,193302281800,230,15,***,25,*****
171,60.255,25.043,17.4,193303010600,290,10,***,27,*****
172,60.255,25.043,17.4,193303011200,290,10,***,30,*****
173,60.255,25.043,17.4,193303011800,320,10,***,25,*****
174,60.255,25.043,17.4,193303020600,340,6,***,12,*****
175,60.255,25.043,17.4,193303021800,110,10,***,14,*****
176,60.255,25.043,17.4,193303030600,140,6,***,28,*****
177,60.255,25.043,17.4,193303031200,140,6,***,27,*****
178,60.255,25.043,17.4,193303031800,110,10,***,19,*****
179,60.255,25.043,17.4,193303040600,110,10,***,19,*****
180,60.255,25.043,17.4,193303041200,090,15,***,21,*****
181,60.255,25.043,17.4,193303041800,070,10,***,18,*****
182,60.255,25.043,17.4,193303050600,070,10,***,19,*****
183,60.255,25.043,17.4,193303051200,140,6,***,21,*****
184,60.255,25.043,17.4,193303051800,090,6,***,16,*****
185,60.255,25.043,17.4,193303061200,090,21,***,18,*****
186,60.255,25.043,17.4,193303061800,070,10,***,1,*****
187,60.255,25.043,17.4,193303070600,070,6,***,10,*****
188,60.255,25.043,17.4,193303071200,140,6,***,19,*****
189,60.255,25.043,17.4,193303071800,110,2,***,12,*****
190,60.255,25.043,17.4,193303080600,110,6,***,7,*****
191,60.255,25.043,17.4,193303081200,140,6,***,21,*****
192,60.255,25.043,17.4,193303081800,160,10,***,18,*****
193,60.255,25.043,17.4,193303090600,110,6,***,21,*****
194,60.255,25.043,17.4,193303091200,140,10,***,25,*****
195,60.255,25.043,17.4,193303091800,180,6,***,27,*****
196,60.255,25.043,17.4,193303100600,200,6,***,28,*****
197,60.255,25.043,17.4,193303101200,230,6,***,30,*****
198,60.255,25.043,17.4,193303101800,200,6,***,30,*****
199,60.255,25.043,17.4,193303110600,***,10,***,34,*****
200,60.255,25.043,17.4,193303111200,250,6,***,36,*****
201,60.255,25.043,17.4,193303111800,230,10,***,34,*****
202,60.255,25.043,17.4,193303120600,270,6,***,32,*****
203,60.255,25.043,17.4,193303121200,270,10,***,41,*****
204,60.255,25.043,17.4,193303121800,270,10,***,39,*****
205,60.255,25.043,17.4,193303130600,290,10,***,28,*****
206,60.255,25.043,17.4,193303131200,320,15,***,45,*****
207,60.255,25.043,17.4,193303131800,270,10,***,41,*****
208,60.255,25.043,17.4,193303140600,290,10,***,36,*****
209,60.255,25.043,17.4,193303141200,290,10,***,41,*****
210,60.255,25.043,17.4,193303141800,290,6,***,36,*****
211,60.255,25.043,17.4,193303150600,110,10,***,32,*****
212,60.255,25.043,17.4,193303151200,140,6,***,30,*****
213,60.255,25.043,17.4,193303151800,110,6,***,30,*****
214,60.255,25.043,17.4,193303160600,250,10,***,34,*****
215,60.255,25.043,17.4,193303161200,230,21,***,39,*****
216,60.255,25.043,17.4,193303161800,290,10,***,34,*****
217,60.255,25.043,17.4,193303170600,110,10,***,28,*****
218,60.255,25.043,17.4,193303171200,140,6,***,28,*****
219,60.255,25.043,17.4,193303171800,090,10,***,27,*****
220,60.255,25.043,17.4,193303180600,090,10,***,27,*****
221,60.255,25.043,17.4,193303181200,160,15,***,39,*****
222,60.255,25.043,17.4,193303181800,160,10,***,37,*****
223,60.255,25.043,17.4,193303191200,200,15,***,34,*****
224,60.255,25.043,17.4,193303191800,320,21,***,23,*****
225,60.255,25.043,17.4,193303200600,140,15,***,27,*****
226,60.255,25.043,17.4,193303201200,200,15,***,36,*****
227,60.255,25.043,17.4,193303201800,180,2,***,34,*****
228,60.255,25.043,17.4,193303210600,360,15,***,25,*****
229,60.255,25.043,17.4,193303211800,320,6,***,25,*****
230,60.255,25.043,17.4,193303220600,320,10,***,23,*****
231,60.255,25.043,17.4,193303221200,320,15,***,27,*****
232,60.255,25.043,17.4,193303221800,320,10,***,23,*****
233,60.255,25.043,17.4,193303230600,320,2,***,25,*****
234,60.255,25.043,17.4,193303231200,230,15,***,30,*****
235,60.255,25.043,17.4,193303231800,230,10,***,27,*****
236,60.255,25.043,17.4,193303240600,250,15,***,32,*****
237,60.255,25.043,17.4,193303241200,230,15,***,36,*****
238,60.255,25.043,17.4,193303241800,230,15,***,32,*****
239,60.255,25.043,17.4,193303250600,250,10,***,37,*****
240,60.255,25.043,17.4,193303251200,230,10,***,41,*****
241,60.255,25.043,17.4,193303251800,270,10,***,37,*****
242,60.255,25.043,17.4,193303260600,020,10,***,39,*****
243,60.255,25.043,17.4,193303261200,360,21,***,41,*****
244,60.255,25.043,17.4,193303261800,360,10,***,34,*****
245,60.255,25.043,17.4,193303270600,360,10,***,30,*****
246,60.255,25.043,17.4,193303271200,180,10,***,36,*****
247,60.255,25.043,17.4,193303271800,180,10,***,30,*****
248,60.255,25.043,17.4,193303280600,230,10,***,32,*****
249,60.255,25.043,17.4,193303281200,290,6,***,39,*****
250,60.255,25.043,17.4,193303281800,340,10,***,37,*****
251,60.255,25.043,17.4,193303290600,340,10,***,43,*****
252,60.255,25.043,17.4,193303291200,290,10,***,46,*****
253,60.255,25.043,17.4,193303291800,230,6,***,41,*****
254,60.255,25.043,17.4,193303300600,200,6,***,37,*****
255,60.255,25.043,17.4,193303301200,200,15,***,37,*****
256,60.255,25.043,17.4,193303301800,200,15,***,36,*****
257,60.255,25.043,17.4,193303310600,180,10,***,37,*****
258,60.255,25.043,17.4,193303311200,200,15,***,39,*****
259,60.255,25.043,17.4,193303311800,230,15,***,36,*****
260,60.255,25.043,17.4,193304010600,200,10,***,39,*****
261,60.255,25.043,17.4,193304011200,200,21,***,39,*****
262,60.255,25.043,17.4,193304011800,200,10,***,34,*****
263,60.255,25.043,17.4,193304020600,180,10,***,36,*****
264,60.255,25.043,17.4,193304021200,180,6,***,36,*****
265,60.255,25.043,17.4,193304021800,160,2,***,30,*****
266,60.255,25.043,17.4,193304030600,050,15,***,34,*****
267,60.255,25.043,17.4,193304031200,360,15,***,37,*****
268,60.255,25.043,17.4,193304031800,050,6,***,36,*****
269,60.255,25.043,17.4,193304040600,070,15,***,30,*****
270,60.255,25.043,17.4,193304041200,090,10,***,34,*****
271,60.255,25.043,17.4,193304041800,020,10,***,32,*****
272,60.255,25.043,17.4,193304050600,050,15,***,32,*****
273,60.255,25.043,17.4,193304051200,020,21,***,37,*****
274,60.255,25.043,17.4,193304051800,020,2,***,36,*****
275,60.255,25.043,17.4,193304060600,180,6,***,36,*****
276,60.255,25.043,17.4,193304061200,360,15,***,32,*****
277,60.255,25.043,17.4,193304061800,290,6,***,32,*****
278,60.255,25.043,17.4,193304071200,050,15,***,36,*****
279,60.255,25.043,17.4,193304071800,360,10,***,34,*****
280,60.255,25.043,17.4,193304080600,020,15,***,32,*****
281,60.255,25.043,17.4,193304081200,360,10,***,41,*****
282,60.255,25.043,17.4,193304081800,020,10,***,37,*****
283,60.255,25.043,17.4,193304090600,***,0,***,39,*****
284,60.255,25.043,17.4,193304091200,110,6,***,39,*****
285,60.255,25.043,17.4,193304091800,160,6,***,34,*****
286,60.255,25.043,17.4,193304100600,140,10,***,37,*****
287,60.255,25.043,17.4,193304101200,140,15,***,41,*****
288,60.255,25.043,17.4,193304101800,140,10,***,36,*****
289,60.255,25.043,17.4,193304110600,140,15,***,39,*****
290,60.255,25.043,17.4,193304111200,160,15,***,43,*****
291,60.255,25.043,17.4,193304111800,200,15,***,41,*****
292,60.255,25.043,17.4,193304120600,140,21,***,41,*****
293,60.255,25.043,17.4,193304121200,180,15,***,46,*****
294,60.255,25.043,17.4,193304121800,200,15,***,41,*****
295,60.255,25.043,17.4,193304130600,160,21,***,41,*****
296,60.255,25.043,17.4,193304131200,160,6,***,45,*****
297,60.255,25.043,17.4,193304131800,230,15,***,36,*****
298,60.255,25.043,17.4,193304140600,340,10,***,36,*****
299,60.255,25.043,17.4,193304141200,340,10,***,41,*****
300,60.255,25.043,17.4,193304141800,320,21,***,36,*****
301,60.255,25.043,17.4,193304150600,360,21,***,34,*****
302,60.255,25.043,17.4,193304151200,320,15,***,39,*****
303,60.255,25.043,17.4,193304151800,250,10,***,34,*****
304,60.255,25.043,17.4,193304161200,090,21,***,32,*****
305,60.255,25.043,17.4,193304161800,090,21,***,30,*****
306,60.255,25.043,17.4,193304170600,070,15,***,34,*****
307,60.255,25.043,17.4,193304171800,090,10,***,36,*****
308,60.255,25.043,17.4,193304180600,360,21,***,36,*****
309,60.255,25.043,17.4,193304181200,050,21,***,41,*****
310,60.255,25.043,17.4,193304181800,070,21,***,37,*****
311,60.255,25.043,17.4,193304190600,050,15,***,34,*****
312,60.255,25.043,17.4,193304191200,020,21,***,36,*****
313,60.255,25.043,17.4,193304191800,020,15,***,36,*****
314,60.255,25.043,17.4,193304200600,020,10,***,32,*****
315,60.255,25.043,17.4,193304201200,360,15,***,32,*****
316,60.255,25.043,17.4,193304201800,360,10,***,32,*****
317,60.255,25.043,17.4,193304210600,070,6,***,32,*****
318,60.255,25.043,17.4,193304211200,180,2,***,39,*****
319,60.255,25.043,17.4,193304211800,180,6,***,34,*****
320,60.255,25.043,17.4,193304220600,070,6,***,43,*****
321,60.255,25.043,17.4,193304221200,200,10,***,45,*****
322,60.255,25.043,17.4,193304221800,200,10,***,37,*****
323,60.255,25.043,17.4,193304230600,140,10,***,****,*****
324,60.255,25.043,17.4,193304231200,290,2,***,36,*****
325,60.255,25.043,17.4,193304240600,290,10,***,39,*****
326,60.255,25.043,17.4,193304241200,320,15,***,43,*****
327,60.255,25.043,17.4,193304241800,320,10,***,36,*****
328,60.255,25.043,17.4,193304250600,360,15,***,41,*****
329,60.255,25.043,17.4,193304251200,320,10,***,52,*****
330,60.255,25.043,17.4,193304251800,340,10,***,46,*****
331,60.255,25.043,17.4,193304260600,***,0,***,45,*****
332,60.255,25.043,17.4,193304261200,180,6,***,46,*****
333,60.255,25.043,17.4,193304261800,230,10,***,39,*****
334,60.255,25.043,17.4,193304270600,***,0,***,48,*****
335,60.255,25.043,17.4,193304271200,180,10,***,50,*****
336,60.255,25.043,17.4,193304271800,230,10,***,46,*****
337,60.255,25.043,17.4,193304280600,090,6,***,50,*****
338,60.255,25.043,17.4,193304281200,140,6,***,52,*****
339,60.255,25.043,17.4,193304281800,320,6,***,50,*****
340,60.255,25.043,17.4,193304290600,050,10,***,50,*****
341,60.255,25.043,17.4,193304291200,360,10,***,57,*****
342,60.255,25.043,17.4,193304291800,200,2,***,45,*****
343,60.255,25.043,17.4,193304300600,020,6,***,48,*****
344,60.255,25.043,17.4,193304301200,140,6,***,52,*****
345,60.255,25.043,17.4,193304301800,090,6,***,48,*****
346,60.255,25.043,17.4,193305010600,050,10,***,45,*****
347,60.255,25.043,17.4,193305011200,110,15,***,45,*****
348,60.255,25.043,17.4,193305011800,020,10,***,43,*****
349,60.255,25.043,17.4,193305020600,360,10,***,41,*****
350,60.255,25.043,17.4,193305021200,360,10,***,43,*****
351,60.255,25.043,17.4,193305021800,020,10,***,39,*****
352,60.255,25.043,17.4,193305030600,200,10,***,41,*****
353,60.255,25.043,17.4,193305031200,230,15,***,43,*****
354,60.255,25.043,17.4,193305031800,270,10,***,45,*****
355,60.255,25.043,17.4,193305040600,320,15,***,46,*****
356,60.255,25.043,17.4,193305041200,320,21,***,46,*****
357,60.255,25.043,17.4,193305041800,340,15,***,39,*****
358,60.255,25.043,17.4,193305050600,360,15,***,43,*****
359,60.255,25.043,17.4,193305051200,340,15,***,50,*****
360,60.255,25.043,17.4,193305051800,320,15,***,45,*****
361,60.255,25.043,17.4,193305060600,140,2,***,39,*****
362,60.255,25.043,17.4,193305061800,200,6,***,39,*****
363,60.255,25.043,17.4,193305070600,050,6,***,45,*****
364,60.255,25.043,17.4,193305071200,160,6,***,45,*****
365,60.255,25.043,17.4,193305071800,***,***,***,43,*****
366,60.255,25.043,17.4,193305080600,110,21,***,43,*****
367,60.255,25.043,17.4,193305081200,090,21,***,43,*****
368,60.255,25.043,17.4,193305090600,140,15,***,45,*****
369,60.255,25.043,17.4,193305091200,110,21,***,50,*****
370,60.255,25.043,17.4,193305091800,140,15,***,46,*****
371,60.255,25.043,17.4,193305100600,***,0,***,45,*****
372,60.255,25.043,17.4,193305101200,230,6,***,46,*****
373,60.255,25.043,17.4,193305101800,320,6,***,48,*****
374,60.255,25.043,17.4,193305110600,090,15,***,48,*****
375,60.255,25.043,17.4,193305111200,200,10,***,46,*****
376,60.255,25.043,17.4,193305111800,070,10,***,45,*****
377,60.255,25.043,17.4,193305120600,070,15,***,46,*****
378,60.255,25.043,17.4,193305121200,070,15,***,54,*****
379,60.255,25.043,17.4,193305121800,090,21,***,52,*****
380,60.255,25.043,17.4,193305130600,090,15,***,48,*****
381,60.255,25.043,17.4,193305131200,090,15,***,45,*****
382,60.255,25.043,17.4,193305131800,090,21,***,46,*****
383,60.255,25.043,17.4,193305140600,140,10,***,45,*****
384,60.255,25.043,17.4,193305141200,140,6,***,46,*****
385,60.255,25.043,17.4,193305141800,160,2,***,43,*****
386,60.255,25.043,17.4,193305150600,320,6,***,46,*****
387,60.255,25.043,17.4,193305151200,290,10,***,52,*****
388,60.255,25.043,17.4,193305151800,320,6,***,50,*****
389,60.255,25.043,17.4,193305160600,020,10,***,48,*****
390,60.255,25.043,17.4,193305161200,050,15,***,48,*****
391,60.255,25.043,17.4,193305161800,020,15,***,46,*****
392,60.255,25.043,17.4,193305170600,***,***,***,45,*****
393,60.255,25.043,17.4,193305171200,090,21,***,45,*****
394,60.255,25.043,17.4,193305171800,090,15,***,46,*****
395,60.255,25.043,17.4,193305180600,110,10,***,46,*****
396,60.255,25.043,17.4,193305181200,140,21,***,52,*****
397,60.255,25.043,17.4,193305181800,140,10,***,48,*****
398,60.255,25.043,17.4,193305190600,140,6,***,48,*****
399,60.255,25.043,17.4,193305191200,160,10,***,57,*****
400,60.255,25.043,17.4,193305191800,140,10,***,50,*****
401,60.255,25.043,17.4,193305200600,230,6,***,61,*****
402,60.255,25.043,17.4,193305201200,230,10,***,57,*****
403,60.255,25.043,17.4,193305201800,290,10,***,55,*****
404,60.255,25.043,17.4,193305210600,320,10,***,54,*****
405,60.255,25.043,17.4,193305211200,340,21,***,54,*****
406,60.255,25.043,17.4,193305211800,340,15,***,48,*****
407,60.255,25.043,17.4,193305220600,340,15,***,39,*****
408,60.255,25.043,17.4,193305221200,020,15,***,46,*****
409,60.255,25.043,17.4,193305221800,050,10,***,43,*****
410,60.255,25.043,17.4,193305230600,050,21,***,45,*****
411,60.255,25.043,17.4,193305231200,050,21,***,52,*****
412,60.255,25.043,17.4,193305231800,020,15,***,50,*****
413,60.255,25.043,17.4,193305240600,050,15,***,54,*****
414,60.255,25.043,17.4,193305241200,050,21,***,52,*****
415,60.255,25.043,17.4,193305250600,050,21,***,48,*****
416,60.255,25.043,17.4,193305251200,090,10,***,52,*****
417,60.255,25.043,17.4,193305251800,090,15,***,54,*****
418,60.255,25.043,17.4,193305260600,050,21,***,63,*****
419,60.255,25.043,17.4,193305261200,110,15,***,54,*****
420,60.255,25.043,17.4,193305261800,050,10,***,55,*****
421,60.255,25.043,17.4,193305270600,050,10,***,61,*****
422,60.255,25.043,17.4,193305271200,360,10,***,54,*****
423,60.255,25.043,17.4,193305271800,070,15,***,55,*****
424,60.255,25.043,17.4,193305280600,360,10,***,57,*****
425,60.255,25.043,17.4,193305281200,050,10,***,59,*****
426,60.255,25.043,17.4,193305281800,180,6,***,52,*****
427,60.255,25.043,17.4,193305290600,140,15,***,55,*****
428,60.255,25.043,17.4,193305291200,140,15,***,52,*****
429,60.255,25.043,17.4,193305300600,200,6,***,63,*****
430,60.255,25.043,17.4,193305301200,***,10,***,59,*****
431,60.255,25.043,17.4,193305301800,320,6,***,57,*****
432,60.255,25.043,17.4,193305310600,180,6,***,61,*****
433,60.255,25.043,17.4,193305311200,200,10,***,61,*****
434,60.255,25.043,17.4,193305311800,200,10,***,57,*****
435,60.255,25.043,17.4,193306010600,360,10,***,63,*****
436,60.255,25.043,17.4,193306011200,360,15,***,68,*****
437,60.255,25.043,17.4,193306011800,360,21,***,59,*****
438,60.255,25.043,17.4,193306020600,050,21,***,52,*****
439,60.255,25.043,17.4,193306021200,020,15,***,59,*****
440,60.255,25.043,17.4,193306021800,020,15,***,54,*****
441,60.255,25.043,17.4,193306030600,050,15,***,50,*****
442,60.255,25.043,17.4,193306031200,360,15,***,55,*****
443,60.255,25.043,17.4,193306031800,020,15,***,54,*****
444,60.255,25.043,17.4,193306040600,140,10,***,57,*****
445,60.255,25.043,17.4,193306041200,200,10,***,57,*****
446,60.255,25.043,17.4,193306041800,250,6,***,55,*****
447,60.255,25.043,17.4,193306050600,***,***,***,54,*****
448,60.255,25.043,17.4,193306051200,050,6,***,64,*****
449,60.255,25.043,17.4,193306051800,160,2,***,59,*****
450,60.255,25.043,17.4,193306060600,160,10,***,63,*****
451,60.255,25.043,17.4,193306061200,140,15,***,63,*****
452,60.255,25.043,17.4,193306061800,230,2,***,61,*****
453,60.255,25.043,17.4,193306070600,140,6,***,63,*****
454,60.255,25.043,17.4,193306071200,140,10,***,61,*****
455,60.255,25.043,17.4,193306071800,160,6,***,59,*****
456,60.255,25.043,17.4,193306080600,140,2,***,68,*****
457,60.255,25.043,17.4,193306081200,140,6,***,70,*****
458,60.255,25.043,17.4,193306081800,200,2,***,66,*****
459,60.255,25.043,17.4,193306090600,140,6,***,72,*****
460,60.255,25.043,17.4,193306091200,160,6,***,77,*****
461,60.255,25.043,17.4,193306091800,270,2,***,70,*****
462,60.255,25.043,17.4,193306100600,140,6,***,72,*****
463,60.255,25.043,17.4,193306101200,140,6,***,75,*****
464,60.255,25.043,17.4,193306101800,230,2,***,68,*****
465,60.255,25.043,17.4,193306110600,230,2,***,77,*****
466,60.255,25.043,17.4,193306111200,200,10,***,79,*****
467,60.255,25.043,17.4,193306111800,230,10,***,73,*****
468,60.255,25.043,17.4,193306120600,050,15,***,70,*****
469,60.255,25.043,17.4,193306121200,050,6,***,75,*****
470,60.255,25.043,17.4,193306121800,160,10,***,63,*****
471,60.255,25.043,17.4,193306130600,090,15,***,61,*****
472,60.255,25.043,17.4,193306131200,140,10,***,61,*****
473,60.255,25.043,17.4,193306140600,110,6,***,63,*****
474,60.255,25.043,17.4,193306141200,140,10,***,****,*****
475,60.255,25.043,17.4,193306141800,160,2,***,63,*****
476,60.255,25.043,17.4,193306150600,230,2,***,72,*****
477,60.255,25.043,17.4,193306151800,180,2,***,64,*****
478,60.255,25.043,17.4,193306160600,110,6,***,68,*****
479,60.255,25.043,17.4,193306161200,140,6,***,73,*****
480,60.255,25.043,17.4,193306161800,140,10,***,68,*****
481,60.255,25.043,17.4,193306170600,140,6,***,70,*****
482,60.255,25.043,17.4,193306171200,090,6,***,73,*****
483,60.255,25.043,17.4,193306171800,110,15,***,70,*****
484,60.255,25.043,17.4,193306180600,140,15,***,64,*****
485,60.255,25.043,17.4,193306181200,110,21,***,73,*****
486,60.255,25.043,17.4,193306181800,***,***,***,66,*****
487,60.255,25.043,17.4,193306190600,140,21,***,70,*****
488,60.255,25.043,17.4,193306191200,070,28,***,75,*****
489,60.255,25.043,17.4,193306200600,090,21,***,72,*****
490,60.255,25.043,17.4,193306201200,090,21,***,73,*****
491,60.255,25.043,17.4,193306201800,090,21,***,68,*****
492,60.255,25.043,17.4,193306210600,090,15,***,64,*****
493,60.255,25.043,17.4,193306211200,140,21,***,68,*****
494,60.255,25.043,17.4,193306211800,090,10,***,63,*****
495,60.255,25.043,17.4,193306220600,110,6,***,68,*****
496,60.255,25.043,17.4,193306221200,160,10,***,68,*****
497,60.255,25.043,17.4,193306221800,***,***,***,64,*****
498,60.255,25.043,17.4,193306231200,340,10,***,75,*****
499,60.255,25.043,17.4,193306231800,250,10,***,73,*****
500,60.255,25.043,17.4,193306241200,050,21,***,59,*****
501,60.255,25.043,17.4,193306241800,050,15,***,54,*****
502,60.255,25.043,17.4,193306250600,360,6,***,50,*****
503,60.255,25.043,17.4,193306251200,340,2,***,54,*****
504,60.255,25.043,17.4,193306251800,180,10,***,54,*****
505,60.255,25.043,17.4,193306260600,140,2,***,54,*****
506,60.255,25.043,17.4,193306261200,140,15,***,59,*****
507,60.255,25.043,17.4,193306261800,140,2,***,55,*****
508,60.255,25.043,17.4,193306270600,290,6,***,64,*****
509,60.255,25.043,17.4,193306271200,***,15,***,63,*****
510,60.255,25.043,17.4,193306271800,230,10,***,61,*****
511,60.255,25.043,17.4,193306280600,160,2,***,68,*****
512,60.255,25.043,17.4,193306281200,270,10,***,72,*****
513,60.255,25.043,17.4,193306281800,020,6,***,59,*****
514,60.255,25.043,17.4,193306290600,320,6,***,55,*****
515,60.255,25.043,17.4,193306291200,270,15,***,61,*****
516,60.255,25.043,17.4,193306291800,250,10,***,55,*****
517,60.255,25.043,17.4,193306300600,180,10,***,61,*****
518,60.255,25.043,17.4,193306301200,180,15,***,61,*****
519,60.255,25.043,17.4,193306301800,230,10,***,57,*****
520,60.255,25.043,17.4,193307010600,***,0,***,61,*****
521,60.255,25.043,17.4,193307011200,320,6,***,63,*****
522,60.255,25.043,17.4,193307011800,230,6,***,61,*****
523,60.255,25.043,17.4,193307020600,250,10,***,64,*****
524,60.255,25.043,17.4,193307021200,290,15,***,75,*****
525,60.255,25.043,17.4,193307021800,320,15,***,70,*****
526,60.255,25.043,17.4,193307030600,340,15,***,64,*****
527,60.255,25.043,17.4,193307031200,340,21,***,66,*****
528,60.255,25.043,17.4,193307031800,320,21,***,61,*****
529,60.255,25.043,17.4,193307040600,360,15,***,59,*****
530,60.255,25.043,17.4,193307041200,020,21,***,61,*****
531,60.255,25.043,17.4,193307041800,020,15,***,61,*****
532,60.255,25.043,17.4,193307051200,180,6,***,68,*****
533,60.255,25.043,17.4,193307051800,200,6,***,64,*****
534,60.255,25.043,17.4,193307060600,070,10,***,64,*****
535,60.255,25.043,17.4,193307061200,180,10,***,66,*****
536,60.255,25.043,17.4,193307061800,180,10,***,64,*****
537,60.255,25.043,17.4,193307070600,110,6,***,79,*****
538,60.255,25.043,17.4,193307071200,140,6,***,81,*****
539,60.255,25.043,17.4,193307071800,110,6,***,75,*****
540,60.255,25.043,17.4,193307081200,320,6,***,81,*****
541,60.255,25.043,17.4,193307081800,250,10,***,73,*****
542,60.255,25.043,17.4,193307091800,230,6,***,79,*****
543,60.255,25.043,17.4,193307100600,140,6,***,82,*****
544,60.255,25.043,17.4,193307101200,180,10,***,84,*****
545,60.255,25.043,17.4,193307101800,200,10,***,75,*****
546,60.255,25.043,17.4,193307110600,180,10,***,73,*****
547,60.255,25.043,17.4,193307111200,200,15,***,84,*****
548,60.255,25.043,17.4,193307111800,160,15,***,73,*****
549,60.255,25.043,17.4,193307120600,230,15,***,72,*****
550,60.255,25.043,17.4,193307121200,180,10,***,70,*****
551,60.255,25.043,17.4,193307121800,200,6,***,64,*****
552,60.255,25.043,17.4,193307130600,***,***,***,64,*****
553,60.255,25.043,17.4,193307131200,180,21,***,70,*****
554,60.255,25.043,17.4,193307131800,230,10,***,64,*****
555,60.255,25.043,17.4,193307140600,180,15,***,66,*****
556,60.255,25.043,17.4,193307141200,140,10,***,63,*****
557,60.255,25.043,17.4,193307141800,***,0,***,63,*****
558,60.255,25.043,17.4,193307150600,270,15,***,61,*****
559,60.255,25.043,17.4,193307151200,230,15,***,64,*****
560,60.255,25.043,17.4,193307151800,230,15,***,63,*****
561,60.255,25.043,17.4,193307160600,230,10,***,64,*****
562,60.255,25.043,17.4,193307161200,180,15,***,68,*****
563,60.255,25.043,17.4,193307161800,140,6,***,****,*****
564,60.255,25.043,17.4,193307170600,110,6,***,66,*****
565,60.255,25.043,17.4,193307171200,140,15,***,66,*****
566,60.255,25.043,17.4,193307171800,140,15,***,64,*****
567,60.255,25.043,17.4,193307180600,160,21,***,64,*****
568,60.255,25.043,17.4,193307181200,180,21,***,70,*****
569,60.255,25.043,17.4,193307181800,140,6,***,64,*****
570,60.255,25.043,17.4,193307190600,140,15,***,64,*****
571,60.255,25.043,17.4,193307191200,180,15,***,66,*****
572,60.255,25.043,17.4,193307191800,230,15,***,59,*****
573,60.255,25.043,17.4,193307200600,230,10,***,66,*****
574,60.255,25.043,17.4,193307201200,270,10,***,68,*****
575,60.255,25.043,17.4,193307201800,200,6,***,63,*****
576,60.255,25.043,17.4,193307210600,180,2,***,64,*****
577,60.255,25.043,17.4,193307211200,270,6,***,64,*****
578,60.255,25.043,17.4,193307211800,320,10,***,61,*****
579,60.255,25.043,17.4,193307220600,***,0,***,72,*****
580,60.255,25.043,17.4,193307221800,270,6,***,68,*****
581,60.255,25.043,17.4,193307230600,***,0,***,73,*****
582,60.255,25.043,17.4,193307231200,180,10,***,75,*****
583,60.255,25.043,17.4,193307240600,140,6,***,68,*****
584,60.255,25.043,17.4,193307241200,160,10,***,66,*****
585,60.255,25.043,17.4,193307241800,140,6,***,64,*****
586,60.255,25.043,17.4,193307250600,270,15,***,61,*****
587,60.255,25.043,17.4,193307251200,230,21,***,64,*****
588,60.255,25.043,17.4,193307251800,200,10,***,61,*****
589,60.255,25.043,17.4,193307260600,160,10,***,64,*****
590,60.255,25.043,17.4,193307261200,180,10,***,66,*****
591,60.255,25.043,17.4,193307261800,270,6,***,61,*****
592,60.255,25.043,17.4,193307271200,320,15,***,70,*****
593,60.255,25.043,17.4,193307271800,360,15,***,66,*****
594,60.255,25.043,17.4,193307281200,180,15,***,72,*****
595,60.255,25.043,17.4,193307290600,200,21,***,63,*****
596,60.255,25.043,17.4,193307291200,230,28,***,61,*****
597,60.255,25.043,17.4,193307300600,200,6,***,66,*****
598,60.255,25.043,17.4,193307301800,160,6,***,55,*****
599,60.255,25.043,17.4,193307310600,200,6,***,66,*****
600,60.255,25.043,17.4,193307311200,230,15,***,68,*****
601,60.255,25.043,17.4,193308010600,200,6,***,59,*****
602,60.255,25.043,17.4,193308011200,200,6,***,66,*****
603,60.255,25.043,17.4,193308011800,160,2,***,64,*****
604,60.255,25.043,17.4,193308020600,050,2,***,70,*****
605,60.255,25.043,17.4,193308021200,160,6,***,70,*****
606,60.255,25.043,17.4,193308021800,250,6,***,64,*****
607,60.255,25.043,17.4,193308030600,180,2,***,66,*****
608,60.255,25.043,17.4,193308031200,200,10,***,63,*****
609,60.255,25.043,17.4,193308031800,200,2,***,59,*****
610,60.255,25.043,17.4,193308040600,110,6,***,63,*****
611,60.255,25.043,17.4,193308041200,110,2,***,61,*****
612,60.255,25.043,17.4,193308041800,340,10,***,57,*****
613,60.255,25.043,17.4,193308050600,090,21,***,57,*****
614,60.255,25.043,17.4,193308051200,050,21,***,57,*****
615,60.255,25.043,17.4,193308051800,360,21,***,61,*****
616,60.255,25.043,17.4,193308060600,320,21,***,61,*****
617,60.255,25.043,17.4,193308061200,340,15,***,68,*****
618,60.255,25.043,17.4,193308061800,320,10,***,****,*****
619,60.255,25.043,17.4,193308070600,140,10,***,59,*****
620,60.255,25.043,17.4,193308071200,200,15,***,57,*****
621,60.255,25.043,17.4,193308080600,320,10,***,64,*****
622,60.255,25.043,17.4,193308081200,290,15,***,68,*****
623,60.255,25.043,17.4,193308081800,050,6,***,59,*****
624,60.255,25.043,17.4,193308090600,230,6,***,64,*****
625,60.255,25.043,17.4,193308091200,230,15,***,66,*****
626,60.255,25.043,17.4,193308091800,230,15,***,63,*****
627,60.255,25.043,17.4,193308100600,200,21,***,59,*****
628,60.255,25.043,17.4,193308101200,230,21,***,61,*****
629,60.255,25.043,17.4,193308101800,270,21,***,55,*****
630,60.255,25.043,17.4,193308110600,270,15,***,61,*****
631,60.255,25.043,17.4,193308111200,290,10,***,63,*****
632,60.255,25.043,17.4,193308111800,320,10,***,59,*****
633,60.255,25.043,17.4,193308120600,290,10,***,63,*****
634,60.255,25.043,17.4,193308121800,020,6,***,55,*****
635,60.255,25.043,17.4,193308130600,070,10,***,61,*****
636,60.255,25.043,17.4,193308131200,090,6,***,55,*****
637,60.255,25.043,17.4,193308131800,180,2,***,54,*****
638,60.255,25.043,17.4,193308140600,140,6,***,57,*****
639,60.255,25.043,17.4,193308141200,140,10,***,59,*****
640,60.255,25.043,17.4,193308141800,160,6,***,55,*****
641,60.255,25.043,17.4,193308150600,180,15,***,63,*****
642,60.255,25.043,17.4,193308151200,230,15,***,64,*****
643,60.255,25.043,17.4,193308151800,140,6,***,59,*****
644,60.255,25.043,17.4,193308160600,140,6,***,63,*****
645,60.255,25.043,17.4,193308161200,140,6,***,64,*****
646,60.255,25.043,17.4,193308161800,140,10,***,59,*****
647,60.255,25.043,17.4,193308170600,140,10,***,63,*****
648,60.255,25.043,17.4,193308171200,140,10,***,64,*****
649,60.255,25.043,17.4,193308171800,140,10,***,63,*****
650,60.255,25.043,17.4,193308180600,230,6,***,61,*****
651,60.255,25.043,17.4,193308181200,230,15,***,66,*****
652,60.255,25.043,17.4,193308181800,270,6,***,61,*****
653,60.255,25.043,17.4,193308190600,140,2,***,61,*****
654,60.255,25.043,17.4,193308191200,140,6,***,66,*****
655,60.255,25.043,17.4,193308191800,160,6,***,61,*****
656,60.255,25.043,17.4,193308200600,070,6,***,57,*****
657,60.255,25.043,17.4,193308201200,230,10,***,61,*****
658,60.255,25.043,17.4,193308201800,200,2,***,59,*****
659,60.255,25.043,17.4,193308210600,020,6,***,57,*****
660,60.255,25.043,17.4,193308211200,020,10,***,61,*****
661,60.255,25.043,17.4,193308211800,290,10,***,57,*****
662,60.255,25.043,17.4,193308220600,230,6,***,63,*****
663,60.255,25.043,17.4,193308221200,230,10,***,66,*****
664,60.255,25.043,17.4,193308221800,250,10,***,59,*****
665,60.255,25.043,17.4,193308230600,***,0,***,63,*****
666,60.255,25.043,17.4,193308231200,160,6,***,66,*****
667,60.255,25.043,17.4,193308231800,110,6,***,61,*****
668,60.255,25.043,17.4,193308240600,050,15,***,59,*****
669,60.255,25.043,17.4,193308241200,050,28,***,63,*****
670,60.255,25.043,17.4,193308250600,020,21,***,52,*****
671,60.255,25.043,17.4,193308251200,050,21,***,57,*****
672,60.255,25.043,17.4,193308251800,020,15,***,54,*****
673,60.255,25.043,17.4,193308260600,020,15,***,50,*****
674,60.255,25.043,17.4,193308261200,360,15,***,57,*****
675,60.255,25.043,17.4,193308261800,020,15,***,55,*****
676,60.255,25.043,17.4,193308270600,020,10,***,59,*****
677,60.255,25.043,17.4,193308271200,360,15,***,63,*****
678,60.255,25.043,17.4,193308271800,360,10,***,57,*****
679,60.255,25.043,17.4,193308280600,050,6,***,55,*****
680,60.255,25.043,17.4,193308281200,140,10,***,59,*****
681,60.255,25.043,17.4,193308281800,200,10,***,55,*****
682,60.255,25.043,17.4,193308291200,200,21,***,64,*****
683,60.255,25.043,17.4,193308291800,230,15,***,59,*****
684,60.255,25.043,17.4,193308300600,230,10,***,61,*****
685,60.255,25.043,17.4,193308301200,230,15,***,64,*****
686,60.255,25.043,17.4,193308301800,230,10,***,59,*****
687,60.255,25.043,17.4,193308310600,230,10,***,64,*****
688,60.255,25.043,17.4,193308311200,200,15,***,64,*****
689,60.255,25.043,17.4,193308311800,200,15,***,61,*****
690,60.255,25.043,17.4,193309010600,200,6,***,59,*****
691,60.255,25.043,17.4,193309011200,140,6,***,63,*****
692,60.255,25.043,17.4,193309011800,110,6,***,57,*****
693,60.255,25.043,17.4,193309020600,050,10,***,57,*****
694,60.255,25.043,17.4,193309021200,050,10,***,55,*****
695,60.255,25.043,17.4,193309021800,070,15,***,55,*****
696,60.255,25.043,17.4,193309030600,050,15,***,52,*****
697,60.255,25.043,17.4,193309031200,050,15,***,59,*****
698,60.255,25.043,17.4,193309031800,050,10,***,54,*****
699,60.255,25.043,17.4,193309040600,070,10,***,54,*****
700,60.255,25.043,17.4,193309041200,140,10,***,61,*****
701,60.255,25.043,17.4,193309041800,***,0,***,52,*****
702,60.255,25.043,17.4,193309050600,360,6,***,54,*****
703,60.255,25.043,17.4,193309051200,140,10,***,59,*****
704,60.255,25.043,17.4,193309051800,050,10,***,54,*****
705,60.255,25.043,17.4,193309060600,050,10,***,54,*****
706,60.255,25.043,17.4,193309061200,050,15,***,****,*****
707,60.255,25.043,17.4,193309061800,050,15,***,48,*****
708,60.255,25.043,17.4,193309070600,020,15,***,48,*****
709,60.255,25.043,17.4,193309071200,360,21,***,55,*****
710,60.255,25.043,17.4,193309071800,360,15,***,50,*****
711,60.255,25.043,17.4,193309080600,360,15,***,46,*****
712,60.255,25.043,17.4,193309081200,050,15,***,52,*****
713,60.255,25.043,17.4,193309081800,050,6,***,50,*****
714,60.255,25.043,17.4,193309090600,020,6,***,52,*****
715,60.255,25.043,17.4,193309091200,020,10,***,63,*****
716,60.255,25.043,17.4,193309091800,340,15,***,55,*****
717,60.255,25.043,17.4,193309100600,340,6,***,61,*****
718,60.255,25.043,17.4,193309101200,320,21,***,64,*****
719,60.255,25.043,17.4,193309101800,320,15,***,59,*****
720,60.255,25.043,17.4,193309110600,320,21,***,59,*****
721,60.255,25.043,17.4,193309111200,320,21,***,61,*****
722,60.255,25.043,17.4,193309111800,290,10,***,52,*****
723,60.255,25.043,17.4,193309120600,290,2,***,54,*****
724,60.255,25.043,17.4,193309121200,320,10,***,57,*****
725,60.255,25.043,17.4,193309121800,270,6,***,43,*****
726,60.255,25.043,17.4,193309130600,180,10,***,57,*****
727,60.255,25.043,17.4,193309131200,230,2,***,59,*****
728,60.255,25.043,17.4,193309131800,140,6,***,55,*****
729,60.255,25.043,17.4,193309140600,020,21,***,52,*****
730,60.255,25.043,17.4,193309141200,020,21,***,54,*****
731,60.255,25.043,17.4,193309141800,050,15,***,48,*****
732,60.255,25.043,17.4,193309150600,360,15,***,45,*****
733,60.255,25.043,17.4,193309151200,340,21,***,52,*****
734,60.255,25.043,17.4,193309151800,360,15,***,46,*****
735,60.255,25.043,17.4,193309161200,360,28,***,46,*****
736,60.255,25.043,17.4,193309161800,360,28,***,46,*****
737,60.255,25.043,17.4,193309170600,050,15,***,45,*****
738,60.255,25.043,17.4,193309171200,070,15,***,50,*****
739,60.255,25.043,17.4,193309171800,050,15,***,48,*****
740,60.255,25.043,17.4,193309180600,140,6,***,52,*****
741,60.255,25.043,17.4,193309181200,110,10,***,54,*****
742,60.255,25.043,17.4,193309181800,090,6,***,48,*****
743,60.255,25.043,17.4,193309191200,070,15,***,55,*****
744,60.255,25.043,17.4,193309191800,050,15,***,52,*****
745,60.255,25.043,17.4,193309200600,050,15,***,54,*****
746,60.255,25.043,17.4,193309201200,070,28,***,57,*****
747,60.255,25.043,17.4,193309201800,070,15,***,57,*****
748,60.255,25.043,17.4,193309210600,140,10,***,54,*****
749,60.255,25.043,17.4,193309211200,140,21,***,57,*****
750,60.255,25.043,17.4,193309211800,110,10,***,52,*****
751,60.255,25.043,17.4,193309220600,110,15,***,52,*****
752,60.255,25.043,17.4,193309221200,090,15,***,54,*****
753,60.255,25.043,17.4,193309230600,140,15,***,55,*****
754,60.255,25.043,17.4,193309231200,140,6,***,57,*****
755,60.255,25.043,17.4,193309231800,140,15,***,59,*****
756,60.255,25.043,17.4,193309240600,***,0,***,59,*****
757,60.255,25.043,17.4,193309241200,110,10,***,61,*****
758,60.255,25.043,17.4,193309241800,140,10,***,61,*****
759,60.255,25.043,17.4,193309250600,160,10,***,55,*****
760,60.255,25.043,17.4,193309251200,110,10,***,57,*****
761,60.255,25.043,17.4,193309251800,090,15,***,54,*****
762,60.255,25.043,17.4,193309260600,110,6,***,52,*****
763,60.255,25.043,17.4,193309261200,110,2,***,55,*****
764,60.255,25.043,17.4,193309261800,***,0,***,54,*****
765,60.255,25.043,17.4,193309270600,070,6,***,54,*****
766,60.255,25.043,17.4,193309271200,090,6,***,55,*****
767,60.255,25.043,17.4,193309271800,140,6,***,54,*****
768,60.255,25.043,17.4,193309280600,110,6,***,52,*****
769,60.255,25.043,17.4,193309281200,110,10,***,54,*****
770,60.255,25.043,17.4,193309281800,090,10,***,50,*****
771,60.255,25.043,17.4,193309290600,140,6,***,54,*****
772,60.255,25.043,17.4,193309291200,160,10,***,57,*****
773,60.255,25.043,17.4,193309291800,200,10,***,55,*****
774,60.255,25.043,17.4,193309300600,230,15,***,54,*****
775,60.255,25.043,17.4,193309301200,230,10,***,54,*****
776,60.255,25.043,17.4,193309301800,360,10,***,50,*****
777,60.255,25.043,17.4,193310010600,***,0,***,45,*****
778,60.255,25.043,17.4,193310011200,180,6,***,****,*****
779,60.255,25.043,17.4,193310011800,180,6,***,52,*****
780,60.255,25.043,17.4,193310021200,020,10,***,54,*****
781,60.255,25.043,17.4,193310021800,020,15,***,45,*****
782,60.255,25.043,17.4,193310030600,360,21,***,41,*****
783,60.255,25.043,17.4,193310031200,340,28,***,50,*****
784,60.255,25.043,17.4,193310031800,340,15,***,37,*****
785,60.255,25.043,17.4,193310040600,320,6,***,36,*****
786,60.255,25.043,17.4,193310041200,180,15,***,46,*****
787,60.255,25.043,17.4,193310041800,160,21,***,45,*****
788,60.255,25.043,17.4,193310050600,050,6,***,41,*****
789,60.255,25.043,17.4,193310051200,050,10,***,41,*****
790,60.255,25.043,17.4,193310051800,020,10,***,39,*****
791,60.255,25.043,17.4,193310060600,340,15,***,36,*****
792,60.255,25.043,17.4,193310061200,340,15,***,43,*****
793,60.255,25.043,17.4,193310061800,340,6,***,39,*****
794,60.255,25.043,17.4,193310070600,230,21,***,50,*****
795,60.255,25.043,17.4,193310071200,230,15,***,52,*****
796,60.255,25.043,17.4,193310071800,230,15,***,48,*****
797,60.255,25.043,17.4,193310080600,290,10,***,43,*****
798,60.255,25.043,17.4,193310081200,360,21,***,46,*****
799,60.255,25.043,17.4,193310081800,360,10,***,36,*****
800,60.255,25.043,17.4,193310090600,050,10,***,34,*****
801,60.255,25.043,17.4,193310091200,050,10,***,39,*****
802,60.255,25.043,17.4,193310091800,050,10,***,36,*****
803,60.255,25.043,17.4,193310100600,140,21,***,41,*****
804,60.255,25.043,17.4,193310101200,160,21,***,45,*****
805,60.255,25.043,17.4,193310101800,160,21,***,45,*****
806,60.255,25.043,17.4,193310110600,230,21,***,52,*****
807,60.255,25.043,17.4,193310111200,200,21,***,54,*****
808,60.255,25.043,17.4,193310111800,160,28,***,54,*****
809,60.255,25.043,17.4,193310121200,250,34,***,52,*****
810,60.255,25.043,17.4,193310121800,230,15,***,48,*****
811,60.255,25.043,17.4,193310130600,270,10,***,45,*****
812,60.255,25.043,17.4,193310131200,270,21,***,50,*****
813,60.255,25.043,17.4,193310131800,270,15,***,43,*****
814,60.255,25.043,17.4,193310140600,250,10,***,****,*****
815,60.255,25.043,17.4,193310141200,230,15,***,48,*****
816,60.255,25.043,17.4,193310141800,230,10,***,45,*****
817,60.255,25.043,17.4,193310150600,200,10,***,****,*****
818,60.255,25.043,17.4,193310151200,200,10,***,48,*****
819,60.255,25.043,17.4,193310151800,200,10,***,46,*****
820,60.255,25.043,17.4,193310160600,070,10,***,39,*****
821,60.255,25.043,17.4,193310161200,070,15,***,45,*****
822,60.255,25.043,17.4,193310170600,070,6,***,43,*****
823,60.255,25.043,17.4,193310171200,230,6,***,46,*****
824,60.255,25.043,17.4,193310171800,230,6,***,46,*****
825,60.255,25.043,17.4,193310180600,070,6,***,45,*****
826,60.255,25.043,17.4,193310181200,140,6,***,48,*****
827,60.255,25.043,17.4,193310181800,140,6,***,46,*****
828,60.255,25.043,17.4,193310190600,090,10,***,45,*****
829,60.255,25.043,17.4,193310191200,050,15,***,45,*****
830,60.255,25.043,17.4,193310191800,050,10,***,45,*****
831,60.255,25.043,17.4,193310200600,070,10,***,39,*****
832,60.255,25.043,17.4,193310201200,110,15,***,46,*****
833,60.255,25.043,17.4,193310201800,110,15,***,46,*****
834,60.255,25.043,17.4,193310210600,110,10,***,43,*****
835,60.255,25.043,17.4,193310211200,110,10,***,43,*****
836,60.255,25.043,17.4,193310211800,110,10,***,43,*****
837,60.255,25.043,17.4,193310220600,140,2,***,41,*****
838,60.255,25.043,17.4,193310221200,180,2,***,41,*****
839,60.255,25.043,17.4,193310221800,270,2,***,39,*****
840,60.255,25.043,17.4,193310230600,270,2,***,41,*****
841,60.255,25.043,17.4,193310231200,180,10,***,41,*****
842,60.255,25.043,17.4,193310231800,180,10,***,37,*****
843,60.255,25.043,17.4,193310240600,230,15,***,41,*****
844,60.255,25.043,17.4,193310241200,200,15,***,41,*****
845,60.255,25.043,17.4,193310241800,230,10,***,41,*****
846,60.255,25.043,17.4,193310250600,140,15,***,37,*****
847,60.255,25.043,17.4,193310251200,160,15,***,37,*****
848,60.255,25.043,17.4,193310251800,140,6,***,39,*****
849,60.255,25.043,17.4,193310260600,050,10,***,36,*****
850,60.255,25.043,17.4,193310261200,090,10,***,41,*****
851,60.255,25.043,17.4,193310261800,070,10,***,34,*****
852,60.255,25.043,17.4,193310270600,050,10,***,34,*****
853,60.255,25.043,17.4,193310271800,140,10,***,41,*****
854,60.255,25.043,17.4,193310280600,090,10,***,41,*****
855,60.255,25.043,17.4,193310281200,140,10,***,45,*****
856,60.255,25.043,17.4,193310281800,230,10,***,45,*****
857,60.255,25.043,17.4,193310290600,140,6,***,45,*****
858,60.255,25.043,17.4,193310291200,160,6,***,45,*****
859,60.255,25.043,17.4,193310291800,140,6,***,45,*****
860,60.255,25.043,17.4,193310300600,140,21,***,46,*****
861,60.255,25.043,17.4,193310301200,200,21,***,48,*****
862,60.255,25.043,17.4,193310301800,180,21,***,45,*****
863,60.255,25.043,17.4,193310310600,140,34,***,45,*****
864,60.255,25.043,17.4,193310311200,180,28,***,45,*****
865,60.255,25.043,17.4,193310311800,180,28,***,45,*****
866,60.255,25.043,17.4,193311010600,180,21,***,46,*****
867,60.255,25.043,17.4,193311011200,160,15,***,46,*****
868,60.255,25.043,17.4,193311011800,140,15,***,45,*****
869,60.255,25.043,17.4,193311020600,050,15,***,39,*****
870,60.255,25.043,17.4,193311021200,360,15,***,37,*****
871,60.255,25.043,17.4,193311021800,050,2,***,39,*****
872,60.255,25.043,17.4,193311030600,140,15,***,43,*****
873,60.255,25.043,17.4,193311031200,110,10,***,41,*****
874,60.255,25.043,17.4,193311031800,050,10,***,41,*****
875,60.255,25.043,17.4,193311040600,050,10,***,39,*****
876,60.255,25.043,17.4,193311041200,020,6,***,39,*****
877,60.255,25.043,17.4,193311041800,360,2,***,37,*****
878,60.255,25.043,17.4,193311050600,140,2,***,36,*****
879,60.255,25.043,17.4,193311051200,230,21,***,43,*****
880,60.255,25.043,17.4,193311060600,290,6,***,39,*****
881,60.255,25.043,17.4,193311061200,320,10,***,37,*****
882,60.255,25.043,17.4,193311061800,320,10,***,32,*****
883,60.255,25.043,17.4,193311070600,360,10,***,30,*****
884,60.255,25.043,17.4,193311071200,340,10,***,32,*****
885,60.255,25.043,17.4,193311071800,320,15,***,30,*****
886,60.255,25.043,17.4,193311080600,320,21,***,32,*****
887,60.255,25.043,17.4,193311081800,020,15,***,30,*****
888,60.255,25.043,17.4,193311090600,360,6,***,23,*****
889,60.255,25.043,17.4,193311091200,160,10,***,32,*****
890,60.255,25.043,17.4,193311091800,140,15,***,36,*****
891,60.255,25.043,17.4,193311100600,250,21,***,43,*****
892,60.255,25.043,17.4,193311101800,230,15,***,45,*****
893,60.255,25.043,17.4,193311110600,230,15,***,43,*****
894,60.255,25.043,17.4,193311111200,200,10,***,41,*****
895,60.255,25.043,17.4,193311111800,050,10,***,39,*****
896,60.255,25.043,17.4,193311120600,050,15,***,23,*****
897,60.255,25.043,17.4,193311121200,050,10,***,28,*****
898,60.255,25.043,17.4,193311121800,050,10,***,23,*****
899,60.255,25.043,17.4,193311130600,050,6,***,23,*****
900,60.255,25.043,17.4,193311131200,090,10,***,34,*****
901,60.255,25.043,17.4,193311131800,050,10,***,25,*****
902,60.255,25.043,17.4,193311140600,050,6,***,23,*****
903,60.255,25.043,17.4,193311141200,050,10,***,30,*****
904,60.255,25.043,17.4,193311141800,070,10,***,25,*****
905,60.255,25.043,17.4,193311151200,050,21,***,25,*****
906,60.255,25.043,17.4,193311151800,020,21,***,27,*****
907,60.255,25.043,17.4,193311160600,070,21,***,25,*****
908,60.255,25.043,17.4,193311161200,050,21,***,27,*****
909,60.255,25.043,17.4,193311161800,050,21,***,25,*****
910,60.255,25.043,17.4,193311170600,050,15,***,23,*****
911,60.255,25.043,17.4,193311171200,050,15,***,25,*****
912,60.255,25.043,17.4,193311171800,070,10,***,21,*****
913,60.255,25.043,17.4,193311180600,070,10,***,12,*****
914,60.255,25.043,17.4,193311181200,050,10,***,19,*****
915,60.255,25.043,17.4,193311181800,050,10,***,16,*****
916,60.255,25.043,17.4,193311190600,070,2,***,19,*****
917,60.255,25.043,17.4,193311191200,200,2,***,27,*****
918,60.255,25.043,17.4,193311191800,250,2,***,25,*****
919,60.255,25.043,17.4,193311200600,290,6,***,25,*****
920,60.255,25.043,17.4,193311201200,320,6,***,30,*****
921,60.255,25.043,17.4,193311201800,360,2,***,32,*****
922,60.255,25.043,17.4,193311210600,270,2,***,28,*****
923,60.255,25.043,17.4,193311211200,290,6,***,30,*****
924,60.255,25.043,17.4,193311211800,230,15,***,30,*****
925,60.255,25.043,17.4,193311220600,250,10,***,37,*****
926,60.255,25.043,17.4,193311221200,270,10,***,39,*****
927,60.255,25.043,17.4,193311221800,270,10,***,36,*****
928,60.255,25.043,17.4,193311230600,230,15,***,39,*****
929,60.255,25.043,17.4,193311231200,230,21,***,39,*****
930,60.255,25.043,17.4,193311231800,200,10,***,37,*****
931,60.255,25.043,17.4,193311240600,110,6,***,39,*****
932,60.255,25.043,17.4,193311241200,050,15,***,32,*****
933,60.255,25.043,17.4,193311241800,050,21,***,28,*****
934,60.255,25.043,17.4,193311250600,050,21,***,18,*****
935,60.255,25.043,17.4,193311251200,050,10,***,19,*****
936,60.255,25.043,17.4,193311251800,020,15,***,16,*****
937,60.255,25.043,17.4,193311260600,230,6,***,19,*****
938,60.255,25.043,17.4,193311261200,250,6,***,28,*****
939,60.255,25.043,17.4,193311261800,270,10,***,30,*****
940,60.255,25.043,17.4,193311270600,070,6,***,32,*****
941,60.255,25.043,17.4,193311271200,070,10,***,30,*****
942,60.255,25.043,17.4,193311271800,050,10,***,28,*****
943,60.255,25.043,17.4,193311280600,050,10,***,25,*****
944,60.255,25.043,17.4,193311281200,050,6,***,25,*****
945,60.255,25.043,17.4,193311281800,050,6,***,25,*****
946,60.255,25.043,17.4,193311290600,250,10,***,27,*****
947,60.255,25.043,17.4,193311291200,250,15,***,34,*****
948,60.255,25.043,17.4,193311291800,270,21,***,34,*****
949,60.255,25.043,17.4,193311300600,320,15,***,34,*****
950,60.255,25.043,17.4,193311301800,320,15,***,34,*****
951,60.255,25.043,17.4,193312011200,050,15,***,25,*****
952,60.255,25.043,17.4,193312011800,050,15,***,19,*****
953,60.255,25.043,17.4,193312020600,050,10,***,16,*****
954,60.255,25.043,17.4,193312021200,360,6,***,19,*****
955,60.255,25.043,17.4,193312021800,340,10,***,16,*****
956,60.255,25.043,17.4,193312030600,290,6,***,25,*****
957,60.255,25.043,17.4,193312031800,320,15,***,30,*****
958,60.255,25.043,17.4,193312040600,290,21,***,37,*****
959,60.255,25.043,17.4,193312041200,290,21,***,37,*****
960,60.255,25.043,17.4,193312041800,320,15,***,39,*****
961,60.255,25.043,17.4,193312050600,290,15,***,32,*****
962,60.255,25.043,17.4,193312051200,290,10,***,32,*****
963,60.255,25.043,17.4,193312051800,290,10,***,32,*****
964,60.255,25.043,17.4,193312060600,050,21,***,27,*****
965,60.255,25.043,17.4,193312061200,020,15,***,25,*****
966,60.255,25.043,17.4,193312061800,020,15,***,25,*****
967,60.255,25.043,17.4,193312070600,050,10,***,19,*****
968,60.255,25.043,17.4,193312071200,050,10,***,23,*****
969,60.255,25.043,17.4,193312071800,340,10,***,14,*****
970,60.255,25.043,17.4,193312080600,290,21,***,28,*****
971,60.255,25.043,17.4,193312081200,320,15,***,32,*****
972,60.255,25.043,17.4,193312081800,020,21,***,32,*****
973,60.255,25.043,17.4,193312090600,020,15,***,16,*****
974,60.255,25.043,17.4,193312091200,320,10,***,18,*****
975,60.255,25.043,17.4,193312091800,270,10,***,21,*****
976,60.255,25.043,17.4,193312100600,270,15,***,34,*****
977,60.255,25.043,17.4,193312101200,270,15,***,36,*****
978,60.255,25.043,17.4,193312101800,270,15,***,34,*****
979,60.255,25.043,17.4,193312110600,360,21,***,23,*****
980,60.255,25.043,17.4,193312111200,320,10,***,19,*****
981,60.255,25.043,17.4,193312111800,340,10,***,16,*****
982,60.255,25.043,17.4,193312120600,320,10,***,7,*****
983,60.255,25.043,17.4,193312121200,320,10,***,12,*****
984,60.255,25.043,17.4,193312121800,320,10,***,12,*****
985,60.255,25.043,17.4,193312130600,320,10,***,9,*****
986,60.255,25.043,17.4,193312131200,270,10,***,21,*****
987,60.255,25.043,17.4,193312131800,270,15,***,23,*****
988,60.255,25.043,17.4,193312140600,250,21,***,30,*****
989,60.255,25.043,17.4,193312141200,270,10,***,30,*****
990,60.255,25.043,17.4,193312141800,290,6,***,30,*****
991,60.255,25.043,17.4,193312150600,050,15,***,10,*****
992,60.255,25.043,17.4,193312151200,050,10,***,10,*****
993,60.255,25.043,17.4,193312151800,050,10,***,7,*****
994,60.255,25.043,17.4,193312160600,230,10,***,27,*****
995,60.255,25.043,17.4,193312161200,230,28,***,32,*****
996,60.255,25.043,17.4,193312161800,230,21,***,32,*****
997,60.255,25.043,17.4,193312170600,250,15,***,30,*****
998,60.255,25.043,17.4,193312171200,320,2,***,30,*****
999,60.255,25.043,17.4,193312171800,360,6,***,30,*****
1000,60.255,25.043,17.4,193312180600,230,6,***,25,*****
1001,60.255,25.043,17.4,193312181200,230,15,***,28,*****
1002,60.255,25.043,17.4,193312181800,230,15,***,36,*****
1003,60.255,25.043,17.4,193312190600,270,10,***,34,*****
1004,60.255,25.043,17.4,193312191200,270,10,***,34,*****
1005,60.255,25.043,17.4,193312191800,270,15,***,32,*****
1006,60.255,25.043,17.4,193312200600,020,21,***,28,*****
1007,60.255,25.043,17.4,193312201200,020,15,***,23,*****
1008,60.255,25.043,17.4,193312201800,020,10,***,18,*****
1009,60.255,25.043,17.4,193312210600,050,10,***,10,*****
1010,60.255,25.043,17.4,193312211200,070,6,***,12,*****
1011,60.255,25.043,17.4,193312211800,140,10,***,14,*****
1012,60.255,25.043,17.4,193312220600,200,15,***,25,*****
1013,60.255,25.043,17.4,193312221200,230,15,***,27,*****
1014,60.255,25.043,17.4,193312221800,230,21,***,27,*****
1015,60.255,25.043,17.4,193312230600,290,10,***,36,*****
1016,60.255,25.043,17.4,193312231200,230,10,***,36,*****
1017,60.255,25.043,17.4,193312231800,340,15,***,37,*****
1018,60.255,25.043,17.4,193312240600,320,21,***,37,*****
1019,60.255,25.043,17.4,193312241200,340,15,***,32,*****
1020,60.255,25.043,17.4,193312241800,290,15,***,27,*****
1021,60.255,25.043,17.4,193312250600,340,15,***,27,*****
1022,60.255,25.043,17.4,193312251200,070,10,***,27,*****
1023,60.255,25.043,17.4,193312251800,050,34,***,27,*****
1024,60.255,25.043,17.4,193312260600,070,10,***,10,*****
1025,60.255,25.043,17.4,193312261200,360,10,***,9,*****
1026,60.255,25.043,17.4,193312261800,070,6,***,10,*****
1027,60.255,25.043,17.4,193312270600,070,10,***,12,*****
1028,60.255,25.043,17.4,193312271200,160,10,***,19,*****
1029,60.255,25.043,17.4,193312271800,140,10,***,16,*****
1030,60.255,25.043,17.4,193312280600,050,15,***,10,*****
1031,60.255,25.043,17.4,193312281200,070,15,***,10,*****
1032,60.255,25.043,17.4,193312281800,140,10,***,21,*****
1033,60.255,25.043,17.4,193312290600,050,21,***,7,*****
1034,60.255,25.043,17.4,193312291200,140,21,***,16,*****
1035,60.255,25.043,17.4,193312291800,110,28,***,19,*****
1036,60.255,25.043,17.4,193312300600,140,21,***,19,*****
1037,60.255,25.043,17.4,193312301200,140,15,***,18,*****
1038,60.255,25.043,17.4,193312301800,140,10,***,18,*****
1039,60.255,25.043,17.4,193312310600,***,***,***,16,*****
1040,60.255,25.043,17.4,193312311200,***,6,***,18,*****
1041,60.255,25.043,17.4,193312311800,050,6,***,18,*****
