,Lat,Lon,Ele,YR--MODAHRMN,DIR,SPD,GUS,TEMP,ALT
0,60.255,25.043,17.4,193401010600,050,10,***,14,*****
1,60.255,25.043,17.4,193401011200,020,2,***,16,*****
2,60.255,25.043,17.4,193401020600,090,2,***,19,*****
3,60.255,25.043,17.4,193401021200,200,15,***,27,*****
4,60.255,25.043,17.4,193401021800,230,21,***,30,*****
5,60.255,25.043,17.4,193401030600,200,10,***,32,*****
6,60.255,25.043,17.4,193401031200,200,15,***,32,*****
7,60.255,25.043,17.4,193401031800,230,21,***,19,*****
8,60.255,25.043,17.4,193401040600,180,10,***,27,*****
9,60.255,25.043,17.4,193401041200,180,15,***,25,*****
10,60.255,25.043,17.4,193401041800,180,15,***,23,*****
11,60.255,25.043,17.4,193401050600,180,15,***,23,*****
12,60.255,25.043,17.4,193401051200,180,10,***,23,*****
13,60.255,25.043,17.4,193401051800,180,10,***,27,*****
14,60.255,25.043,17.4,193401060600,180,15,***,30,*****
15,60.255,25.043,17.4,193401061200,230,6,***,32,*****
16,60.255,25.043,17.4,193401061800,270,6,***,32,*****
17,60.255,25.043,17.4,193401070600,180,28,***,34,*****
18,60.255,25.043,17.4,193401071200,230,21,***,36,*****
19,60.255,25.043,17.4,193401071800,250,10,***,36,*****
20,60.255,25.043,17.4,193401080600,250,34,***,36,*****
21,60.255,25.043,17.4,193401081200,230,28,***,36,*****
22,60.255,25.043,17.4,193401081800,230,21,***,36,*****
23,60.255,25.043,17.4,193401090600,230,15,***,36,*****
24,60.255,25.043,17.4,193401091200,230,15,***,36,*****
25,60.255,25.043,17.4,193401091800,250,6,***,36,*****
26,60.255,25.043,17.4,193401100600,320,6,***,23,*****
27,60.255,25.043,17.4,193401101200,230,6,***,27,*****
28,60.255,25.043,17.4,193401101800,230,15,***,32,*****
29,60.255,25.043,17.4,193401110600,200,10,***,34,*****
30,60.255,25.043,17.4,193401111200,200,10,***,34,*****
31,60.255,25.043,17.4,193401111800,230,15,***,34,*****
32,60.255,25.043,17.4,193401120600,200,15,***,34,*****
33,60.255,25.043,17.4,193401121200,180,15,***,32,*****
34,60.255,25.043,17.4,193401121800,180,21,***,28,*****
35,60.255,25.043,17.4,193401130600,160,10,***,25,*****
36,60.255,25.043,17.4,193401131200,140,10,***,****,*****
37,60.255,25.043,17.4,193401131800,140,21,***,21,*****
38,60.255,25.043,17.4,193401140600,160,21,***,23,*****
39,60.255,25.043,17.4,193401141200,140,15,***,23,*****
40,60.255,25.043,17.4,193401150600,140,21,***,16,*****
41,60.255,25.043,17.4,193401151200,140,21,***,19,*****
42,60.255,25.043,17.4,193401151800,140,21,***,23,*****
43,60.255,25.043,17.4,193401160600,140,15,***,30,*****
44,60.255,25.043,17.4,193401161200,140,15,***,30,*****
45,60.255,25.043,17.4,193401161800,140,15,***,32,*****
46,60.255,25.043,17.4,193401170600,180,10,***,34,*****
47,60.255,25.043,17.4,193401171200,140,21,***,36,*****
48,60.255,25.043,17.4,193401171800,140,21,***,34,*****
49,60.255,25.043,17.4,193401180600,140,21,***,34,*****
50,60.255,25.043,17.4,193401181200,140,28,***,32,*****
51,60.255,25.043,17.4,193401181800,180,21,***,36,*****
52,60.255,25.043,17.4,193401190600,140,21,***,36,*****
53,60.255,25.043,17.4,193401191200,140,28,***,37,*****
54,60.255,25.043,17.4,193401191800,200,15,***,36,*****
55,60.255,25.043,17.4,193401200600,290,15,***,36,*****
56,60.255,25.043,17.4,193401201200,270,15,***,36,*****
57,60.255,25.043,17.4,193401201800,360,21,***,30,*****
58,60.255,25.043,17.4,193401210600,270,10,***,19,*****
59,60.255,25.043,17.4,193401211200,230,15,***,28,*****
60,60.255,25.043,17.4,193401211800,230,28,***,32,*****
61,60.255,25.043,17.4,193401220600,290,21,***,36,*****
62,60.255,25.043,17.4,193401221200,270,15,***,37,*****
63,60.255,25.043,17.4,193401221800,270,15,***,32,*****
64,60.255,25.043,17.4,193401230600,270,21,***,34,*****
65,60.255,25.043,17.4,193401231200,250,21,***,34,*****
66,60.255,25.043,17.4,193401231800,250,21,***,34,*****
67,60.255,25.043,17.4,193401240600,230,15,***,32,*****
68,60.255,25.043,17.4,193401241200,230,10,***,36,*****
69,60.255,25.043,17.4,193401241800,250,15,***,37,*****
70,60.255,25.043,17.4,193401250600,270,15,***,36,*****
71,60.255,25.043,17.4,193401251200,250,15,***,36,*****
72,60.255,25.043,17.4,193401251800,270,21,***,34,*****
73,60.255,25.043,17.4,193401260600,290,10,***,34,*****
74,60.255,25.043,17.4,193401261200,250,10,***,32,*****
75,60.255,25.043,17.4,193401261800,230,15,***,32,*****
76,60.255,25.043,17.4,193401271200,230,10,***,32,*****
77,60.255,25.043,17.4,193401271800,230,10,***,34,*****
78,60.255,25.043,17.4,193401280600,270,10,***,34,*****
79,60.255,25.043,17.4,193401281200,290,10,***,34,*****
80,60.255,25.043,17.4,193401281800,340,10,***,30,*****
81,60.255,25.043,17.4,193401290600,250,10,***,25,*****
82,60.255,25.043,17.4,193401291200,230,10,***,34,*****
83,60.255,25.043,17.4,193401291800,230,10,***,32,*****
84,60.255,25.043,17.4,193401300600,230,15,***,32,*****
85,60.255,25.043,17.4,193401301200,230,21,***,34,*****
86,60.255,25.043,17.4,193401301800,230,21,***,34,*****
87,60.255,25.043,17.4,193401310600,320,15,***,21,*****
88,60.255,25.043,17.4,193401311200,360,10,***,21,*****
89,60.255,25.043,17.4,193401311800,020,15,***,16,*****
90,60.255,25.043,17.4,193402010600,320,15,***,19,*****
91,60.255,25.043,17.4,193402011200,360,15,***,19,*****
92,60.255,25.043,17.4,193402011800,020,6,***,18,*****
93,60.255,25.043,17.4,193402020600,250,15,***,28,*****
94,60.255,25.043,17.4,193402021200,230,34,***,32,*****
95,60.255,25.043,17.4,193402021800,230,28,***,30,*****
96,60.255,25.043,17.4,193402030600,320,15,***,25,*****
97,60.255,25.043,17.4,193402031200,320,15,***,27,*****
98,60.255,25.043,17.4,193402031800,320,10,***,21,*****
99,60.255,25.043,17.4,193402040600,200,15,***,30,*****
100,60.255,25.043,17.4,193402041200,270,15,***,34,*****
101,60.255,25.043,17.4,193402041800,290,15,***,36,*****
102,60.255,25.043,17.4,193402050600,290,6,***,27,*****
103,60.255,25.043,17.4,193402051200,230,21,***,34,*****
104,60.255,25.043,17.4,193402051800,230,15,***,34,*****
105,60.255,25.043,17.4,193402060600,290,15,***,36,*****
106,60.255,25.043,17.4,193402061200,290,28,***,36,*****
107,60.255,25.043,17.4,193402061800,290,21,***,37,*****
108,60.255,25.043,17.4,193402070600,230,15,***,30,*****
109,60.255,25.043,17.4,193402071200,360,6,***,34,*****
110,60.255,25.043,17.4,193402071800,020,6,***,30,*****
111,60.255,25.043,17.4,193402080600,290,10,***,16,*****
112,60.255,25.043,17.4,193402081200,050,10,***,19,*****
113,60.255,25.043,17.4,193402081800,020,21,***,16,*****
114,60.255,25.043,17.4,193402091200,320,10,***,19,*****
115,60.255,25.043,17.4,193402091800,270,10,***,16,*****
116,60.255,25.043,17.4,193402100600,140,28,***,27,*****
117,60.255,25.043,17.4,193402101200,090,10,***,25,*****
118,60.255,25.043,17.4,193402101800,320,2,***,23,*****
119,60.255,25.043,17.4,193402110600,290,6,***,25,*****
120,60.255,25.043,17.4,193402111200,320,21,***,25,*****
121,60.255,25.043,17.4,193402111800,340,21,***,19,*****
122,60.255,25.043,17.4,193402120600,360,21,***,10,*****
123,60.255,25.043,17.4,193402121200,360,28,***,18,*****
124,60.255,25.043,17.4,193402121800,360,15,***,14,*****
125,60.255,25.043,17.4,193402130600,250,10,***,9,*****
126,60.255,25.043,17.4,193402131800,230,6,***,30,*****
127,60.255,25.043,17.4,193402140600,290,10,***,25,*****
128,60.255,25.043,17.4,193402141800,290,10,***,28,*****
129,60.255,25.043,17.4,193402150600,320,10,***,28,*****
130,60.255,25.043,17.4,193402151200,360,10,***,32,*****
131,60.255,25.043,17.4,193402151800,020,6,***,30,*****
132,60.255,25.043,17.4,193402160600,270,15,***,32,*****
133,60.255,25.043,17.4,193402161200,290,6,***,39,*****
134,60.255,25.043,17.4,193402161800,230,15,***,37,*****
135,60.255,25.043,17.4,193402170600,270,15,***,39,*****
136,60.255,25.043,17.4,193402171200,290,15,***,45,*****
137,60.255,25.043,17.4,193402171800,270,15,***,41,*****
138,60.255,25.043,17.4,193402180600,320,21,***,37,*****
139,60.255,25.043,17.4,193402181200,320,21,***,39,*****
140,60.255,25.043,17.4,193402181800,320,10,***,34,*****
141,60.255,25.043,17.4,193402190600,270,15,***,34,*****
142,60.255,25.043,17.4,193402191200,290,21,***,39,*****
143,60.255,25.043,17.4,193402191800,290,15,***,34,*****
144,60.255,25.043,17.4,193402200600,360,28,***,19,*****
145,60.255,25.043,17.4,193402201200,360,28,***,23,*****
146,60.255,25.043,17.4,193402201800,360,28,***,19,*****
147,60.255,25.043,17.4,193402210600,340,10,***,10,*****
148,60.255,25.043,17.4,193402211200,320,10,***,21,*****
149,60.255,25.043,17.4,193402211800,270,10,***,19,*****
150,60.255,25.043,17.4,193402220600,250,6,***,19,*****
151,60.255,25.043,17.4,193402221800,180,28,***,28,*****
152,60.255,25.043,17.4,193402230600,290,34,***,36,*****
153,60.255,25.043,17.4,193402231200,340,28,***,32,*****
154,60.255,25.043,17.4,193402231800,340,21,***,27,*****
155,60.255,25.043,17.4,193402240600,360,15,***,18,*****
156,60.255,25.043,17.4,193402241200,340,15,***,27,*****
157,60.255,25.043,17.4,193402241800,020,10,***,21,*****
158,60.255,25.043,17.4,193402250600,160,15,***,25,*****
159,60.255,25.043,17.4,193402251200,160,15,***,28,*****
160,60.255,25.043,17.4,193402251800,180,21,***,30,*****
161,60.255,25.043,17.4,193402260600,160,15,***,34,*****
162,60.255,25.043,17.4,193402261200,140,10,***,34,*****
163,60.255,25.043,17.4,193402261800,140,6,***,34,*****
164,60.255,25.043,17.4,193402270600,110,10,***,32,*****
165,60.255,25.043,17.4,193402271200,110,15,***,32,*****
166,60.255,25.043,17.4,193402271800,140,21,***,32,*****
167,60.255,25.043,17.4,193402280600,110,15,***,30,*****
168,60.255,25.043,17.4,193402281200,090,28,***,27,*****
169,60.255,25.043,17.4,193402281800,110,28,***,23,*****
170,60.255,25.043,17.4,193403010600,140,21,***,18,*****
171,60.255,25.043,17.4,193403011200,140,21,***,19,*****
172,60.255,25.043,17.4,193403011800,140,15,***,16,*****
173,60.255,25.043,17.4,193403020600,140,15,***,19,*****
174,60.255,25.043,17.4,193403021200,140,15,***,23,*****
175,60.255,25.043,17.4,193403021800,140,10,***,21,*****
176,60.255,25.043,17.4,193403030600,140,10,***,19,*****
177,60.255,25.043,17.4,193403031200,140,10,***,27,*****
178,60.255,25.043,17.4,193403031800,160,15,***,25,*****
179,60.255,25.043,17.4,193403040600,250,10,***,28,*****
180,60.255,25.043,17.4,193403041200,230,15,***,32,*****
181,60.255,25.043,17.4,193403041800,230,10,***,34,*****
182,60.255,25.043,17.4,193403050600,230,6,***,30,*****
183,60.255,25.043,17.4,193403051200,230,10,***,34,*****
184,60.255,25.043,17.4,193403051800,230,10,***,34,*****
185,60.255,25.043,17.4,193403060600,180,10,***,34,*****
186,60.255,25.043,17.4,193403061200,200,21,***,36,*****
187,60.255,25.043,17.4,193403061800,180,21,***,34,*****
188,60.255,25.043,17.4,193403070600,140,10,***,34,*****
189,60.255,25.043,17.4,193403071200,140,15,***,32,*****
190,60.255,25.043,17.4,193403071800,140,15,***,32,*****
191,60.255,25.043,17.4,193403081200,200,10,***,36,*****
192,60.255,25.043,17.4,193403081800,200,10,***,34,*****
193,60.255,25.043,17.4,193403090600,290,2,***,32,*****
194,60.255,25.043,17.4,193403091200,360,10,***,34,*****
195,60.255,25.043,17.4,193403091800,360,15,***,25,*****
196,60.255,25.043,17.4,193403100600,050,10,***,19,*****
197,60.255,25.043,17.4,193403101200,020,10,***,21,*****
198,60.255,25.043,17.4,193403101800,360,15,***,19,*****
199,60.255,25.043,17.4,193403110600,340,6,***,19,*****
200,60.255,25.043,17.4,193403111200,200,6,***,23,*****
201,60.255,25.043,17.4,193403111800,270,6,***,19,*****
202,60.255,25.043,17.4,193403120600,070,6,***,14,*****
203,60.255,25.043,17.4,193403121200,160,6,***,23,*****
204,60.255,25.043,17.4,193403121800,140,10,***,19,*****
205,60.255,25.043,17.4,193403130600,090,6,***,16,*****
206,60.255,25.043,17.4,193403131200,090,21,***,21,*****
207,60.255,25.043,17.4,193403131800,070,21,***,18,*****
208,60.255,25.043,17.4,193403140600,090,15,***,16,*****
209,60.255,25.043,17.4,193403141200,050,15,***,19,*****
210,60.255,25.043,17.4,193403141800,050,6,***,18,*****
211,60.255,25.043,17.4,193403150600,050,6,***,23,*****
212,60.255,25.043,17.4,193403151200,160,2,***,28,*****
213,60.255,25.043,17.4,193403151800,140,10,***,28,*****
214,60.255,25.043,17.4,193403160600,140,10,***,34,*****
215,60.255,25.043,17.4,193403161200,140,6,***,36,*****
216,60.255,25.043,17.4,193403161800,140,10,***,34,*****
217,60.255,25.043,17.4,193403170600,160,10,***,34,*****
218,60.255,25.043,17.4,193403171200,160,6,***,34,*****
219,60.255,25.043,17.4,193403171800,***,0,***,32,*****
220,60.255,25.043,17.4,193403180600,110,6,***,34,*****
221,60.255,25.043,17.4,193403181200,160,10,***,36,*****
222,60.255,25.043,17.4,193403181800,110,10,***,32,*****
223,60.255,25.043,17.4,193403190600,140,15,***,34,*****
224,60.255,25.043,17.4,193403191200,140,15,***,37,*****
225,60.255,25.043,17.4,193403191800,140,15,***,36,*****
226,60.255,25.043,17.4,193403200600,180,6,***,36,*****
227,60.255,25.043,17.4,193403201200,200,6,***,36,*****
228,60.255,25.043,17.4,193403201800,200,2,***,32,*****
229,60.255,25.043,17.4,193403210600,110,6,***,32,*****
230,60.255,25.043,17.4,193403211200,110,6,***,34,*****
231,60.255,25.043,17.4,193403211800,110,10,***,32,*****
232,60.255,25.043,17.4,193403220600,070,15,***,34,*****
233,60.255,25.043,17.4,193403221200,090,15,***,36,*****
234,60.255,25.043,17.4,193403221800,110,21,***,36,*****
235,60.255,25.043,17.4,193403230600,090,10,***,34,*****
236,60.255,25.043,17.4,193403231200,090,10,***,36,*****
237,60.255,25.043,17.4,193403231800,050,6,***,34,*****
238,60.255,25.043,17.4,193403240600,320,10,***,36,*****
239,60.255,25.043,17.4,193403241200,320,10,***,36,*****
240,60.255,25.043,17.4,193403241800,270,6,***,34,*****
241,60.255,25.043,17.4,193403250600,140,10,***,34,*****
242,60.255,25.043,17.4,193403251200,140,2,***,37,*****
243,60.255,25.043,17.4,193403251800,140,6,***,34,*****
244,60.255,25.043,17.4,193403260600,070,10,***,36,*****
245,60.255,25.043,17.4,193403261200,140,21,***,36,*****
246,60.255,25.043,17.4,193403261800,070,10,***,36,*****
247,60.255,25.043,17.4,193403270600,110,28,***,34,*****
248,60.255,25.043,17.4,193403271200,110,21,***,34,*****
249,60.255,25.043,17.4,193403271800,140,6,***,34,*****
250,60.255,25.043,17.4,193403280600,090,6,***,34,*****
251,60.255,25.043,17.4,193403281200,110,6,***,36,*****
252,60.255,25.043,17.4,193403281800,110,2,***,34,*****
253,60.255,25.043,17.4,193403290600,020,10,***,34,*****
254,60.255,25.043,17.4,193403291200,050,10,***,36,*****
255,60.255,25.043,17.4,193403291800,050,15,***,34,*****
256,60.255,25.043,17.4,193403300600,050,15,***,32,*****
257,60.255,25.043,17.4,193403301200,140,10,***,36,*****
258,60.255,25.043,17.4,193403301800,140,15,***,30,*****
259,60.255,25.043,17.4,193403310600,070,15,***,32,*****
260,60.255,25.043,17.4,193403311200,140,15,***,34,*****
261,60.255,25.043,17.4,193403311800,090,10,***,30,*****
262,60.255,25.043,17.4,193404010600,140,6,***,36,*****
263,60.255,25.043,17.4,193404011200,160,6,***,39,*****
264,60.255,25.043,17.4,193404020600,***,0,***,39,*****
265,60.255,25.043,17.4,193404021200,***,0,***,43,*****
266,60.255,25.043,17.4,193404021800,020,10,***,39,*****
267,60.255,25.043,17.4,193404030600,020,10,***,36,*****
268,60.255,25.043,17.4,193404031200,230,10,***,39,*****
269,60.255,25.043,17.4,193404031800,360,10,***,36,*****
270,60.255,25.043,17.4,193404040600,230,6,***,37,*****
271,60.255,25.043,17.4,193404041200,230,21,***,37,*****
272,60.255,25.043,17.4,193404041800,230,15,***,34,*****
273,60.255,25.043,17.4,193404050600,230,15,***,36,*****
274,60.255,25.043,17.4,193404051200,230,10,***,39,*****
275,60.255,25.043,17.4,193404051800,020,10,***,37,*****
276,60.255,25.043,17.4,193404060600,090,15,***,30,*****
277,60.255,25.043,17.4,193404061200,110,15,***,34,*****
278,60.255,25.043,17.4,193404061800,070,15,***,32,*****
279,60.255,25.043,17.4,193404070600,050,6,***,32,*****
280,60.255,25.043,17.4,193404071200,320,6,***,37,*****
281,60.255,25.043,17.4,193404071800,200,10,***,32,*****
282,60.255,25.043,17.4,193404080600,360,6,***,36,*****
283,60.255,25.043,17.4,193404081200,200,10,***,37,*****
284,60.255,25.043,17.4,193404081800,140,10,***,30,*****
285,60.255,25.043,17.4,193404090600,200,15,***,41,*****
286,60.255,25.043,17.4,193404091200,270,15,***,48,*****
287,60.255,25.043,17.4,193404091800,050,15,***,37,*****
288,60.255,25.043,17.4,193404100600,050,21,***,25,*****
289,60.255,25.043,17.4,193404101200,050,28,***,28,*****
290,60.255,25.043,17.4,193404101800,020,15,***,27,*****
291,60.255,25.043,17.4,193404110600,340,6,***,34,*****
292,60.255,25.043,17.4,193404111200,200,15,***,34,*****
293,60.255,25.043,17.4,193404111800,230,10,***,30,*****
294,60.255,25.043,17.4,193404120600,250,6,***,32,*****
295,60.255,25.043,17.4,193404121200,180,10,***,36,*****
296,60.255,25.043,17.4,193404130600,***,***,***,36,*****
297,60.255,25.043,17.4,193404131200,360,15,***,43,*****
298,60.255,25.043,17.4,193404131800,270,10,***,39,*****
299,60.255,25.043,17.4,193404140600,230,10,***,41,*****
300,60.255,25.043,17.4,193404141200,230,15,***,41,*****
301,60.255,25.043,17.4,193404141800,230,10,***,36,*****
302,60.255,25.043,17.4,193404150600,250,6,***,37,*****
303,60.255,25.043,17.4,193404151200,200,10,***,39,*****
304,60.255,25.043,17.4,193404151800,230,10,***,36,*****
305,60.255,25.043,17.4,193404160600,140,2,***,41,*****
306,60.255,25.043,17.4,193404161200,140,6,***,41,*****
307,60.255,25.043,17.4,193404161800,160,10,***,37,*****
308,60.255,25.043,17.4,193404170600,270,15,***,48,*****
309,60.255,25.043,17.4,193404171200,200,21,***,50,*****
310,60.255,25.043,17.4,193404171800,290,15,***,45,*****
311,60.255,25.043,17.4,193404180600,140,6,***,41,*****
312,60.255,25.043,17.4,193404181200,140,15,***,37,*****
313,60.255,25.043,17.4,193404181800,140,21,***,34,*****
314,60.255,25.043,17.4,193404190600,230,15,***,41,*****
315,60.255,25.043,17.4,193404191200,180,21,***,46,*****
316,60.255,25.043,17.4,193404200600,200,15,***,43,*****
317,60.255,25.043,17.4,193404201200,***,***,***,45,*****
318,60.255,25.043,17.4,193404201800,230,10,***,39,*****
319,60.255,25.043,17.4,193404210600,250,2,***,39,*****
320,60.255,25.043,17.4,193404211200,230,10,***,43,*****
321,60.255,25.043,17.4,193404211800,230,10,***,39,*****
322,60.255,25.043,17.4,193404220600,250,10,***,34,*****
323,60.255,25.043,17.4,193404221200,200,10,***,45,*****
324,60.255,25.043,17.4,193404221800,230,10,***,43,*****
325,60.255,25.043,17.4,193404230600,140,10,***,43,*****
326,60.255,25.043,17.4,193404231200,140,15,***,46,*****
327,60.255,25.043,17.4,193404231800,160,21,***,45,*****
328,60.255,25.043,17.4,193404240600,160,28,***,45,*****
329,60.255,25.043,17.4,193404241200,200,21,***,37,*****
330,60.255,25.043,17.4,193404241800,200,10,***,39,*****
331,60.255,25.043,17.4,193404250600,200,10,***,43,*****
332,60.255,25.043,17.4,193404251200,200,15,***,52,*****
333,60.255,25.043,17.4,193404251800,140,10,***,43,*****
334,60.255,25.043,17.4,193404260600,140,10,***,41,*****
335,60.255,25.043,17.4,193404261200,140,6,***,43,*****
336,60.255,25.043,17.4,193404261800,200,6,***,43,*****
337,60.255,25.043,17.4,193404270600,050,10,***,43,*****
338,60.255,25.043,17.4,193404271200,110,28,***,50,*****
339,60.255,25.043,17.4,193404271800,140,6,***,43,*****
340,60.255,25.043,17.4,193404280600,020,15,***,46,*****
341,60.255,25.043,17.4,193404281200,200,10,***,54,*****
342,60.255,25.043,17.4,193404281800,230,6,***,46,*****
343,60.255,25.043,17.4,193404290600,***,***,***,****,*****
344,60.255,25.043,17.4,193404291200,230,6,***,55,*****
345,60.255,25.043,17.4,193404291800,200,6,***,50,*****
346,60.255,25.043,17.4,193404300600,140,2,***,54,*****
347,60.255,25.043,17.4,193404301200,110,10,***,57,*****
348,60.255,25.043,17.4,193404301800,110,15,***,50,*****
349,60.255,25.043,17.4,193405010600,110,10,***,50,*****
350,60.255,25.043,17.4,193405011200,140,6,***,59,*****
351,60.255,25.043,17.4,193405011800,160,10,***,52,*****
352,60.255,25.043,17.4,193405020600,140,6,***,57,*****
353,60.255,25.043,17.4,193405021200,160,10,***,63,*****
354,60.255,25.043,17.4,193405030600,180,6,***,57,*****
355,60.255,25.043,17.4,193405031200,200,***,***,54,*****
356,60.255,25.043,17.4,193405040600,070,21,***,57,*****
357,60.255,25.043,17.4,193405041200,140,21,***,61,*****
358,60.255,25.043,17.4,193405050600,140,10,***,55,*****
359,60.255,25.043,17.4,193405051200,110,6,***,68,*****
360,60.255,25.043,17.4,193405051800,090,6,***,61,*****
361,60.255,25.043,17.4,193405060600,070,6,***,63,*****
362,60.255,25.043,17.4,193405061200,110,6,***,72,*****
363,60.255,25.043,17.4,193405061800,110,10,***,63,*****
364,60.255,25.043,17.4,193405070600,110,6,***,64,*****
365,60.255,25.043,17.4,193405071200,***,***,***,70,*****
366,60.255,25.043,17.4,193405071800,160,2,***,63,*****
367,60.255,25.043,17.4,193405081800,250,10,***,70,*****
368,60.255,25.043,17.4,193405091200,200,15,***,70,*****
369,60.255,25.043,17.4,193405091800,230,10,***,64,*****
370,60.255,25.043,17.4,193405101200,180,21,***,55,*****
371,60.255,25.043,17.4,193405111200,320,34,***,57,*****
372,60.255,25.043,17.4,193405120600,230,10,***,48,*****
373,60.255,25.043,17.4,193405121200,230,28,***,55,*****
374,60.255,25.043,17.4,193405130600,290,10,***,46,*****
375,60.255,25.043,17.4,193405131200,360,6,***,50,*****
376,60.255,25.043,17.4,193405131800,200,34,***,45,*****
377,60.255,25.043,17.4,193405140600,180,10,***,52,*****
378,60.255,25.043,17.4,193405141200,230,15,***,52,*****
379,60.255,25.043,17.4,193405141800,180,6,***,46,*****
380,60.255,25.043,17.4,193405150600,180,6,***,46,*****
381,60.255,25.043,17.4,193405151200,140,15,***,48,*****
382,60.255,25.043,17.4,193405151800,160,15,***,46,*****
383,60.255,25.043,17.4,193405160600,160,10,***,45,*****
384,60.255,25.043,17.4,193405161200,230,15,***,52,*****
385,60.255,25.043,17.4,193405161800,290,2,***,46,*****
386,60.255,25.043,17.4,193405170600,140,10,***,50,*****
387,60.255,25.043,17.4,193405171200,140,15,***,61,*****
388,60.255,25.043,17.4,193405171800,160,15,***,54,*****
389,60.255,25.043,17.4,193405180600,180,15,***,48,*****
390,60.255,25.043,17.4,193405181200,230,6,***,52,*****
391,60.255,25.043,17.4,193405181800,250,6,***,50,*****
392,60.255,25.043,17.4,193405190600,140,2,***,57,*****
393,60.255,25.043,17.4,193405191200,230,6,***,54,*****
394,60.255,25.043,17.4,193405191800,230,2,***,52,*****
395,60.255,25.043,17.4,193405200600,***,***,***,50,*****
396,60.255,25.043,17.4,193405201200,180,6,***,52,*****
397,60.255,25.043,17.4,193405201800,200,6,***,50,*****
398,60.255,25.043,17.4,193405210600,180,10,***,50,*****
399,60.255,25.043,17.4,193405211200,230,21,***,50,*****
400,60.255,25.043,17.4,193405211800,230,15,***,46,*****
401,60.255,25.043,17.4,193405220600,110,15,***,45,*****
402,60.255,25.043,17.4,193405221200,230,10,***,54,*****
403,60.255,25.043,17.4,193405221800,160,6,***,48,*****
404,60.255,25.043,17.4,193405230600,340,10,***,48,*****
405,60.255,25.043,17.4,193405231200,320,15,***,55,*****
406,60.255,25.043,17.4,193405231800,340,10,***,50,*****
407,60.255,25.043,17.4,193405240600,320,15,***,48,*****
408,60.255,25.043,17.4,193405241200,360,15,***,52,*****
409,60.255,25.043,17.4,193405241800,360,15,***,48,*****
410,60.255,25.043,17.4,193405250600,340,21,***,52,*****
411,60.255,25.043,17.4,193405251200,340,15,***,54,*****
412,60.255,25.043,17.4,193405251800,270,6,***,50,*****
413,60.255,25.043,17.4,193405260600,200,6,***,48,*****
414,60.255,25.043,17.4,193405261800,180,10,***,46,*****
415,60.255,25.043,17.4,193405270600,140,10,***,45,*****
416,60.255,25.043,17.4,193405271200,160,6,***,46,*****
417,60.255,25.043,17.4,193405271800,070,6,***,45,*****
418,60.255,25.043,17.4,193405280600,020,10,***,48,*****
419,60.255,25.043,17.4,193405281200,200,10,***,52,*****
420,60.255,25.043,17.4,193405281800,180,2,***,48,*****
421,60.255,25.043,17.4,193405290600,180,6,***,52,*****
422,60.255,25.043,17.4,193405291200,160,15,***,54,*****
423,60.255,25.043,17.4,193405291800,140,6,***,46,*****
424,60.255,25.043,17.4,193405300600,050,10,***,50,*****
425,60.255,25.043,17.4,193405301200,200,10,***,63,*****
426,60.255,25.043,17.4,193405301800,230,6,***,55,*****
427,60.255,25.043,17.4,193405310600,020,15,***,52,*****
428,60.255,25.043,17.4,193405311200,180,6,***,59,*****
429,60.255,25.043,17.4,193405311800,050,6,***,54,*****
430,60.255,25.043,17.4,193406010600,290,10,***,57,*****
431,60.255,25.043,17.4,193406011200,270,15,***,63,*****
432,60.255,25.043,17.4,193406011800,290,15,***,57,*****
433,60.255,25.043,17.4,193406020600,290,6,***,61,*****
434,60.255,25.043,17.4,193406021200,230,10,***,50,*****
435,60.255,25.043,17.4,193406021800,250,10,***,57,*****
436,60.255,25.043,17.4,193406030600,340,10,***,61,*****
437,60.255,25.043,17.4,193406031800,160,10,***,50,*****
438,60.255,25.043,17.4,193406040600,050,10,***,54,*****
439,60.255,25.043,17.4,193406041200,070,10,***,57,*****
440,60.255,25.043,17.4,193406041800,070,6,***,54,*****
441,60.255,25.043,17.4,193406050600,110,10,***,64,*****
442,60.255,25.043,17.4,193406051200,140,6,***,61,*****
443,60.255,25.043,17.4,193406051800,050,10,***,57,*****
444,60.255,25.043,17.4,193406060600,070,15,***,63,*****
445,60.255,25.043,17.4,193406061200,140,10,***,73,*****
446,60.255,25.043,17.4,193406061800,070,10,***,66,*****
447,60.255,25.043,17.4,193406070600,110,10,***,66,*****
448,60.255,25.043,17.4,193406071200,140,15,***,66,*****
449,60.255,25.043,17.4,193406071800,140,2,***,63,*****
450,60.255,25.043,17.4,193406080600,320,10,***,73,*****
451,60.255,25.043,17.4,193406081200,140,15,***,68,*****
452,60.255,25.043,17.4,193406081800,320,10,***,72,*****
453,60.255,25.043,17.4,193406090600,110,10,***,57,*****
454,60.255,25.043,17.4,193406091200,140,10,***,59,*****
455,60.255,25.043,17.4,193406091800,180,10,***,57,*****
456,60.255,25.043,17.4,193406100600,230,21,***,57,*****
457,60.255,25.043,17.4,193406101200,200,10,***,64,*****
458,60.255,25.043,17.4,193406101800,360,10,***,63,*****
459,60.255,25.043,17.4,193406110600,070,10,***,54,*****
460,60.255,25.043,17.4,193406111200,360,6,***,55,*****
461,60.255,25.043,17.4,193406111800,360,15,***,57,*****
462,60.255,25.043,17.4,193406120600,320,6,***,59,*****
463,60.255,25.043,17.4,193406121200,200,21,***,61,*****
464,60.255,25.043,17.4,193406121800,270,21,***,59,*****
465,60.255,25.043,17.4,193406130600,290,10,***,61,*****
466,60.255,25.043,17.4,193406131200,320,21,***,66,*****
467,60.255,25.043,17.4,193406131800,320,15,***,55,*****
468,60.255,25.043,17.4,193406140600,050,10,***,52,*****
469,60.255,25.043,17.4,193406141200,050,21,***,50,*****
470,60.255,25.043,17.4,193406141800,020,10,***,45,*****
471,60.255,25.043,17.4,193406150600,020,15,***,55,*****
472,60.255,25.043,17.4,193406151200,360,15,***,59,*****
473,60.255,25.043,17.4,193406151800,360,10,***,54,*****
474,60.255,25.043,17.4,193406160600,360,6,***,61,*****
475,60.255,25.043,17.4,193406161200,200,15,***,59,*****
476,60.255,25.043,17.4,193406161800,270,15,***,57,*****
477,60.255,25.043,17.4,193406170600,230,10,***,61,*****
478,60.255,25.043,17.4,193406171200,200,21,***,63,*****
479,60.255,25.043,17.4,193406171800,230,15,***,54,*****
480,60.255,25.043,17.4,193406180600,140,10,***,54,*****
481,60.255,25.043,17.4,193406181200,180,6,***,59,*****
482,60.255,25.043,17.4,193406190600,290,10,***,66,*****
483,60.255,25.043,17.4,193406191200,200,15,***,66,*****
484,60.255,25.043,17.4,193406191800,320,15,***,66,*****
485,60.255,25.043,17.4,193406200600,140,10,***,64,*****
486,60.255,25.043,17.4,193406201800,160,10,***,59,*****
487,60.255,25.043,17.4,193406210600,180,10,***,59,*****
488,60.255,25.043,17.4,193406211200,180,10,***,68,*****
489,60.255,25.043,17.4,193406211800,200,10,***,57,*****
490,60.255,25.043,17.4,193406220600,200,10,***,64,*****
491,60.255,25.043,17.4,193406221200,200,15,***,64,*****
492,60.255,25.043,17.4,193406221800,200,10,***,57,*****
493,60.255,25.043,17.4,193406230600,110,10,***,63,*****
494,60.255,25.043,17.4,193406231200,160,10,***,61,*****
495,60.255,25.043,17.4,193406231800,050,2,***,55,*****
496,60.255,25.043,17.4,193406240600,360,21,***,61,*****
497,60.255,25.043,17.4,193406241200,270,21,***,70,*****
498,60.255,25.043,17.4,193406241800,320,10,***,61,*****
499,60.255,25.043,17.4,193406250600,320,15,***,63,*****
500,60.255,25.043,17.4,193406251200,250,15,***,70,*****
501,60.255,25.043,17.4,193406251800,360,15,***,50,*****
502,60.255,25.043,17.4,193406260600,230,6,***,72,*****
503,60.255,25.043,17.4,193406261200,250,15,***,72,*****
504,60.255,25.043,17.4,193406261800,360,10,***,55,*****
505,60.255,25.043,17.4,193406270600,020,10,***,73,*****
506,60.255,25.043,17.4,193406271200,180,15,***,73,*****
507,60.255,25.043,17.4,193406271800,270,10,***,70,*****
508,60.255,25.043,17.4,193406280600,020,2,***,72,*****
509,60.255,25.043,17.4,193406281200,340,2,***,75,*****
510,60.255,25.043,17.4,193406281800,160,2,***,68,*****
511,60.255,25.043,17.4,193406290600,070,6,***,79,*****
512,60.255,25.043,17.4,193406291200,180,6,***,73,*****
513,60.255,25.043,17.4,193406291800,320,6,***,75,*****
514,60.255,25.043,17.4,193406300600,180,6,***,77,*****
515,60.255,25.043,17.4,193406301200,180,10,***,72,*****
516,60.255,25.043,17.4,193406301800,250,10,***,72,*****
517,60.255,25.043,17.4,193407010600,200,2,***,66,*****
518,60.255,25.043,17.4,193407011200,230,10,***,70,*****
519,60.255,25.043,17.4,193407011800,230,10,***,61,*****
520,60.255,25.043,17.4,193407020600,320,10,***,68,*****
521,60.255,25.043,17.4,193407021200,180,10,***,70,*****
522,60.255,25.043,17.4,193407021800,230,15,***,63,*****
523,60.255,25.043,17.4,193407030600,140,10,***,61,*****
524,60.255,25.043,17.4,193407031200,140,10,***,59,*****
525,60.255,25.043,17.4,193407031800,140,10,***,59,*****
526,60.255,25.043,17.4,193407040600,090,6,***,63,*****
527,60.255,25.043,17.4,193407041200,160,6,***,64,*****
528,60.255,25.043,17.4,193407041800,320,6,***,59,*****
529,60.255,25.043,17.4,193407050600,230,6,***,66,*****
530,60.255,25.043,17.4,193407051200,160,6,***,66,*****
531,60.255,25.043,17.4,193407051800,360,6,***,64,*****
532,60.255,25.043,17.4,193407060600,050,15,***,72,*****
533,60.255,25.043,17.4,193407061200,090,15,***,59,*****
534,60.255,25.043,17.4,193407061800,050,15,***,66,*****
535,60.255,25.043,17.4,193407070600,140,6,***,73,*****
536,60.255,25.043,17.4,193407071200,160,6,***,73,*****
537,60.255,25.043,17.4,193407071800,020,10,***,64,*****
538,60.255,25.043,17.4,193407081200,090,15,***,68,*****
539,60.255,25.043,17.4,193407090600,070,10,***,68,*****
540,60.255,25.043,17.4,193407091200,090,15,***,72,*****
541,60.255,25.043,17.4,193407100600,340,10,***,64,*****
542,60.255,25.043,17.4,193407101200,340,10,***,68,*****
543,60.255,25.043,17.4,193407101800,360,10,***,68,*****
544,60.255,25.043,17.4,193407110600,320,10,***,55,*****
545,60.255,25.043,17.4,193407111200,050,6,***,63,*****
546,60.255,25.043,17.4,193407111800,200,6,***,63,*****
547,60.255,25.043,17.4,193407120600,050,6,***,66,*****
548,60.255,25.043,17.4,193407121200,020,10,***,68,*****
549,60.255,25.043,17.4,193407121800,160,6,***,66,*****
550,60.255,25.043,17.4,193407130600,140,10,***,64,*****
551,60.255,25.043,17.4,193407131200,090,15,***,72,*****
552,60.255,25.043,17.4,193407131800,090,15,***,68,*****
553,60.255,25.043,17.4,193407140600,140,10,***,70,*****
554,60.255,25.043,17.4,193407141200,160,10,***,73,*****
555,60.255,25.043,17.4,193407141800,140,6,***,72,*****
556,60.255,25.043,17.4,193407150600,110,6,***,81,*****
557,60.255,25.043,17.4,193407151200,180,10,***,84,*****
558,60.255,25.043,17.4,193407151800,090,10,***,79,*****
559,60.255,25.043,17.4,193407160600,050,10,***,75,*****
560,60.255,25.043,17.4,193407161200,140,10,***,79,*****
561,60.255,25.043,17.4,193407161800,340,6,***,66,*****
562,60.255,25.043,17.4,193407170600,020,10,***,79,*****
563,60.255,25.043,17.4,193407171200,290,10,***,72,*****
564,60.255,25.043,17.4,193407171800,***,***,***,70,*****
565,60.255,25.043,17.4,193407180600,020,6,***,75,*****
566,60.255,25.043,17.4,193407181200,140,2,***,73,*****
567,60.255,25.043,17.4,193407181800,070,6,***,70,*****
568,60.255,25.043,17.4,193407190600,070,15,***,64,*****
569,60.255,25.043,17.4,193407191200,090,10,***,66,*****
570,60.255,25.043,17.4,193407191800,090,6,***,****,*****
571,60.255,25.043,17.4,193407200600,090,15,***,61,*****
572,60.255,25.043,17.4,193407201200,090,10,***,63,*****
573,60.255,25.043,17.4,193407201800,090,15,***,63,*****
574,60.255,25.043,17.4,193407210600,320,2,***,61,*****
575,60.255,25.043,17.4,193407211200,140,10,***,63,*****
576,60.255,25.043,17.4,193407211800,160,10,***,63,*****
577,60.255,25.043,17.4,193407220600,140,6,***,61,*****
578,60.255,25.043,17.4,193407221800,160,10,***,64,*****
579,60.255,25.043,17.4,193407230600,360,2,***,61,*****
580,60.255,25.043,17.4,193407240600,140,6,***,70,*****
581,60.255,25.043,17.4,193407241200,140,10,***,73,*****
582,60.255,25.043,17.4,193407241800,140,6,***,70,*****
583,60.255,25.043,17.4,193407250600,050,10,***,72,*****
584,60.255,25.043,17.4,193407251200,090,10,***,73,*****
585,60.255,25.043,17.4,193407251800,140,6,***,73,*****
586,60.255,25.043,17.4,193407260600,140,6,***,70,*****
587,60.255,25.043,17.4,193407261200,140,10,***,66,*****
588,60.255,25.043,17.4,193407261800,140,10,***,68,*****
589,60.255,25.043,17.4,193407280600,200,6,***,63,*****
590,60.255,25.043,17.4,193407281200,230,10,***,68,*****
591,60.255,25.043,17.4,193407281800,200,10,***,64,*****
592,60.255,25.043,17.4,193407290600,140,10,***,66,*****
593,60.255,25.043,17.4,193407291200,270,15,***,61,*****
594,60.255,25.043,17.4,193407291800,270,15,***,59,*****
595,60.255,25.043,17.4,193407300600,270,10,***,59,*****
596,60.255,25.043,17.4,193407301200,270,6,***,64,*****
597,60.255,25.043,17.4,193407301800,250,6,***,66,*****
598,60.255,25.043,17.4,193407310600,160,10,***,64,*****
599,60.255,25.043,17.4,193407311200,070,15,***,66,*****
600,60.255,25.043,17.4,193407311800,050,***,***,****,*****
601,60.255,25.043,17.4,193408010600,050,6,***,72,*****
602,60.255,25.043,17.4,193408011200,***,***,***,75,*****
603,60.255,25.043,17.4,193408020600,050,15,***,70,*****
604,60.255,25.043,17.4,193408021200,140,10,***,75,*****
605,60.255,25.043,17.4,193408021800,110,6,***,68,*****
606,60.255,25.043,17.4,193408030600,090,10,***,72,*****
607,60.255,25.043,17.4,193408031200,140,10,***,70,*****
608,60.255,25.043,17.4,193408031800,050,2,***,68,*****
609,60.255,25.043,17.4,193408040600,050,10,***,64,*****
610,60.255,25.043,17.4,193408041200,050,10,***,66,*****
611,60.255,25.043,17.4,193408041800,***,***,***,63,*****
612,60.255,25.043,17.4,193408050600,050,10,***,61,*****
613,60.255,25.043,17.4,193408051200,090,15,***,66,*****
614,60.255,25.043,17.4,193408051800,090,10,***,66,*****
615,60.255,25.043,17.4,193408060600,070,6,***,68,*****
616,60.255,25.043,17.4,193408061200,140,6,***,72,*****
617,60.255,25.043,17.4,193408061800,230,2,***,66,*****
618,60.255,25.043,17.4,193408070600,050,10,***,72,*****
619,60.255,25.043,17.4,193408071200,180,10,***,77,*****
620,60.255,25.043,17.4,193408071800,270,10,***,72,*****
621,60.255,25.043,17.4,193408080600,360,6,***,75,*****
622,60.255,25.043,17.4,193408081200,180,10,***,79,*****
623,60.255,25.043,17.4,193408081800,270,6,***,72,*****
624,60.255,25.043,17.4,193408090600,230,6,***,73,*****
625,60.255,25.043,17.4,193408091200,***,***,***,72,*****
626,60.255,25.043,17.4,193408091800,230,15,***,****,*****
627,60.255,25.043,17.4,193408100600,230,10,***,73,*****
628,60.255,25.043,17.4,193408101200,230,15,***,73,*****
629,60.255,25.043,17.4,193408101800,230,10,***,68,*****
630,60.255,25.043,17.4,193408111200,230,21,***,72,*****
631,60.255,25.043,17.4,193408111800,200,15,***,66,*****
632,60.255,25.043,17.4,193408120600,180,15,***,68,*****
633,60.255,25.043,17.4,193408121800,230,10,***,64,*****
634,60.255,25.043,17.4,193408130600,160,15,***,64,*****
635,60.255,25.043,17.4,193408131200,180,21,***,68,*****
636,60.255,25.043,17.4,193408131800,230,15,***,63,*****
637,60.255,25.043,17.4,193408140600,180,15,***,66,*****
638,60.255,25.043,17.4,193408141200,290,15,***,70,*****
639,60.255,25.043,17.4,193408141800,230,10,***,63,*****
640,60.255,25.043,17.4,193408150600,340,10,***,64,*****
641,60.255,25.043,17.4,193408151800,200,10,***,70,*****
642,60.255,25.043,17.4,193408160600,200,6,***,66,*****
643,60.255,25.043,17.4,193408161200,180,10,***,72,*****
644,60.255,25.043,17.4,193408161800,140,10,***,66,*****
645,60.255,25.043,17.4,193408170600,180,15,***,66,*****
646,60.255,25.043,17.4,193408171200,230,15,***,64,*****
647,60.255,25.043,17.4,193408171800,230,15,***,61,*****
648,60.255,25.043,17.4,193408180600,230,15,***,64,*****
649,60.255,25.043,17.4,193408181200,250,28,***,64,*****
650,60.255,25.043,17.4,193408190600,270,6,***,64,*****
651,60.255,25.043,17.4,193408191800,020,10,***,61,*****
652,60.255,25.043,17.4,193408200600,090,6,***,59,*****
653,60.255,25.043,17.4,193408201200,180,15,***,63,*****
654,60.255,25.043,17.4,193408201800,270,6,***,59,*****
655,60.255,25.043,17.4,193408210600,140,10,***,61,*****
656,60.255,25.043,17.4,193408211200,160,10,***,63,*****
657,60.255,25.043,17.4,193408211800,090,6,***,59,*****
658,60.255,25.043,17.4,193408220600,020,6,***,61,*****
659,60.255,25.043,17.4,193408221200,200,10,***,68,*****
660,60.255,25.043,17.4,193408221800,230,6,***,61,*****
661,60.255,25.043,17.4,193408230600,180,6,***,63,*****
662,60.255,25.043,17.4,193408231200,160,10,***,66,*****
663,60.255,25.043,17.4,193408231800,140,10,***,63,*****
664,60.255,25.043,17.4,193408241200,140,10,***,68,*****
665,60.255,25.043,17.4,193408241800,290,6,***,64,*****
666,60.255,25.043,17.4,193408250600,320,15,***,64,*****
667,60.255,25.043,17.4,193408251200,320,10,***,70,*****
668,60.255,25.043,17.4,193408251800,270,10,***,64,*****
669,60.255,25.043,17.4,193408260600,320,2,***,66,*****
670,60.255,25.043,17.4,193408261200,250,10,***,66,*****
671,60.255,25.043,17.4,193408261800,270,6,***,61,*****
672,60.255,25.043,17.4,193408271200,160,10,***,66,*****
673,60.255,25.043,17.4,193408271800,***,0,***,63,*****
674,60.255,25.043,17.4,193408280600,360,10,***,64,*****
675,60.255,25.043,17.4,193408281200,160,10,***,70,*****
676,60.255,25.043,17.4,193408281800,090,6,***,63,*****
677,60.255,25.043,17.4,193408290600,070,10,***,57,*****
678,60.255,25.043,17.4,193408291200,140,15,***,61,*****
679,60.255,25.043,17.4,193408291800,070,10,***,57,*****
680,60.255,25.043,17.4,193408300600,090,10,***,59,*****
681,60.255,25.043,17.4,193408301200,090,21,***,59,*****
682,60.255,25.043,17.4,193408301800,090,15,***,61,*****
683,60.255,25.043,17.4,193408310600,110,21,***,64,*****
684,60.255,25.043,17.4,193408311200,140,28,***,63,*****
685,60.255,25.043,17.4,193408311800,140,15,***,59,*****
686,60.255,25.043,17.4,193409010600,090,6,***,61,*****
687,60.255,25.043,17.4,193409011200,090,15,***,61,*****
688,60.255,25.043,17.4,193409011800,090,21,***,61,*****
689,60.255,25.043,17.4,193409020600,140,21,***,61,*****
690,60.255,25.043,17.4,193409021200,160,15,***,61,*****
691,60.255,25.043,17.4,193409021800,140,10,***,63,*****
692,60.255,25.043,17.4,193409031200,140,10,***,66,*****
693,60.255,25.043,17.4,193409031800,140,6,***,64,*****
694,60.255,25.043,17.4,193409040600,160,6,***,66,*****
695,60.255,25.043,17.4,193409041200,180,6,***,70,*****
696,60.255,25.043,17.4,193409041800,140,6,***,63,*****
697,60.255,25.043,17.4,193409050600,140,6,***,66,*****
698,60.255,25.043,17.4,193409051200,160,10,***,68,*****
699,60.255,25.043,17.4,193409051800,140,10,***,63,*****
700,60.255,25.043,17.4,193409060600,110,6,***,66,*****
701,60.255,25.043,17.4,193409061200,160,10,***,68,*****
702,60.255,25.043,17.4,193409061800,090,10,***,63,*****
703,60.255,25.043,17.4,193409070600,110,10,***,66,*****
704,60.255,25.043,17.4,193409071200,110,10,***,68,*****
705,60.255,25.043,17.4,193409071800,090,6,***,63,*****
706,60.255,25.043,17.4,193409080600,090,6,***,70,*****
707,60.255,25.043,17.4,193409081200,140,6,***,70,*****
708,60.255,25.043,17.4,193409090600,050,2,***,64,*****
709,60.255,25.043,17.4,193409091200,140,6,***,68,*****
710,60.255,25.043,17.4,193409091800,140,10,***,63,*****
711,60.255,25.043,17.4,193409100600,140,6,***,66,*****
712,60.255,25.043,17.4,193409101200,140,10,***,66,*****
713,60.255,25.043,17.4,193409101800,160,10,***,63,*****
714,60.255,25.043,17.4,193409110600,140,2,***,64,*****
715,60.255,25.043,17.4,193409111200,160,10,***,66,*****
716,60.255,25.043,17.4,193409111800,180,10,***,64,*****
717,60.255,25.043,17.4,193409120600,270,6,***,59,*****
718,60.255,25.043,17.4,193409121200,230,10,***,66,*****
719,60.255,25.043,17.4,193409121800,270,10,***,59,*****
720,60.255,25.043,17.4,193409130600,320,15,***,57,*****
721,60.255,25.043,17.4,193409131200,340,15,***,63,*****
722,60.255,25.043,17.4,193409131800,320,10,***,55,*****
723,60.255,25.043,17.4,193409140600,360,10,***,57,*****
724,60.255,25.043,17.4,193409141200,360,15,***,64,*****
725,60.255,25.043,17.4,193409141800,360,10,***,57,*****
726,60.255,25.043,17.4,193409150600,320,10,***,61,*****
727,60.255,25.043,17.4,193409151200,360,10,***,68,*****
728,60.255,25.043,17.4,193409151800,020,10,***,59,*****
729,60.255,25.043,17.4,193409160600,020,6,***,57,*****
730,60.255,25.043,17.4,193409161200,050,10,***,66,*****
731,60.255,25.043,17.4,193409161800,360,10,***,57,*****
732,60.255,25.043,17.4,193409170600,090,2,***,59,*****
733,60.255,25.043,17.4,193409171200,180,10,***,61,*****
734,60.255,25.043,17.4,193409171800,180,6,***,59,*****
735,60.255,25.043,17.4,193409180600,250,6,***,61,*****
736,60.255,25.043,17.4,193409181200,250,15,***,63,*****
737,60.255,25.043,17.4,193409181800,230,6,***,61,*****
738,60.255,25.043,17.4,193409190600,230,10,***,63,*****
739,60.255,25.043,17.4,193409191200,180,10,***,64,*****
740,60.255,25.043,17.4,193409191800,180,10,***,61,*****
741,60.255,25.043,17.4,193409200600,140,15,***,63,*****
742,60.255,25.043,17.4,193409201200,160,15,***,66,*****
743,60.255,25.043,17.4,193409201800,160,10,***,63,*****
744,60.255,25.043,17.4,193409210600,200,15,***,61,*****
745,60.255,25.043,17.4,193409211200,140,15,***,66,*****
746,60.255,25.043,17.4,193409211800,140,21,***,63,*****
747,60.255,25.043,17.4,193409220600,140,10,***,57,*****
748,60.255,25.043,17.4,193409221200,140,6,***,57,*****
749,60.255,25.043,17.4,193409221800,250,6,***,57,*****
750,60.255,25.043,17.4,193409230600,320,2,***,55,*****
751,60.255,25.043,17.4,193409231200,160,10,***,59,*****
752,60.255,25.043,17.4,193409231800,140,10,***,57,*****
753,60.255,25.043,17.4,193409240600,140,15,***,54,*****
754,60.255,25.043,17.4,193409241200,140,15,***,59,*****
755,60.255,25.043,17.4,193409241800,160,21,***,57,*****
756,60.255,25.043,17.4,193409250600,230,21,***,59,*****
757,60.255,25.043,17.4,193409251200,230,21,***,59,*****
758,60.255,25.043,17.4,193409251800,180,15,***,55,*****
759,60.255,25.043,17.4,193409260600,020,10,***,52,*****
760,60.255,25.043,17.4,193409261200,360,10,***,61,*****
761,60.255,25.043,17.4,193409261800,050,10,***,54,*****
762,60.255,25.043,17.4,193409270600,250,10,***,55,*****
763,60.255,25.043,17.4,193409271200,200,15,***,55,*****
764,60.255,25.043,17.4,193409271800,230,15,***,57,*****
765,60.255,25.043,17.4,193409280600,320,28,***,54,*****
766,60.255,25.043,17.4,193409281200,340,21,***,55,*****
767,60.255,25.043,17.4,193409281800,320,15,***,54,*****
768,60.255,25.043,17.4,193409290600,360,15,***,52,*****
769,60.255,25.043,17.4,193409291200,360,10,***,54,*****
770,60.255,25.043,17.4,193409291800,050,6,***,50,*****
771,60.255,25.043,17.4,193409300600,090,6,***,48,*****
772,60.255,25.043,17.4,193410011200,180,15,***,55,*****
773,60.255,25.043,17.4,193410011800,230,10,***,55,*****
774,60.255,25.043,17.4,193410020600,250,15,***,57,*****
775,60.255,25.043,17.4,193410021200,250,10,***,59,*****
776,60.255,25.043,17.4,193410021800,250,10,***,54,*****
777,60.255,25.043,17.4,193410030600,320,2,***,50,*****
778,60.255,25.043,17.4,193410031200,140,15,***,54,*****
779,60.255,25.043,17.4,193410031800,180,28,***,57,*****
780,60.255,25.043,17.4,193410040600,320,15,***,48,*****
781,60.255,25.043,17.4,193410041200,180,6,***,55,*****
782,60.255,25.043,17.4,193410041800,160,6,***,48,*****
783,60.255,25.043,17.4,193410050600,110,28,***,46,*****
784,60.255,25.043,17.4,193410051200,110,34,***,46,*****
785,60.255,25.043,17.4,193410051800,140,28,***,48,*****
786,60.255,25.043,17.4,193410060600,110,21,***,48,*****
787,60.255,25.043,17.4,193410061200,140,10,***,50,*****
788,60.255,25.043,17.4,193410061800,050,6,***,48,*****
789,60.255,25.043,17.4,193410070600,360,6,***,46,*****
790,60.255,25.043,17.4,193410071200,200,10,***,54,*****
791,60.255,25.043,17.4,193410071800,230,10,***,52,*****
792,60.255,25.043,17.4,193410080600,200,21,***,54,*****
793,60.255,25.043,17.4,193410081200,200,21,***,57,*****
794,60.255,25.043,17.4,193410081800,200,21,***,54,*****
795,60.255,25.043,17.4,193410090600,180,21,***,54,*****
796,60.255,25.043,17.4,193410091200,200,10,***,55,*****
797,60.255,25.043,17.4,193410091800,140,15,***,54,*****
798,60.255,25.043,17.4,193410100600,140,10,***,54,*****
799,60.255,25.043,17.4,193410101200,140,21,***,55,*****
800,60.255,25.043,17.4,193410101800,180,28,***,54,*****
801,60.255,25.043,17.4,193410110600,140,15,***,48,*****
802,60.255,25.043,17.4,193410111200,250,21,***,54,*****
803,60.255,25.043,17.4,193410111800,230,10,***,48,*****
804,60.255,25.043,17.4,193410120600,360,6,***,46,*****
805,60.255,25.043,17.4,193410121200,360,6,***,48,*****
806,60.255,25.043,17.4,193410121800,320,6,***,43,*****
807,60.255,25.043,17.4,193410130600,360,6,***,41,*****
808,60.255,25.043,17.4,193410131200,320,10,***,43,*****
809,60.255,25.043,17.4,193410140600,320,10,***,43,*****
810,60.255,25.043,17.4,193410141200,360,10,***,45,*****
811,60.255,25.043,17.4,193410141800,050,6,***,43,*****
812,60.255,25.043,17.4,193410150600,050,21,***,41,*****
813,60.255,25.043,17.4,193410151200,050,15,***,45,*****
814,60.255,25.043,17.4,193410151800,050,21,***,46,*****
815,60.255,25.043,17.4,193410160600,070,15,***,39,*****
816,60.255,25.043,17.4,193410161200,020,15,***,43,*****
817,60.255,25.043,17.4,193410161800,020,10,***,39,*****
818,60.255,25.043,17.4,193410170600,050,10,***,37,*****
819,60.255,25.043,17.4,193410171200,***,***,***,39,*****
820,60.255,25.043,17.4,193410171800,050,10,***,37,*****
821,60.255,25.043,17.4,193410180600,140,6,***,43,*****
822,60.255,25.043,17.4,193410181200,270,10,***,43,*****
823,60.255,25.043,17.4,193410181800,180,10,***,43,*****
824,60.255,25.043,17.4,193410190600,180,28,***,46,*****
825,60.255,25.043,17.4,193410191200,180,34,***,46,*****
826,60.255,25.043,17.4,193410191800,290,10,***,43,*****
827,60.255,25.043,17.4,193410200600,290,10,***,41,*****
828,60.255,25.043,17.4,193410201200,270,10,***,48,*****
829,60.255,25.043,17.4,193410201800,200,10,***,43,*****
830,60.255,25.043,17.4,193410210600,250,15,***,50,*****
831,60.255,25.043,17.4,193410211200,270,15,***,54,*****
832,60.255,25.043,17.4,193410211800,290,10,***,48,*****
833,60.255,25.043,17.4,193410220600,200,10,***,52,*****
834,60.255,25.043,17.4,193410221200,230,15,***,54,*****
835,60.255,25.043,17.4,193410221800,230,15,***,52,*****
836,60.255,25.043,17.4,193410230600,180,15,***,54,*****
837,60.255,25.043,17.4,193410231200,180,21,***,54,*****
838,60.255,25.043,17.4,193410231800,180,21,***,50,*****
839,60.255,25.043,17.4,193410240600,180,15,***,50,*****
840,60.255,25.043,17.4,193410241200,180,10,***,50,*****
841,60.255,25.043,17.4,193410241800,230,15,***,48,*****
842,60.255,25.043,17.4,193410250600,200,15,***,50,*****
843,60.255,25.043,17.4,193410251200,180,6,***,48,*****
844,60.255,25.043,17.4,193410251800,160,2,***,46,*****
845,60.255,25.043,17.4,193410260600,360,10,***,43,*****
846,60.255,25.043,17.4,193410261200,070,2,***,43,*****
847,60.255,25.043,17.4,193410261800,140,6,***,46,*****
848,60.255,25.043,17.4,193410270600,160,21,***,48,*****
849,60.255,25.043,17.4,193410271200,180,6,***,50,*****
850,60.255,25.043,17.4,193410271800,110,15,***,50,*****
851,60.255,25.043,17.4,193410280600,160,21,***,48,*****
852,60.255,25.043,17.4,193410281200,140,21,***,46,*****
853,60.255,25.043,17.4,193410281800,230,15,***,45,*****
854,60.255,25.043,17.4,193410290600,230,10,***,****,*****
855,60.255,25.043,17.4,193410291200,230,15,***,46,*****
856,60.255,25.043,17.4,193410291800,200,15,***,45,*****
857,60.255,25.043,17.4,193410300600,180,10,***,43,*****
858,60.255,25.043,17.4,193410301200,200,10,***,45,*****
859,60.255,25.043,17.4,193410301800,160,21,***,46,*****
860,60.255,25.043,17.4,193410310600,180,6,***,43,*****
861,60.255,25.043,17.4,193410311200,180,21,***,48,*****
862,60.255,25.043,17.4,193410311800,160,21,***,46,*****
863,60.255,25.043,17.4,193411010600,140,28,***,48,*****
864,60.255,25.043,17.4,193411011200,250,21,***,46,*****
865,60.255,25.043,17.4,193411011800,230,28,***,45,*****
866,60.255,25.043,17.4,193411020600,180,6,***,45,*****
867,60.255,25.043,17.4,193411021200,090,6,***,43,*****
868,60.255,25.043,17.4,193411021800,020,10,***,37,*****
869,60.255,25.043,17.4,193411030600,230,15,***,41,*****
870,60.255,25.043,17.4,193411031200,160,10,***,41,*****
871,60.255,25.043,17.4,193411031800,180,10,***,41,*****
872,60.255,25.043,17.4,193411040600,250,10,***,39,*****
873,60.255,25.043,17.4,193411041200,290,10,***,41,*****
874,60.255,25.043,17.4,193411041800,270,10,***,37,*****
875,60.255,25.043,17.4,193411050600,180,10,***,43,*****
876,60.255,25.043,17.4,193411051200,160,15,***,43,*****
877,60.255,25.043,17.4,193411051800,160,21,***,39,*****
878,60.255,25.043,17.4,193411060600,180,15,***,46,*****
879,60.255,25.043,17.4,193411061800,140,10,***,43,*****
880,60.255,25.043,17.4,193411070600,160,6,***,46,*****
881,60.255,25.043,17.4,193411071200,090,6,***,48,*****
882,60.255,25.043,17.4,193411071800,090,15,***,45,*****
883,60.255,25.043,17.4,193411080600,140,15,***,46,*****
884,60.255,25.043,17.4,193411081200,160,10,***,48,*****
885,60.255,25.043,17.4,193411081800,160,15,***,48,*****
886,60.255,25.043,17.4,193411090600,140,15,***,46,*****
887,60.255,25.043,17.4,193411091800,110,10,***,43,*****
888,60.255,25.043,17.4,193411100600,140,21,***,45,*****
889,60.255,25.043,17.4,193411101200,230,6,***,46,*****
890,60.255,25.043,17.4,193411101800,270,15,***,45,*****
891,60.255,25.043,17.4,193411110600,290,6,***,37,*****
892,60.255,25.043,17.4,193411111800,050,6,***,37,*****
893,60.255,25.043,17.4,193411120600,050,28,***,30,*****
894,60.255,25.043,17.4,193411121200,050,15,***,34,*****
895,60.255,25.043,17.4,193411121800,070,21,***,36,*****
896,60.255,25.043,17.4,193411130600,140,21,***,41,*****
897,60.255,25.043,17.4,193411131200,140,21,***,43,*****
898,60.255,25.043,17.4,193411131800,110,21,***,43,*****
899,60.255,25.043,17.4,193411140600,110,21,***,43,*****
900,60.255,25.043,17.4,193411141200,140,15,***,43,*****
901,60.255,25.043,17.4,193411141800,140,15,***,45,*****
902,60.255,25.043,17.4,193411150600,290,15,***,41,*****
903,60.255,25.043,17.4,193411151200,250,15,***,43,*****
904,60.255,25.043,17.4,193411151800,270,10,***,41,*****
905,60.255,25.043,17.4,193411160600,160,2,***,41,*****
906,60.255,25.043,17.4,193411161200,050,6,***,41,*****
907,60.255,25.043,17.4,193411161800,070,10,***,39,*****
908,60.255,25.043,17.4,193411170600,110,15,***,41,*****
909,60.255,25.043,17.4,193411171200,140,10,***,43,*****
910,60.255,25.043,17.4,193411171800,140,6,***,39,*****
911,60.255,25.043,17.4,193411180600,230,6,***,45,*****
912,60.255,25.043,17.4,193411181200,340,21,***,37,*****
913,60.255,25.043,17.4,193411181800,340,10,***,37,*****
914,60.255,25.043,17.4,193411190600,360,10,***,34,*****
915,60.255,25.043,17.4,193411191200,360,10,***,34,*****
916,60.255,25.043,17.4,193411191800,050,10,***,30,*****
917,60.255,25.043,17.4,193411200600,050,2,***,28,*****
918,60.255,25.043,17.4,193411201200,340,6,***,28,*****
919,60.255,25.043,17.4,193411201800,360,6,***,28,*****
920,60.255,25.043,17.4,193411210600,020,6,***,27,*****
921,60.255,25.043,17.4,193411211200,020,6,***,34,*****
922,60.255,25.043,17.4,193411211800,050,10,***,30,*****
923,60.255,25.043,17.4,193411220600,140,10,***,36,*****
924,60.255,25.043,17.4,193411221200,160,15,***,37,*****
925,60.255,25.043,17.4,193411221800,180,15,***,41,*****
926,60.255,25.043,17.4,193411230600,360,10,***,39,*****
927,60.255,25.043,17.4,193411231200,360,21,***,34,*****
928,60.255,25.043,17.4,193411231800,020,28,***,34,*****
929,60.255,25.043,17.4,193411241200,360,28,***,32,*****
930,60.255,25.043,17.4,193411241800,360,21,***,30,*****
931,60.255,25.043,17.4,193411250600,070,10,***,32,*****
932,60.255,25.043,17.4,193411251200,***,0,***,32,*****
933,60.255,25.043,17.4,193411260600,140,15,***,36,*****
934,60.255,25.043,17.4,193411261200,180,28,***,37,*****
935,60.255,25.043,17.4,193411261800,180,28,***,37,*****
936,60.255,25.043,17.4,193411270600,230,6,***,43,*****
937,60.255,25.043,17.4,193411271200,290,21,***,39,*****
938,60.255,25.043,17.4,193411271800,250,15,***,37,*****
939,60.255,25.043,17.4,193411280600,320,28,***,48,*****
940,60.255,25.043,17.4,193411281200,320,28,***,45,*****
941,60.255,25.043,17.4,193411281800,320,28,***,27,*****
942,60.255,25.043,17.4,193411290600,340,28,***,36,*****
943,60.255,25.043,17.4,193411291200,320,21,***,36,*****
944,60.255,25.043,17.4,193411291800,320,21,***,34,*****
945,60.255,25.043,17.4,193411300600,290,21,***,34,*****
946,60.255,25.043,17.4,193411301200,***,28,***,34,*****
947,60.255,25.043,17.4,193411301800,320,21,***,32,*****
948,60.255,25.043,17.4,193412010600,320,21,***,28,*****
949,60.255,25.043,17.4,193412011200,***,***,***,32,*****
950,60.255,25.043,17.4,193412020600,320,6,***,25,*****
951,60.255,25.043,17.4,193412021200,050,6,***,28,*****
952,60.255,25.043,17.4,193412021800,050,6,***,27,*****
953,60.255,25.043,17.4,193412030600,050,10,***,27,*****
954,60.255,25.043,17.4,193412031200,140,10,***,34,*****
955,60.255,25.043,17.4,193412031800,140,10,***,34,*****
956,60.255,25.043,17.4,193412040600,140,15,***,34,*****
957,60.255,25.043,17.4,193412041200,110,15,***,30,*****
958,60.255,25.043,17.4,193412041800,140,15,***,28,*****
959,60.255,25.043,17.4,193412051800,140,21,***,25,*****
960,60.255,25.043,17.4,193412060600,270,6,***,5,*****
961,60.255,25.043,17.4,193412061200,180,15,***,25,*****
962,60.255,25.043,17.4,193412061800,160,15,***,25,*****
963,60.255,25.043,17.4,193412070600,200,15,***,32,*****
964,60.255,25.043,17.4,193412071200,200,15,***,36,*****
965,60.255,25.043,17.4,193412071800,200,15,***,36,*****
966,60.255,25.043,17.4,193412080600,230,6,***,39,*****
967,60.255,25.043,17.4,193412081800,180,10,***,37,*****
968,60.255,25.043,17.4,193412090600,230,10,***,36,*****
969,60.255,25.043,17.4,193412091200,230,10,***,37,*****
970,60.255,25.043,17.4,193412091800,230,15,***,37,*****
971,60.255,25.043,17.4,193412100600,180,10,***,39,*****
972,60.255,25.043,17.4,193412101800,200,10,***,39,*****
973,60.255,25.043,17.4,193412110600,180,10,***,34,*****
974,60.255,25.043,17.4,193412111200,160,10,***,36,*****
975,60.255,25.043,17.4,193412111800,160,15,***,32,*****
976,60.255,25.043,17.4,193412120600,160,10,***,32,*****
977,60.255,25.043,17.4,193412121200,180,15,***,32,*****
978,60.255,25.043,17.4,193412121800,160,15,***,30,*****
979,60.255,25.043,17.4,193412130600,140,15,***,32,*****
980,60.255,25.043,17.4,193412131800,160,15,***,30,*****
981,60.255,25.043,17.4,193412140600,160,10,***,34,*****
982,60.255,25.043,17.4,193412141200,180,10,***,37,*****
983,60.255,25.043,17.4,193412141800,160,10,***,37,*****
984,60.255,25.043,17.4,193412150600,110,6,***,34,*****
985,60.255,25.043,17.4,193412151200,140,6,***,36,*****
986,60.255,25.043,17.4,193412151800,070,6,***,36,*****
987,60.255,25.043,17.4,193412160600,110,10,***,36,*****
988,60.255,25.043,17.4,193412161200,070,21,***,36,*****
989,60.255,25.043,17.4,193412161800,090,21,***,36,*****
990,60.255,25.043,17.4,193412170600,140,10,***,37,*****
991,60.255,25.043,17.4,193412171200,090,21,***,37,*****
992,60.255,25.043,17.4,193412171800,110,15,***,37,*****
993,60.255,25.043,17.4,193412180600,160,15,***,37,*****
994,60.255,25.043,17.4,193412181200,180,15,***,36,*****
995,60.255,25.043,17.4,193412181800,180,15,***,36,*****
996,60.255,25.043,17.4,193412190600,160,10,***,36,*****
997,60.255,25.043,17.4,193412191200,180,10,***,34,*****
998,60.255,25.043,17.4,193412191800,160,6,***,30,*****
999,60.255,25.043,17.4,193412200600,160,10,***,30,*****
1000,60.255,25.043,17.4,193412201200,160,6,***,34,*****
1001,60.255,25.043,17.4,193412201800,180,10,***,36,*****
1002,60.255,25.043,17.4,193412210600,200,10,***,36,*****
1003,60.255,25.043,17.4,193412211200,200,10,***,36,*****
1004,60.255,25.043,17.4,193412211800,200,10,***,28,*****
1005,60.255,25.043,17.4,193412220600,230,6,***,34,*****
1006,60.255,25.043,17.4,193412221200,270,2,***,34,*****
1007,60.255,25.043,17.4,193412221800,050,6,***,34,*****
1008,60.255,25.043,17.4,193412230600,050,15,***,27,*****
1009,60.255,25.043,17.4,193412231200,020,15,***,28,*****
1010,60.255,25.043,17.4,193412231800,050,10,***,28,*****
1011,60.255,25.043,17.4,193412240600,050,21,***,27,*****
1012,60.255,25.043,17.4,193412241200,050,21,***,25,*****
1013,60.255,25.043,17.4,193412241800,360,15,***,23,*****
1014,60.255,25.043,17.4,193412250600,050,15,***,25,*****
1015,60.255,25.043,17.4,193412251200,020,10,***,21,*****
1016,60.255,25.043,17.4,193412251800,360,10,***,19,*****
1017,60.255,25.043,17.4,193412260600,020,10,***,19,*****
1018,60.255,25.043,17.4,193412261200,070,6,***,21,*****
1019,60.255,25.043,17.4,193412261800,050,10,***,21,*****
1020,60.255,25.043,17.4,193412270600,020,10,***,19,*****
1021,60.255,25.043,17.4,193412271200,050,10,***,21,*****
1022,60.255,25.043,17.4,193412271800,360,6,***,21,*****
1023,60.255,25.043,17.4,193412280600,050,6,***,25,*****
1024,60.255,25.043,17.4,193412281200,340,2,***,23,*****
1025,60.255,25.043,17.4,193412281800,***,0,***,25,*****
1026,60.255,25.043,17.4,193412290600,180,10,***,23,*****
1027,60.255,25.043,17.4,193412291200,230,6,***,23,*****
1028,60.255,25.043,17.4,193412291800,230,6,***,25,*****
1029,60.255,25.043,17.4,193412300600,180,10,***,19,*****
1030,60.255,25.043,17.4,193412301200,200,6,***,23,*****
1031,60.255,25.043,17.4,193412301800,200,10,***,25,*****
1032,60.255,25.043,17.4,193412310600,180,10,***,25,*****
1033,60.255,25.043,17.4,193412311200,180,15,***,27,*****
1034,60.255,25.043,17.4,193412311800,200,15,***,28,*****
