,Lat,Lon,Ele,YR--MODAHRMN,DIR,SPD,GUS,TEMP,ALT
0,60.255,25.043,17.4,193601010600,090,2,***,36,*****
1,60.255,25.043,17.4,193601011200,140,10,***,36,*****
2,60.255,25.043,17.4,193601011800,180,10,***,37,*****
3,60.255,25.043,17.4,193601020600,180,10,***,37,*****
4,60.255,25.043,17.4,193601021200,180,6,***,36,*****
5,60.255,25.043,17.4,193601021800,200,10,***,36,*****
6,60.255,25.043,17.4,193601030600,180,6,***,37,*****
7,60.255,25.043,17.4,193601031200,090,10,***,36,*****
8,60.255,25.043,17.4,193601031800,110,15,***,36,*****
9,60.255,25.043,17.4,193601040600,180,15,***,37,*****
10,60.255,25.043,17.4,193601041200,180,10,***,37,*****
11,60.255,25.043,17.4,193601041800,200,10,***,37,*****
12,60.255,25.043,17.4,193601050600,270,43,***,30,*****
13,60.255,25.043,17.4,193601051200,250,6,***,30,*****
14,60.255,25.043,17.4,193601051800,320,2,***,28,*****
15,60.255,25.043,17.4,193601060600,290,10,***,21,*****
16,60.255,25.043,17.4,193601061200,250,15,***,28,*****
17,60.255,25.043,17.4,193601061800,250,10,***,28,*****
18,60.255,25.043,17.4,193601070600,020,6,***,21,*****
19,60.255,25.043,17.4,193601071200,050,15,***,25,*****
20,60.255,25.043,17.4,193601071800,020,21,***,25,*****
21,60.255,25.043,17.4,193601080600,020,21,***,25,*****
22,60.255,25.043,17.4,193601081200,020,15,***,21,*****
23,60.255,25.043,17.4,193601081800,020,15,***,21,*****
24,60.255,25.043,17.4,193601090600,020,10,***,21,*****
25,60.255,25.043,17.4,193601091200,070,10,***,23,*****
26,60.255,25.043,17.4,193601091800,070,10,***,27,*****
27,60.255,25.043,17.4,193601100600,140,15,***,32,*****
28,60.255,25.043,17.4,193601101200,110,15,***,32,*****
29,60.255,25.043,17.4,193601101800,110,21,***,32,*****
30,60.255,25.043,17.4,193601110600,140,15,***,34,*****
31,60.255,25.043,17.4,193601111200,140,10,***,36,*****
32,60.255,25.043,17.4,193601111800,180,15,***,36,*****
33,60.255,25.043,17.4,193601120600,250,6,***,36,*****
34,60.255,25.043,17.4,193601121800,200,10,***,36,*****
35,60.255,25.043,17.4,193601130600,***,***,***,28,*****
36,60.255,25.043,17.4,193601131200,180,6,***,21,*****
37,60.255,25.043,17.4,193601131800,160,15,***,32,*****
38,60.255,25.043,17.4,193601140600,090,10,***,32,*****
39,60.255,25.043,17.4,193601141200,110,2,***,32,*****
40,60.255,25.043,17.4,193601141800,050,10,***,30,*****
41,60.255,25.043,17.4,193601150600,360,6,***,27,*****
42,60.255,25.043,17.4,193601151200,340,6,***,21,*****
43,60.255,25.043,17.4,193601151800,020,10,***,19,*****
44,60.255,25.043,17.4,193601160600,340,10,***,18,*****
45,60.255,25.043,17.4,193601161200,320,6,***,19,*****
46,60.255,25.043,17.4,193601161800,290,6,***,19,*****
47,60.255,25.043,17.4,193601170600,180,10,***,27,*****
48,60.255,25.043,17.4,193601171200,180,10,***,27,*****
49,60.255,25.043,17.4,193601171800,110,6,***,25,*****
50,60.255,25.043,17.4,193601180600,110,28,***,25,*****
51,60.255,25.043,17.4,193601181200,140,28,***,28,*****
52,60.255,25.043,17.4,193601181800,110,28,***,30,*****
53,60.255,25.043,17.4,193601190600,180,10,***,32,*****
54,60.255,25.043,17.4,193601191200,180,15,***,34,*****
55,60.255,25.043,17.4,193601191800,180,10,***,34,*****
56,60.255,25.043,17.4,193601200600,200,6,***,34,*****
57,60.255,25.043,17.4,193601201200,200,10,***,34,*****
58,60.255,25.043,17.4,193601201800,200,15,***,34,*****
59,60.255,25.043,17.4,193601210600,110,15,***,30,*****
60,60.255,25.043,17.4,193601211200,140,15,***,32,*****
61,60.255,25.043,17.4,193601211800,140,15,***,32,*****
62,60.255,25.043,17.4,193601220600,110,10,***,34,*****
63,60.255,25.043,17.4,193601221200,180,10,***,34,*****
64,60.255,25.043,17.4,193601221800,180,15,***,34,*****
65,60.255,25.043,17.4,193601230600,200,21,***,36,*****
66,60.255,25.043,17.4,193601231200,200,21,***,36,*****
67,60.255,25.043,17.4,193601231800,200,15,***,34,*****
68,60.255,25.043,17.4,193601240600,200,10,***,34,*****
69,60.255,25.043,17.4,193601241200,270,6,***,34,*****
70,60.255,25.043,17.4,193601241800,230,6,***,32,*****
71,60.255,25.043,17.4,193601250600,270,6,***,28,*****
72,60.255,25.043,17.4,193601251200,320,10,***,30,*****
73,60.255,25.043,17.4,193601251800,320,10,***,28,*****
74,60.255,25.043,17.4,193601260600,160,10,***,28,*****
75,60.255,25.043,17.4,193601261200,270,10,***,32,*****
76,60.255,25.043,17.4,193601261800,250,2,***,27,*****
77,60.255,25.043,17.4,193601270600,050,10,***,9,*****
78,60.255,25.043,17.4,193601271200,020,10,***,5,*****
79,60.255,25.043,17.4,193601271800,020,10,***,1,*****
80,60.255,25.043,17.4,193601280600,360,10,***,-4,*****
81,60.255,25.043,17.4,193601281200,020,10,***,3,*****
82,60.255,25.043,17.4,193601281800,020,6,***,5,*****
83,60.255,25.043,17.4,193601290600,070,10,***,18,*****
84,60.255,25.043,17.4,193601291200,070,15,***,19,*****
85,60.255,25.043,17.4,193601291800,070,15,***,14,*****
86,60.255,25.043,17.4,193601300600,090,10,***,5,*****
87,60.255,25.043,17.4,193601301200,090,10,***,16,*****
88,60.255,25.043,17.4,193601301800,050,10,***,14,*****
89,60.255,25.043,17.4,193601310600,140,15,***,18,*****
90,60.255,25.043,17.4,193601311200,160,15,***,18,*****
91,60.255,25.043,17.4,193601311800,160,15,***,18,*****
92,60.255,25.043,17.4,193602010600,160,10,***,21,*****
93,60.255,25.043,17.4,193602011200,110,6,***,23,*****
94,60.255,25.043,17.4,193602011800,090,10,***,25,*****
95,60.255,25.043,17.4,193602020600,050,10,***,27,*****
96,60.255,25.043,17.4,193602021200,160,6,***,34,*****
97,60.255,25.043,17.4,193602021800,140,10,***,34,*****
98,60.255,25.043,17.4,193602030600,270,2,***,27,*****
99,60.255,25.043,17.4,193602031200,050,10,***,28,*****
100,60.255,25.043,17.4,193602031800,050,15,***,32,*****
101,60.255,25.043,17.4,193602040600,070,6,***,32,*****
102,60.255,25.043,17.4,193602041200,200,10,***,34,*****
103,60.255,25.043,17.4,193602041800,340,15,***,28,*****
104,60.255,25.043,17.4,193602050600,290,2,***,27,*****
105,60.255,25.043,17.4,193602051200,050,2,***,28,*****
106,60.255,25.043,17.4,193602051800,050,10,***,25,*****
107,60.255,25.043,17.4,193602060600,***,***,***,21,*****
108,60.255,25.043,17.4,193602061200,360,15,***,23,*****
109,60.255,25.043,17.4,193602061800,360,28,***,21,*****
110,60.255,25.043,17.4,193602070600,360,2,***,7,*****
111,60.255,25.043,17.4,193602071200,230,6,***,19,*****
112,60.255,25.043,17.4,193602071800,200,15,***,28,*****
113,60.255,25.043,17.4,193602080600,270,10,***,28,*****
114,60.255,25.043,17.4,193602081200,250,15,***,34,*****
115,60.255,25.043,17.4,193602081800,340,15,***,36,*****
116,60.255,25.043,17.4,193602090600,020,34,***,3,*****
117,60.255,25.043,17.4,193602091200,360,21,***,9,*****
118,60.255,25.043,17.4,193602091800,020,21,***,7,*****
119,60.255,25.043,17.4,193602100600,020,15,***,-2,*****
120,60.255,25.043,17.4,193602101200,340,10,***,7,*****
121,60.255,25.043,17.4,193602101800,360,6,***,5,*****
122,60.255,25.043,17.4,193602110600,180,21,***,23,*****
123,60.255,25.043,17.4,193602111200,200,21,***,25,*****
124,60.255,25.043,17.4,193602111800,270,10,***,25,*****
125,60.255,25.043,17.4,193602120600,340,21,***,16,*****
126,60.255,25.043,17.4,193602121200,290,15,***,19,*****
127,60.255,25.043,17.4,193602121800,290,6,***,16,*****
128,60.255,25.043,17.4,193602130600,340,10,***,7,*****
129,60.255,25.043,17.4,193602131200,340,15,***,7,*****
130,60.255,25.043,17.4,193602131800,020,15,***,0,*****
131,60.255,25.043,17.4,193602140600,360,21,***,1,*****
132,60.255,25.043,17.4,193602141200,360,21,***,5,*****
133,60.255,25.043,17.4,193602141800,360,21,***,1,*****
134,60.255,25.043,17.4,193602150600,020,15,***,-2,*****
135,60.255,25.043,17.4,193602151200,340,15,***,9,*****
136,60.255,25.043,17.4,193602151800,360,15,***,1,*****
137,60.255,25.043,17.4,193602160600,360,6,***,-6,*****
138,60.255,25.043,17.4,193602161200,020,10,***,10,*****
139,60.255,25.043,17.4,193602161800,020,10,***,****,*****
140,60.255,25.043,17.4,193602170600,090,10,***,-2,*****
141,60.255,25.043,17.4,193602171200,110,10,***,9,*****
142,60.255,25.043,17.4,193602171800,070,10,***,21,*****
143,60.255,25.043,17.4,193602180600,090,6,***,7,*****
144,60.255,25.043,17.4,193602181200,140,15,***,12,*****
145,60.255,25.043,17.4,193602181800,090,10,***,10,*****
146,60.255,25.043,17.4,193602190600,110,15,***,7,*****
147,60.255,25.043,17.4,193602191200,050,15,***,7,*****
148,60.255,25.043,17.4,193602191800,020,10,***,41,*****
149,60.255,25.043,17.4,193602200600,050,10,***,7,*****
150,60.255,25.043,17.4,193602201200,070,15,***,7,*****
151,60.255,25.043,17.4,193602201800,070,15,***,5,*****
152,60.255,25.043,17.4,193602210600,360,10,***,-2,*****
153,60.255,25.043,17.4,193602211200,340,15,***,9,*****
154,60.255,25.043,17.4,193602211800,360,15,***,7,*****
155,60.255,25.043,17.4,193602220600,020,10,***,3,*****
156,60.255,25.043,17.4,193602221200,320,10,***,12,*****
157,60.255,25.043,17.4,193602221800,290,10,***,9,*****
158,60.255,25.043,17.4,193602230600,290,6,***,3,*****
159,60.255,25.043,17.4,193602231200,270,2,***,12,*****
160,60.255,25.043,17.4,193602231800,070,15,***,7,*****
161,60.255,25.043,17.4,193602240600,070,15,***,7,*****
162,60.255,25.043,17.4,193602241200,070,21,***,14,*****
163,60.255,25.043,17.4,193602241800,070,21,***,16,*****
164,60.255,25.043,17.4,193602250600,070,15,***,14,*****
165,60.255,25.043,17.4,193602251200,050,15,***,16,*****
166,60.255,25.043,17.4,193602251800,070,10,***,18,*****
167,60.255,25.043,17.4,193602260600,070,10,***,18,*****
168,60.255,25.043,17.4,193602261200,090,15,***,21,*****
169,60.255,25.043,17.4,193602261800,070,10,***,23,*****
170,60.255,25.043,17.4,193602270600,070,6,***,23,*****
171,60.255,25.043,17.4,193602271800,090,10,***,25,*****
172,60.255,25.043,17.4,193602280600,110,10,***,28,*****
173,60.255,25.043,17.4,193602281200,090,10,***,30,*****
174,60.255,25.043,17.4,193602281800,090,10,***,28,*****
175,60.255,25.043,17.4,193602290600,090,21,***,27,*****
176,60.255,25.043,17.4,193602291200,090,28,***,21,*****
177,60.255,25.043,17.4,193602291800,090,21,***,21,*****
178,60.255,25.043,17.4,193603010600,180,10,***,****,*****
179,60.255,25.043,17.4,193603011200,180,15,***,34,*****
180,60.255,25.043,17.4,193603011800,200,15,***,32,*****
181,60.255,25.043,17.4,193603020600,110,15,***,32,*****
182,60.255,25.043,17.4,193603021200,110,15,***,34,*****
183,60.255,25.043,17.4,193603021800,160,21,***,34,*****
184,60.255,25.043,17.4,193603030600,250,6,***,32,*****
185,60.255,25.043,17.4,193603031200,290,6,***,32,*****
186,60.255,25.043,17.4,193603031800,270,2,***,32,*****
187,60.255,25.043,17.4,193603040600,250,2,***,30,*****
188,60.255,25.043,17.4,193603041200,230,6,***,32,*****
189,60.255,25.043,17.4,193603041800,180,6,***,32,*****
190,60.255,25.043,17.4,193603050600,070,6,***,30,*****
191,60.255,25.043,17.4,193603051200,050,10,***,32,*****
192,60.255,25.043,17.4,193603051800,360,10,***,30,*****
193,60.255,25.043,17.4,193603060600,090,21,***,30,*****
194,60.255,25.043,17.4,193603061200,110,21,***,32,*****
195,60.255,25.043,17.4,193603061800,090,21,***,34,*****
196,60.255,25.043,17.4,193603070600,110,10,***,32,*****
197,60.255,25.043,17.4,193603071200,140,10,***,34,*****
198,60.255,25.043,17.4,193603071800,160,10,***,34,*****
199,60.255,25.043,17.4,193603080600,180,6,***,34,*****
200,60.255,25.043,17.4,193603081200,200,2,***,34,*****
201,60.255,25.043,17.4,193603090600,200,6,***,34,*****
202,60.255,25.043,17.4,193603091200,230,15,***,34,*****
203,60.255,25.043,17.4,193603091800,180,6,***,34,*****
204,60.255,25.043,17.4,193603100600,140,2,***,27,*****
205,60.255,25.043,17.4,193603101200,200,6,***,34,*****
206,60.255,25.043,17.4,193603101800,230,6,***,32,*****
207,60.255,25.043,17.4,193603110600,200,6,***,32,*****
208,60.255,25.043,17.4,193603111200,050,2,***,36,*****
209,60.255,25.043,17.4,193603111800,070,6,***,34,*****
210,60.255,25.043,17.4,193603120600,050,15,***,32,*****
211,60.255,25.043,17.4,193603121200,050,21,***,32,*****
212,60.255,25.043,17.4,193603121800,020,21,***,32,*****
213,60.255,25.043,17.4,193603130600,070,28,***,30,*****
214,60.255,25.043,17.4,193603131200,050,21,***,32,*****
215,60.255,25.043,17.4,193603131800,050,28,***,30,*****
216,60.255,25.043,17.4,193603140600,090,28,***,34,*****
217,60.255,25.043,17.4,193603141200,070,21,***,34,*****
218,60.255,25.043,17.4,193603141800,090,21,***,34,*****
219,60.255,25.043,17.4,193603150600,140,6,***,34,*****
220,60.255,25.043,17.4,193603151200,140,2,***,34,*****
221,60.255,25.043,17.4,193603151800,110,2,***,32,*****
222,60.255,25.043,17.4,193603160600,110,2,***,34,*****
223,60.255,25.043,17.4,193603161200,020,6,***,34,*****
224,60.255,25.043,17.4,193603161800,320,15,***,30,*****
225,60.255,25.043,17.4,193603170600,340,10,***,27,*****
226,60.255,25.043,17.4,193603171200,320,15,***,32,*****
227,60.255,25.043,17.4,193603171800,290,6,***,27,*****
228,60.255,25.043,17.4,193603180600,180,21,***,30,*****
229,60.255,25.043,17.4,193603181200,230,21,***,34,*****
230,60.255,25.043,17.4,193603181800,250,10,***,34,*****
231,60.255,25.043,17.4,193603190600,270,10,***,34,*****
232,60.255,25.043,17.4,193603191200,340,21,***,34,*****
233,60.255,25.043,17.4,193603191800,290,10,***,28,*****
234,60.255,25.043,17.4,193603200600,360,6,***,27,*****
235,60.255,25.043,17.4,193603201200,200,10,***,34,*****
236,60.255,25.043,17.4,193603201800,250,10,***,30,*****
237,60.255,25.043,17.4,193603210600,230,10,***,32,*****
238,60.255,25.043,17.4,193603211200,230,21,***,28,*****
239,60.255,25.043,17.4,193603211800,200,15,***,34,*****
240,60.255,25.043,17.4,193603220600,230,6,***,34,*****
241,60.255,25.043,17.4,193603221200,200,10,***,37,*****
242,60.255,25.043,17.4,193603221800,230,10,***,36,*****
243,60.255,25.043,17.4,193603230600,360,10,***,36,*****
244,60.255,25.043,17.4,193603231200,020,21,***,37,*****
245,60.255,25.043,17.4,193603231800,020,10,***,30,*****
246,60.255,25.043,17.4,193603240600,340,6,***,21,*****
247,60.255,25.043,17.4,193603241200,340,10,***,28,*****
248,60.255,25.043,17.4,193603241800,360,6,***,25,*****
249,60.255,25.043,17.4,193603250600,050,6,***,18,*****
250,60.255,25.043,17.4,193603251200,230,6,***,30,*****
251,60.255,25.043,17.4,193603251800,180,10,***,27,*****
252,60.255,25.043,17.4,193603260600,180,10,***,28,*****
253,60.255,25.043,17.4,193603261200,180,15,***,30,*****
254,60.255,25.043,17.4,193603261800,180,10,***,30,*****
255,60.255,25.043,17.4,193603270600,340,10,***,30,*****
256,60.255,25.043,17.4,193603271200,020,10,***,30,*****
257,60.255,25.043,17.4,193603271800,320,6,***,25,*****
258,60.255,25.043,17.4,193603280600,340,2,***,27,*****
259,60.255,25.043,17.4,193603281200,180,10,***,36,*****
260,60.255,25.043,17.4,193603281800,230,10,***,30,*****
261,60.255,25.043,17.4,193603290600,230,10,***,34,*****
262,60.255,25.043,17.4,193603291200,200,10,***,36,*****
263,60.255,25.043,17.4,193603291800,200,10,***,32,*****
264,60.255,25.043,17.4,193603300600,***,0,***,30,*****
265,60.255,25.043,17.4,193603301200,160,6,***,37,*****
266,60.255,25.043,17.4,193603301800,140,10,***,34,*****
267,60.255,25.043,17.4,193603310600,180,10,***,36,*****
268,60.255,25.043,17.4,193603311200,180,15,***,41,*****
269,60.255,25.043,17.4,193603311800,200,10,***,39,*****
270,60.255,25.043,17.4,193604010600,200,15,***,36,*****
271,60.255,25.043,17.4,193604011200,160,10,***,36,*****
272,60.255,25.043,17.4,193604011800,070,21,***,37,*****
273,60.255,25.043,17.4,193604020600,200,10,***,36,*****
274,60.255,25.043,17.4,193604021200,***,6,***,39,*****
275,60.255,25.043,17.4,193604021800,340,15,***,36,*****
276,60.255,25.043,17.4,193604030600,340,10,***,32,*****
277,60.255,25.043,17.4,193604031200,360,10,***,36,*****
278,60.255,25.043,17.4,193604031800,250,10,***,28,*****
279,60.255,25.043,17.4,193604040600,200,21,***,34,*****
280,60.255,25.043,17.4,193604041200,200,21,***,30,*****
281,60.255,25.043,17.4,193604041800,340,15,***,27,*****
282,60.255,25.043,17.4,193604050600,360,28,***,21,*****
283,60.255,25.043,17.4,193604051200,320,21,***,28,*****
284,60.255,25.043,17.4,193604051800,340,15,***,25,*****
285,60.255,25.043,17.4,193604060600,320,15,***,27,*****
286,60.255,25.043,17.4,193604061200,200,21,***,34,*****
287,60.255,25.043,17.4,193604061800,200,21,***,34,*****
288,60.255,25.043,17.4,193604070600,290,21,***,28,*****
289,60.255,25.043,17.4,193604071200,290,21,***,30,*****
290,60.255,25.043,17.4,193604071800,270,21,***,25,*****
291,60.255,25.043,17.4,193604080600,340,15,***,27,*****
292,60.255,25.043,17.4,193604081200,360,15,***,30,*****
293,60.255,25.043,17.4,193604081800,020,6,***,28,*****
294,60.255,25.043,17.4,193604090600,200,6,***,32,*****
295,60.255,25.043,17.4,193604091200,230,10,***,37,*****
296,60.255,25.043,17.4,193604091800,290,10,***,32,*****
297,60.255,25.043,17.4,193604100600,340,6,***,34,*****
298,60.255,25.043,17.4,193604101200,290,10,***,39,*****
299,60.255,25.043,17.4,193604101800,090,6,***,34,*****
300,60.255,25.043,17.4,193604110600,070,10,***,32,*****
301,60.255,25.043,17.4,193604111200,090,15,***,37,*****
302,60.255,25.043,17.4,193604111800,050,10,***,36,*****
303,60.255,25.043,17.4,193604120600,050,10,***,37,*****
304,60.255,25.043,17.4,193604121200,090,10,***,39,*****
305,60.255,25.043,17.4,193604121800,110,2,***,36,*****
306,60.255,25.043,17.4,193604130600,070,10,***,41,*****
307,60.255,25.043,17.4,193604131200,090,6,***,39,*****
308,60.255,25.043,17.4,193604131800,090,6,***,37,*****
309,60.255,25.043,17.4,193604140600,090,10,***,37,*****
310,60.255,25.043,17.4,193604141200,230,10,***,37,*****
311,60.255,25.043,17.4,193604141800,200,2,***,36,*****
312,60.255,25.043,17.4,193604150600,070,15,***,34,*****
313,60.255,25.043,17.4,193604151200,160,10,***,36,*****
314,60.255,25.043,17.4,193604151800,270,15,***,36,*****
315,60.255,25.043,17.4,193604160600,250,10,***,32,*****
316,60.255,25.043,17.4,193604161200,020,2,***,36,*****
317,60.255,25.043,17.4,193604161800,090,10,***,34,*****
318,60.255,25.043,17.4,193604170600,070,28,***,34,*****
319,60.255,25.043,17.4,193604171200,070,21,***,36,*****
320,60.255,25.043,17.4,193604171800,070,10,***,37,*****
321,60.255,25.043,17.4,193604180600,070,15,***,39,*****
322,60.255,25.043,17.4,193604181200,070,21,***,41,*****
323,60.255,25.043,17.4,193604181800,070,21,***,41,*****
324,60.255,25.043,17.4,193604190600,090,15,***,39,*****
325,60.255,25.043,17.4,193604191200,090,21,***,41,*****
326,60.255,25.043,17.4,193604191800,110,15,***,41,*****
327,60.255,25.043,17.4,193604200600,200,10,***,37,*****
328,60.255,25.043,17.4,193604201200,200,21,***,43,*****
329,60.255,25.043,17.4,193604201800,200,15,***,37,*****
330,60.255,25.043,17.4,193604210600,160,21,***,39,*****
331,60.255,25.043,17.4,193604211200,180,15,***,45,*****
332,60.255,25.043,17.4,193604211800,110,15,***,39,*****
333,60.255,25.043,17.4,193604220600,110,28,***,41,*****
334,60.255,25.043,17.4,193604221200,180,15,***,39,*****
335,60.255,25.043,17.4,193604221800,180,10,***,37,*****
336,60.255,25.043,17.4,193604230600,140,6,***,45,*****
337,60.255,25.043,17.4,193604231200,090,10,***,46,*****
338,60.255,25.043,17.4,193604231800,070,10,***,43,*****
339,60.255,25.043,17.4,193604240600,070,10,***,45,*****
340,60.255,25.043,17.4,193604241200,070,10,***,52,*****
341,60.255,25.043,17.4,193604241800,070,28,***,46,*****
342,60.255,25.043,17.4,193604250600,070,21,***,48,*****
343,60.255,25.043,17.4,193604251200,070,15,***,46,*****
344,60.255,25.043,17.4,193604251800,090,21,***,41,*****
345,60.255,25.043,17.4,193604260600,200,10,***,39,*****
346,60.255,25.043,17.4,193604261200,200,10,***,41,*****
347,60.255,25.043,17.4,193604261800,230,10,***,41,*****
348,60.255,25.043,17.4,193604270600,140,6,***,45,*****
349,60.255,25.043,17.4,193604271200,110,10,***,48,*****
350,60.255,25.043,17.4,193604271800,110,6,***,43,*****
351,60.255,25.043,17.4,193604280600,020,10,***,52,*****
352,60.255,25.043,17.4,193604281200,020,10,***,57,*****
353,60.255,25.043,17.4,193604281800,020,6,***,52,*****
354,60.255,25.043,17.4,193604290600,050,10,***,52,*****
355,60.255,25.043,17.4,193604291200,090,10,***,55,*****
356,60.255,25.043,17.4,193604291800,160,2,***,54,*****
357,60.255,25.043,17.4,193604300600,090,6,***,55,*****
358,60.255,25.043,17.4,193604301200,090,10,***,55,*****
359,60.255,25.043,17.4,193604301800,090,10,***,52,*****
360,60.255,25.043,17.4,193605010600,110,10,***,55,*****
361,60.255,25.043,17.4,193605011200,110,10,***,55,*****
362,60.255,25.043,17.4,193605011800,140,6,***,52,*****
363,60.255,25.043,17.4,193605020600,230,10,***,45,*****
364,60.255,25.043,17.4,193605021200,200,15,***,54,*****
365,60.255,25.043,17.4,193605021800,200,10,***,48,*****
366,60.255,25.043,17.4,193605030600,250,6,***,48,*****
367,60.255,25.043,17.4,193605031200,160,6,***,50,*****
368,60.255,25.043,17.4,193605031800,020,10,***,48,*****
369,60.255,25.043,17.4,193605040600,090,10,***,52,*****
370,60.255,25.043,17.4,193605041200,***,***,***,52,*****
371,60.255,25.043,17.4,193605041800,090,15,***,46,*****
372,60.255,25.043,17.4,193605050600,110,15,***,48,*****
373,60.255,25.043,17.4,193605051200,090,21,***,52,*****
374,60.255,25.043,17.4,193605051800,070,28,***,46,*****
375,60.255,25.043,17.4,193605060600,110,10,***,50,*****
376,60.255,25.043,17.4,193605061200,110,10,***,55,*****
377,60.255,25.043,17.4,193605061800,160,2,***,52,*****
378,60.255,25.043,17.4,193605070600,090,6,***,54,*****
379,60.255,25.043,17.4,193605071200,090,10,***,59,*****
380,60.255,25.043,17.4,193605071800,230,10,***,50,*****
381,60.255,25.043,17.4,193605080600,050,6,***,48,*****
382,60.255,25.043,17.4,193605081200,090,6,***,48,*****
383,60.255,25.043,17.4,193605090600,090,10,***,54,*****
384,60.255,25.043,17.4,193605091200,200,10,***,59,*****
385,60.255,25.043,17.4,193605091800,270,6,***,54,*****
386,60.255,25.043,17.4,193605100600,140,6,***,52,*****
387,60.255,25.043,17.4,193605101200,180,10,***,59,*****
388,60.255,25.043,17.4,193605101800,110,6,***,54,*****
389,60.255,25.043,17.4,193605111200,090,10,***,63,*****
390,60.255,25.043,17.4,193605111800,090,10,***,59,*****
391,60.255,25.043,17.4,193605120600,050,21,***,50,*****
392,60.255,25.043,17.4,193605121800,050,21,***,48,*****
393,60.255,25.043,17.4,193605130600,110,6,***,48,*****
394,60.255,25.043,17.4,193605131200,140,6,***,48,*****
395,60.255,25.043,17.4,193605131800,230,6,***,48,*****
396,60.255,25.043,17.4,193605140600,050,15,***,59,*****
397,60.255,25.043,17.4,193605141200,090,10,***,52,*****
398,60.255,25.043,17.4,193605141800,050,6,***,54,*****
399,60.255,25.043,17.4,193605150600,070,15,***,46,*****
400,60.255,25.043,17.4,193605151200,140,15,***,46,*****
401,60.255,25.043,17.4,193605151800,070,15,***,45,*****
402,60.255,25.043,17.4,193605160600,110,10,***,48,*****
403,60.255,25.043,17.4,193605161200,160,10,***,50,*****
404,60.255,25.043,17.4,193605161800,200,15,***,46,*****
405,60.255,25.043,17.4,193605170600,270,15,***,55,*****
406,60.255,25.043,17.4,193605171200,270,15,***,64,*****
407,60.255,25.043,17.4,193605171800,320,10,***,59,*****
408,60.255,25.043,17.4,193605180600,050,15,***,63,*****
409,60.255,25.043,17.4,193605181200,200,10,***,64,*****
410,60.255,25.043,17.4,193605181800,200,15,***,59,*****
411,60.255,25.043,17.4,193605190600,200,6,***,59,*****
412,60.255,25.043,17.4,193605191200,090,10,***,68,*****
413,60.255,25.043,17.4,193605191800,090,10,***,59,*****
414,60.255,25.043,17.4,193605200600,180,10,***,59,*****
415,60.255,25.043,17.4,193605201200,180,10,***,61,*****
416,60.255,25.043,17.4,193605201800,180,6,***,55,*****
417,60.255,25.043,17.4,193605210600,110,10,***,57,*****
418,60.255,25.043,17.4,193605211200,200,21,***,55,*****
419,60.255,25.043,17.4,193605211800,200,10,***,54,*****
420,60.255,25.043,17.4,193605220600,***,0,***,54,*****
421,60.255,25.043,17.4,193605221200,***,***,***,59,*****
422,60.255,25.043,17.4,193605221800,230,10,***,54,*****
423,60.255,25.043,17.4,193605230600,070,10,***,55,*****
424,60.255,25.043,17.4,193605231200,050,15,***,57,*****
425,60.255,25.043,17.4,193605231800,360,15,***,50,*****
426,60.255,25.043,17.4,193605240600,070,15,***,48,*****
427,60.255,25.043,17.4,193605241200,070,15,***,54,*****
428,60.255,25.043,17.4,193605241800,200,6,***,46,*****
429,60.255,25.043,17.4,193605250600,250,6,***,64,*****
430,60.255,25.043,17.4,193605251200,200,15,***,61,*****
431,60.255,25.043,17.4,193605251800,230,10,***,59,*****
432,60.255,25.043,17.4,193605260600,230,6,***,64,*****
433,60.255,25.043,17.4,193605261200,230,***,***,68,*****
434,60.255,25.043,17.4,193605261800,320,10,***,57,*****
435,60.255,25.043,17.4,193605270600,250,6,***,68,*****
436,60.255,25.043,17.4,193605271200,230,15,***,64,*****
437,60.255,25.043,17.4,193605271800,***,0,***,61,*****
438,60.255,25.043,17.4,193605280600,180,6,***,54,*****
439,60.255,25.043,17.4,193605281200,340,15,***,50,*****
440,60.255,25.043,17.4,193605281800,340,15,***,46,*****
441,60.255,25.043,17.4,193605290600,290,21,***,43,*****
442,60.255,25.043,17.4,193605291200,290,28,***,52,*****
443,60.255,25.043,17.4,193605291800,290,21,***,48,*****
444,60.255,25.043,17.4,193605300600,140,10,***,48,*****
445,60.255,25.043,17.4,193605301200,110,21,***,46,*****
446,60.255,25.043,17.4,193605301800,160,21,***,46,*****
447,60.255,25.043,17.4,193605310600,180,6,***,52,*****
448,60.255,25.043,17.4,193605311200,110,10,***,55,*****
449,60.255,25.043,17.4,193605311800,110,6,***,54,*****
450,60.255,25.043,17.4,193606010600,230,10,***,55,*****
451,60.255,25.043,17.4,193606011200,230,15,***,55,*****
452,60.255,25.043,17.4,193606011800,200,15,***,50,*****
453,60.255,25.043,17.4,193606020600,050,15,***,48,*****
454,60.255,25.043,17.4,193606021200,070,21,***,63,*****
455,60.255,25.043,17.4,193606021800,230,15,***,61,*****
456,60.255,25.043,17.4,193606030600,290,10,***,52,*****
457,60.255,25.043,17.4,193606031200,290,21,***,54,*****
458,60.255,25.043,17.4,193606031800,320,10,***,52,*****
459,60.255,25.043,17.4,193606040600,320,10,***,63,*****
460,60.255,25.043,17.4,193606041200,250,10,***,64,*****
461,60.255,25.043,17.4,193606041800,230,6,***,52,*****
462,60.255,25.043,17.4,193606050600,230,6,***,63,*****
463,60.255,25.043,17.4,193606051200,250,15,***,66,*****
464,60.255,25.043,17.4,193606051800,200,6,***,63,*****
465,60.255,25.043,17.4,193606060600,140,6,***,63,*****
466,60.255,25.043,17.4,193606061200,140,10,***,68,*****
467,60.255,25.043,17.4,193606070600,140,10,***,66,*****
468,60.255,25.043,17.4,193606071200,090,21,***,72,*****
469,60.255,25.043,17.4,193606071800,070,21,***,64,*****
470,60.255,25.043,17.4,193606080600,070,15,***,70,*****
471,60.255,25.043,17.4,193606081200,090,28,***,73,*****
472,60.255,25.043,17.4,193606081800,070,21,***,72,*****
473,60.255,25.043,17.4,193606090600,090,21,***,66,*****
474,60.255,25.043,17.4,193606091200,070,15,***,68,*****
475,60.255,25.043,17.4,193606091800,090,21,***,59,*****
476,60.255,25.043,17.4,193606100600,110,15,***,68,*****
477,60.255,25.043,17.4,193606101200,140,21,***,72,*****
478,60.255,25.043,17.4,193606101800,070,21,***,68,*****
479,60.255,25.043,17.4,193606110600,070,10,***,73,*****
480,60.255,25.043,17.4,193606111200,110,10,***,77,*****
481,60.255,25.043,17.4,193606111800,070,6,***,72,*****
482,60.255,25.043,17.4,193606120600,110,6,***,75,*****
483,60.255,25.043,17.4,193606121200,140,10,***,75,*****
484,60.255,25.043,17.4,193606121800,090,2,***,72,*****
485,60.255,25.043,17.4,193606130600,090,2,***,73,*****
486,60.255,25.043,17.4,193606131200,160,10,***,75,*****
487,60.255,25.043,17.4,193606131800,020,10,***,68,*****
488,60.255,25.043,17.4,193606140600,200,6,***,73,*****
489,60.255,25.043,17.4,193606141200,***,***,***,75,*****
490,60.255,25.043,17.4,193606141800,270,10,***,75,*****
491,60.255,25.043,17.4,193606150600,340,10,***,73,*****
492,60.255,25.043,17.4,193606151200,200,15,***,77,*****
493,60.255,25.043,17.4,193606151800,250,10,***,73,*****
494,60.255,25.043,17.4,193606160600,270,10,***,75,*****
495,60.255,25.043,17.4,193606161200,200,10,***,77,*****
496,60.255,25.043,17.4,193606161800,200,10,***,72,*****
497,60.255,25.043,17.4,193606170600,200,10,***,64,*****
498,60.255,25.043,17.4,193606171200,200,10,***,66,*****
499,60.255,25.043,17.4,193606171800,250,10,***,63,*****
500,60.255,25.043,17.4,193606180600,290,6,***,72,*****
501,60.255,25.043,17.4,193606181200,200,21,***,72,*****
502,60.255,25.043,17.4,193606181800,200,10,***,68,*****
503,60.255,25.043,17.4,193606190600,360,6,***,75,*****
504,60.255,25.043,17.4,193606191200,230,10,***,77,*****
505,60.255,25.043,17.4,193606191800,020,6,***,68,*****
506,60.255,25.043,17.4,193606200600,110,6,***,75,*****
507,60.255,25.043,17.4,193606201200,140,6,***,79,*****
508,60.255,25.043,17.4,193606201800,110,10,***,68,*****
509,60.255,25.043,17.4,193606210600,***,0,***,79,*****
510,60.255,25.043,17.4,193606211200,200,6,***,82,*****
511,60.255,25.043,17.4,193606211800,***,10,***,73,*****
512,60.255,25.043,17.4,193606220600,090,6,***,81,*****
513,60.255,25.043,17.4,193606230600,340,15,***,81,*****
514,60.255,25.043,17.4,193606231800,***,***,***,75,*****
515,60.255,25.043,17.4,193606241200,250,15,***,82,*****
516,60.255,25.043,17.4,193606241800,250,6,***,73,*****
517,60.255,25.043,17.4,193606250600,270,10,***,68,*****
518,60.255,25.043,17.4,193606251200,***,***,***,70,*****
519,60.255,25.043,17.4,193606260600,290,15,***,68,*****
520,60.255,25.043,17.4,193606261200,230,21,***,77,*****
521,60.255,25.043,17.4,193606261800,250,15,***,68,*****
522,60.255,25.043,17.4,193606270600,270,10,***,66,*****
523,60.255,25.043,17.4,193606271200,290,21,***,70,*****
524,60.255,25.043,17.4,193606271800,320,15,***,61,*****
525,60.255,25.043,17.4,193606280600,360,10,***,64,*****
526,60.255,25.043,17.4,193606281200,320,10,***,68,*****
527,60.255,25.043,17.4,193606281800,340,10,***,64,*****
528,60.255,25.043,17.4,193606290600,160,6,***,66,*****
529,60.255,25.043,17.4,193606291800,230,21,***,61,*****
530,60.255,25.043,17.4,193606300600,320,10,***,70,*****
531,60.255,25.043,17.4,193606301200,***,***,***,73,*****
532,60.255,25.043,17.4,193606301800,340,2,***,68,*****
533,60.255,25.043,17.4,193607010600,090,10,***,66,*****
534,60.255,25.043,17.4,193607011200,140,10,***,****,*****
535,60.255,25.043,17.4,193607011800,140,10,***,63,*****
536,60.255,25.043,17.4,193607020600,020,2,***,72,*****
537,60.255,25.043,17.4,193607021200,110,2,***,75,*****
538,60.255,25.043,17.4,193607021800,110,10,***,68,*****
539,60.255,25.043,17.4,193607030600,090,21,***,68,*****
540,60.255,25.043,17.4,193607031200,090,6,***,73,*****
541,60.255,25.043,17.4,193607031800,090,10,***,66,*****
542,60.255,25.043,17.4,193607040600,***,***,***,72,*****
543,60.255,25.043,17.4,193607041200,250,15,***,72,*****
544,60.255,25.043,17.4,193607041800,230,6,***,68,*****
545,60.255,25.043,17.4,193607050600,***,***,***,64,*****
546,60.255,25.043,17.4,193607051200,200,21,***,68,*****
547,60.255,25.043,17.4,193607051800,200,15,***,64,*****
548,60.255,25.043,17.4,193607061200,200,10,***,64,*****
549,60.255,25.043,17.4,193607061800,200,6,***,64,*****
550,60.255,25.043,17.4,193607070600,290,10,***,70,*****
551,60.255,25.043,17.4,193607071200,360,6,***,86,*****
552,60.255,25.043,17.4,193607080600,200,10,***,72,*****
553,60.255,25.043,17.4,193607081200,320,15,***,77,*****
554,60.255,25.043,17.4,193607081800,***,***,***,****,*****
555,60.255,25.043,17.4,193607090600,360,6,***,72,*****
556,60.255,25.043,17.4,193607091200,070,10,***,70,*****
557,60.255,25.043,17.4,193607091800,200,6,***,66,*****
558,60.255,25.043,17.4,193607100600,140,6,***,75,*****
559,60.255,25.043,17.4,193607101200,180,10,***,75,*****
560,60.255,25.043,17.4,193607101800,110,10,***,70,*****
561,60.255,25.043,17.4,193607110600,050,6,***,72,*****
562,60.255,25.043,17.4,193607111200,140,6,***,73,*****
563,60.255,25.043,17.4,193607111800,180,10,***,70,*****
564,60.255,25.043,17.4,193607120600,290,6,***,72,*****
565,60.255,25.043,17.4,193607121800,200,10,***,68,*****
566,60.255,25.043,17.4,193607130600,110,10,***,73,*****
567,60.255,25.043,17.4,193607131200,110,21,***,73,*****
568,60.255,25.043,17.4,193607131800,070,10,***,72,*****
569,60.255,25.043,17.4,193607140600,230,15,***,70,*****
570,60.255,25.043,17.4,193607141200,230,15,***,73,*****
571,60.255,25.043,17.4,193607141800,230,6,***,68,*****
572,60.255,25.043,17.4,193607150600,230,2,***,66,*****
573,60.255,25.043,17.4,193607151200,180,***,***,****,*****
574,60.255,25.043,17.4,193607151800,200,10,***,66,*****
575,60.255,25.043,17.4,193607160600,110,10,***,64,*****
576,60.255,25.043,17.4,193607161800,230,21,***,64,*****
577,60.255,25.043,17.4,193607170600,200,21,***,63,*****
578,60.255,25.043,17.4,193607171200,230,15,***,63,*****
579,60.255,25.043,17.4,193607171800,230,21,***,64,*****
580,60.255,25.043,17.4,193607180600,270,21,***,66,*****
581,60.255,25.043,17.4,193607181800,270,15,***,66,*****
582,60.255,25.043,17.4,193607190600,180,6,***,68,*****
583,60.255,25.043,17.4,193607191200,070,2,***,68,*****
584,60.255,25.043,17.4,193607191800,***,***,***,****,*****
585,60.255,25.043,17.4,193607200600,230,10,***,66,*****
586,60.255,25.043,17.4,193607201200,200,15,***,64,*****
587,60.255,25.043,17.4,193607201800,230,15,***,64,*****
588,60.255,25.043,17.4,193607210600,200,10,***,64,*****
589,60.255,25.043,17.4,193607211200,180,10,***,61,*****
590,60.255,25.043,17.4,193607211800,230,10,***,63,*****
591,60.255,25.043,17.4,193607220600,070,6,***,63,*****
592,60.255,25.043,17.4,193607221800,050,6,***,68,*****
593,60.255,25.043,17.4,193607230600,090,6,***,70,*****
594,60.255,25.043,17.4,193607231200,230,2,***,73,*****
595,60.255,25.043,17.4,193607231800,270,6,***,72,*****
596,60.255,25.043,17.4,193607240600,020,6,***,68,*****
597,60.255,25.043,17.4,193607241200,180,10,***,72,*****
598,60.255,25.043,17.4,193607241800,250,6,***,70,*****
599,60.255,25.043,17.4,193607250600,090,6,***,75,*****
600,60.255,25.043,17.4,193607251200,110,10,***,81,*****
601,60.255,25.043,17.4,193607251800,090,10,***,75,*****
602,60.255,25.043,17.4,193607260600,110,15,***,75,*****
603,60.255,25.043,17.4,193607261200,090,15,***,79,*****
604,60.255,25.043,17.4,193607261800,200,15,***,72,*****
605,60.255,25.043,17.4,193607270600,230,15,***,70,*****
606,60.255,25.043,17.4,193607271200,230,21,***,68,*****
607,60.255,25.043,17.4,193607271800,***,***,***,66,*****
608,60.255,25.043,17.4,193607280600,230,15,***,66,*****
609,60.255,25.043,17.4,193607281200,340,15,***,68,*****
610,60.255,25.043,17.4,193607281800,200,10,***,66,*****
611,60.255,25.043,17.4,193607290600,140,6,***,70,*****
612,60.255,25.043,17.4,193607291200,180,15,***,66,*****
613,60.255,25.043,17.4,193607291800,230,21,***,63,*****
614,60.255,25.043,17.4,193607300600,230,10,***,64,*****
615,60.255,25.043,17.4,193607301200,200,15,***,66,*****
616,60.255,25.043,17.4,193607301800,230,15,***,63,*****
617,60.255,25.043,17.4,193607310600,230,21,***,66,*****
618,60.255,25.043,17.4,193607311200,230,21,***,68,*****
619,60.255,25.043,17.4,193607311800,230,28,***,61,*****
620,60.255,25.043,17.4,193608010600,230,15,***,64,*****
621,60.255,25.043,17.4,193608011200,200,15,***,68,*****
622,60.255,25.043,17.4,193608011800,110,10,***,63,*****
623,60.255,25.043,17.4,193608020600,090,21,***,70,*****
624,60.255,25.043,17.4,193608021200,070,21,***,73,*****
625,60.255,25.043,17.4,193608021800,110,15,***,70,*****
626,60.255,25.043,17.4,193608030600,160,15,***,70,*****
627,60.255,25.043,17.4,193608031200,110,15,***,73,*****
628,60.255,25.043,17.4,193608031800,110,15,***,63,*****
629,60.255,25.043,17.4,193608040600,180,15,***,63,*****
630,60.255,25.043,17.4,193608041200,250,21,***,66,*****
631,60.255,25.043,17.4,193608041800,200,6,***,61,*****
632,60.255,25.043,17.4,193608050600,200,28,***,61,*****
633,60.255,25.043,17.4,193608051200,230,28,***,66,*****
634,60.255,25.043,17.4,193608051800,200,21,***,61,*****
635,60.255,25.043,17.4,193608060600,200,21,***,63,*****
636,60.255,25.043,17.4,193608061200,230,28,***,63,*****
637,60.255,25.043,17.4,193608061800,200,15,***,59,*****
638,60.255,25.043,17.4,193608070600,290,6,***,59,*****
639,60.255,25.043,17.4,193608071200,250,6,***,68,*****
640,60.255,25.043,17.4,193608080600,320,10,***,59,*****
641,60.255,25.043,17.4,193608081200,340,10,***,64,*****
642,60.255,25.043,17.4,193608081800,290,6,***,59,*****
643,60.255,25.043,17.4,193608090600,320,6,***,63,*****
644,60.255,25.043,17.4,193608091800,230,15,***,61,*****
645,60.255,25.043,17.4,193608100600,230,15,***,66,*****
646,60.255,25.043,17.4,193608101800,230,15,***,63,*****
647,60.255,25.043,17.4,193608110600,230,10,***,68,*****
648,60.255,25.043,17.4,193608111200,200,10,***,70,*****
649,60.255,25.043,17.4,193608111800,200,6,***,66,*****
650,60.255,25.043,17.4,193608120600,090,6,***,68,*****
651,60.255,25.043,17.4,193608121800,070,10,***,68,*****
652,60.255,25.043,17.4,193608130600,020,10,***,64,*****
653,60.255,25.043,17.4,193608131200,090,15,***,72,*****
654,60.255,25.043,17.4,193608131800,110,10,***,70,*****
655,60.255,25.043,17.4,193608140600,020,10,***,66,*****
656,60.255,25.043,17.4,193608141200,200,6,***,70,*****
657,60.255,25.043,17.4,193608141800,230,2,***,66,*****
658,60.255,25.043,17.4,193608150600,020,10,***,70,*****
659,60.255,25.043,17.4,193608151200,140,10,***,72,*****
660,60.255,25.043,17.4,193608151800,140,34,***,66,*****
661,60.255,25.043,17.4,193608161200,070,10,***,66,*****
662,60.255,25.043,17.4,193608161800,090,10,***,63,*****
663,60.255,25.043,17.4,193608170600,070,6,***,64,*****
664,60.255,25.043,17.4,193608171200,160,15,***,66,*****
665,60.255,25.043,17.4,193608171800,090,6,***,61,*****
666,60.255,25.043,17.4,193608180600,070,6,***,66,*****
667,60.255,25.043,17.4,193608181800,070,6,***,61,*****
668,60.255,25.043,17.4,193608190600,090,6,***,66,*****
669,60.255,25.043,17.4,193608191200,090,10,***,68,*****
670,60.255,25.043,17.4,193608191800,110,6,***,63,*****
671,60.255,25.043,17.4,193608200600,160,15,***,64,*****
672,60.255,25.043,17.4,193608201200,110,21,***,68,*****
673,60.255,25.043,17.4,193608201800,110,15,***,64,*****
674,60.255,25.043,17.4,193608210600,090,15,***,63,*****
675,60.255,25.043,17.4,193608211200,110,21,***,64,*****
676,60.255,25.043,17.4,193608211800,140,21,***,63,*****
677,60.255,25.043,17.4,193608220600,250,10,***,63,*****
678,60.255,25.043,17.4,193608221200,200,10,***,68,*****
679,60.255,25.043,17.4,193608221800,160,15,***,63,*****
680,60.255,25.043,17.4,193608230600,090,10,***,63,*****
681,60.255,25.043,17.4,193608231200,110,6,***,66,*****
682,60.255,25.043,17.4,193608231800,090,6,***,63,*****
683,60.255,25.043,17.4,193608240600,090,6,***,64,*****
684,60.255,25.043,17.4,193608241200,140,10,***,68,*****
685,60.255,25.043,17.4,193608241800,140,6,***,64,*****
686,60.255,25.043,17.4,193608250600,230,6,***,64,*****
687,60.255,25.043,17.4,193608251200,230,10,***,70,*****
688,60.255,25.043,17.4,193608251800,290,6,***,61,*****
689,60.255,25.043,17.4,193608260600,360,15,***,57,*****
690,60.255,25.043,17.4,193608261200,360,15,***,59,*****
691,60.255,25.043,17.4,193608261800,360,15,***,59,*****
692,60.255,25.043,17.4,193608270600,340,10,***,63,*****
693,60.255,25.043,17.4,193608271200,050,10,***,70,*****
694,60.255,25.043,17.4,193608271800,320,6,***,61,*****
695,60.255,25.043,17.4,193608280600,270,10,***,61,*****
696,60.255,25.043,17.4,193608281200,270,15,***,70,*****
697,60.255,25.043,17.4,193608281800,290,6,***,61,*****
698,60.255,25.043,17.4,193608290600,050,6,***,61,*****
699,60.255,25.043,17.4,193608291200,360,10,***,63,*****
700,60.255,25.043,17.4,193608291800,290,6,***,57,*****
701,60.255,25.043,17.4,193608300600,180,6,***,59,*****
702,60.255,25.043,17.4,193608301200,160,21,***,59,*****
703,60.255,25.043,17.4,193608301800,180,21,***,55,*****
704,60.255,25.043,17.4,193608310600,230,15,***,63,*****
705,60.255,25.043,17.4,193608311200,140,15,***,59,*****
706,60.255,25.043,17.4,193608311800,020,6,***,59,*****
707,60.255,25.043,17.4,193609010600,340,6,***,54,*****
708,60.255,25.043,17.4,193609011200,230,2,***,61,*****
709,60.255,25.043,17.4,193609011800,270,2,***,54,*****
710,60.255,25.043,17.4,193609020600,340,21,***,55,*****
711,60.255,25.043,17.4,193609021200,320,21,***,55,*****
712,60.255,25.043,17.4,193609021800,320,15,***,52,*****
713,60.255,25.043,17.4,193609030600,290,21,***,54,*****
714,60.255,25.043,17.4,193609031200,340,21,***,61,*****
715,60.255,25.043,17.4,193609031800,340,21,***,54,*****
716,60.255,25.043,17.4,193609040600,340,15,***,57,*****
717,60.255,25.043,17.4,193609041200,340,21,***,61,*****
718,60.255,25.043,17.4,193609041800,320,15,***,55,*****
719,60.255,25.043,17.4,193609050600,320,6,***,55,*****
720,60.255,25.043,17.4,193609051200,320,6,***,64,*****
721,60.255,25.043,17.4,193609051800,230,6,***,57,*****
722,60.255,25.043,17.4,193609060600,070,2,***,59,*****
723,60.255,25.043,17.4,193609061200,180,10,***,61,*****
724,60.255,25.043,17.4,193609061800,200,6,***,57,*****
725,60.255,25.043,17.4,193609070600,090,6,***,57,*****
726,60.255,25.043,17.4,193609071200,090,10,***,63,*****
727,60.255,25.043,17.4,193609071800,050,10,***,****,*****
728,60.255,25.043,17.4,193609080600,020,21,***,52,*****
729,60.255,25.043,17.4,193609081200,050,28,***,52,*****
730,60.255,25.043,17.4,193609081800,020,15,***,52,*****
731,60.255,25.043,17.4,193609090600,050,10,***,48,*****
732,60.255,25.043,17.4,193609091200,050,10,***,54,*****
733,60.255,25.043,17.4,193609091800,360,10,***,48,*****
734,60.255,25.043,17.4,193609100600,020,6,***,48,*****
735,60.255,25.043,17.4,193609101200,340,10,***,55,*****
736,60.255,25.043,17.4,193609101800,360,10,***,46,*****
737,60.255,25.043,17.4,193609110600,230,6,***,55,*****
738,60.255,25.043,17.4,193609111200,290,10,***,59,*****
739,60.255,25.043,17.4,193609111800,230,6,***,57,*****
740,60.255,25.043,17.4,193609120600,360,2,***,59,*****
741,60.255,25.043,17.4,193609121200,230,6,***,63,*****
742,60.255,25.043,17.4,193609121800,270,6,***,57,*****
743,60.255,25.043,17.4,193609130600,360,6,***,59,*****
744,60.255,25.043,17.4,193609131200,340,10,***,70,*****
745,60.255,25.043,17.4,193609131800,320,10,***,59,*****
746,60.255,25.043,17.4,193609140600,320,6,***,57,*****
747,60.255,25.043,17.4,193609141200,250,6,***,68,*****
748,60.255,25.043,17.4,193609141800,270,10,***,59,*****
749,60.255,25.043,17.4,193609150600,360,2,***,54,*****
750,60.255,25.043,17.4,193609151200,180,6,***,61,*****
751,60.255,25.043,17.4,193609151800,180,6,***,57,*****
752,60.255,25.043,17.4,193609160600,360,15,***,50,*****
753,60.255,25.043,17.4,193609161800,340,10,***,55,*****
754,60.255,25.043,17.4,193609170600,290,10,***,52,*****
755,60.255,25.043,17.4,193609171200,290,15,***,64,*****
756,60.255,25.043,17.4,193609171800,250,10,***,55,*****
757,60.255,25.043,17.4,193609180600,270,6,***,55,*****
758,60.255,25.043,17.4,193609181200,290,10,***,68,*****
759,60.255,25.043,17.4,193609181800,250,10,***,59,*****
760,60.255,25.043,17.4,193609190600,250,15,***,55,*****
761,60.255,25.043,17.4,193609191200,250,15,***,61,*****
762,60.255,25.043,17.4,193609191800,250,10,***,55,*****
763,60.255,25.043,17.4,193609200600,290,10,***,64,*****
764,60.255,25.043,17.4,193609201200,270,15,***,63,*****
765,60.255,25.043,17.4,193609201800,290,10,***,55,*****
766,60.255,25.043,17.4,193609210600,270,10,***,55,*****
767,60.255,25.043,17.4,193609211200,250,15,***,70,*****
768,60.255,25.043,17.4,193609211800,230,10,***,59,*****
769,60.255,25.043,17.4,193609220600,200,15,***,59,*****
770,60.255,25.043,17.4,193609221200,200,15,***,61,*****
771,60.255,25.043,17.4,193609221800,230,10,***,59,*****
772,60.255,25.043,17.4,193609230600,290,10,***,52,*****
773,60.255,25.043,17.4,193609231200,290,15,***,54,*****
774,60.255,25.043,17.4,193609231800,250,15,***,45,*****
775,60.255,25.043,17.4,193609240600,290,15,***,48,*****
776,60.255,25.043,17.4,193609241200,270,15,***,54,*****
777,60.255,25.043,17.4,193609241800,320,10,***,45,*****
778,60.255,25.043,17.4,193609250600,290,6,***,46,*****
779,60.255,25.043,17.4,193609251200,270,10,***,48,*****
780,60.255,25.043,17.4,193609251800,180,6,***,45,*****
781,60.255,25.043,17.4,193609260600,340,21,***,37,*****
782,60.255,25.043,17.4,193609261200,360,28,***,41,*****
783,60.255,25.043,17.4,193609261800,290,15,***,39,*****
784,60.255,25.043,17.4,193609270600,290,6,***,37,*****
785,60.255,25.043,17.4,193609271200,270,10,***,46,*****
786,60.255,25.043,17.4,193609271800,320,6,***,41,*****
787,60.255,25.043,17.4,193609280600,320,6,***,39,*****
788,60.255,25.043,17.4,193609281200,290,10,***,48,*****
789,60.255,25.043,17.4,193609281800,270,6,***,48,*****
790,60.255,25.043,17.4,193609290600,320,2,***,41,*****
791,60.255,25.043,17.4,193609291200,200,6,***,46,*****
792,60.255,25.043,17.4,193609291800,230,6,***,45,*****
793,60.255,25.043,17.4,193609300600,090,6,***,****,*****
794,60.255,25.043,17.4,193609301200,160,10,***,43,*****
795,60.255,25.043,17.4,193609301800,050,10,***,43,*****
796,60.255,25.043,17.4,193610010600,020,21,***,41,*****
797,60.255,25.043,17.4,193610011200,050,21,***,46,*****
798,60.255,25.043,17.4,193610011800,020,28,***,41,*****
799,60.255,25.043,17.4,193610020600,020,15,***,37,*****
800,60.255,25.043,17.4,193610021200,020,15,***,41,*****
801,60.255,25.043,17.4,193610021800,020,15,***,37,*****
802,60.255,25.043,17.4,193610030600,200,6,***,36,*****
803,60.255,25.043,17.4,193610031200,230,28,***,41,*****
804,60.255,25.043,17.4,193610031800,050,10,***,37,*****
805,60.255,25.043,17.4,193610040600,050,10,***,36,*****
806,60.255,25.043,17.4,193610041200,050,28,***,39,*****
807,60.255,25.043,17.4,193610041800,020,34,***,39,*****
808,60.255,25.043,17.4,193610050600,020,34,***,36,*****
809,60.255,25.043,17.4,193610051200,050,28,***,37,*****
810,60.255,25.043,17.4,193610051800,020,34,***,39,*****
811,60.255,25.043,17.4,193610060600,020,28,***,32,*****
812,60.255,25.043,17.4,193610061200,020,21,***,34,*****
813,60.255,25.043,17.4,193610061800,020,15,***,34,*****
814,60.255,25.043,17.4,193610070600,020,10,***,37,*****
815,60.255,25.043,17.4,193610071200,340,6,***,43,*****
816,60.255,25.043,17.4,193610071800,340,10,***,39,*****
817,60.255,25.043,17.4,193610080600,360,6,***,37,*****
818,60.255,25.043,17.4,193610081200,360,2,***,41,*****
819,60.255,25.043,17.4,193610081800,360,6,***,39,*****
820,60.255,25.043,17.4,193610090600,020,6,***,37,*****
821,60.255,25.043,17.4,193610091200,020,2,***,45,*****
822,60.255,25.043,17.4,193610091800,020,10,***,36,*****
823,60.255,25.043,17.4,193610100600,020,6,***,34,*****
824,60.255,25.043,17.4,193610101200,090,10,***,41,*****
825,60.255,25.043,17.4,193610101800,110,6,***,39,*****
826,60.255,25.043,17.4,193610110600,180,10,***,37,*****
827,60.255,25.043,17.4,193610111200,160,10,***,39,*****
828,60.255,25.043,17.4,193610111800,160,10,***,37,*****
829,60.255,25.043,17.4,193610120600,290,2,***,34,*****
830,60.255,25.043,17.4,193610121200,200,10,***,41,*****
831,60.255,25.043,17.4,193610121800,230,21,***,41,*****
832,60.255,25.043,17.4,193610130600,180,21,***,45,*****
833,60.255,25.043,17.4,193610131200,200,15,***,46,*****
834,60.255,25.043,17.4,193610131800,320,21,***,36,*****
835,60.255,25.043,17.4,193610140600,290,15,***,34,*****
836,60.255,25.043,17.4,193610141200,270,15,***,41,*****
837,60.255,25.043,17.4,193610141800,270,15,***,36,*****
838,60.255,25.043,17.4,193610150600,250,15,***,34,*****
839,60.255,25.043,17.4,193610151200,250,21,***,41,*****
840,60.255,25.043,17.4,193610151800,110,2,***,39,*****
841,60.255,25.043,17.4,193610160600,340,10,***,37,*****
842,60.255,25.043,17.4,193610161200,290,6,***,36,*****
843,60.255,25.043,17.4,193610161800,090,10,***,34,*****
844,60.255,25.043,17.4,193610170600,020,15,***,32,*****
845,60.255,25.043,17.4,193610171200,020,6,***,36,*****
846,60.255,25.043,17.4,193610171800,090,2,***,28,*****
847,60.255,25.043,17.4,193610181200,200,15,***,36,*****
848,60.255,25.043,17.4,193610181800,180,10,***,45,*****
849,60.255,25.043,17.4,193610190600,340,15,***,32,*****
850,60.255,25.043,17.4,193610191200,320,15,***,32,*****
851,60.255,25.043,17.4,193610191800,290,10,***,30,*****
852,60.255,25.043,17.4,193610200600,320,10,***,28,*****
853,60.255,25.043,17.4,193610201200,290,15,***,36,*****
854,60.255,25.043,17.4,193610201800,290,10,***,30,*****
855,60.255,25.043,17.4,193610210600,340,10,***,27,*****
856,60.255,25.043,17.4,193610211200,320,6,***,36,*****
857,60.255,25.043,17.4,193610211800,340,10,***,30,*****
858,60.255,25.043,17.4,193610220600,320,2,***,23,*****
859,60.255,25.043,17.4,193610221200,140,2,***,34,*****
860,60.255,25.043,17.4,193610221800,140,2,***,30,*****
861,60.255,25.043,17.4,193610230600,090,10,***,23,*****
862,60.255,25.043,17.4,193610231200,230,10,***,37,*****
863,60.255,25.043,17.4,193610231800,230,15,***,37,*****
864,60.255,25.043,17.4,193610240600,250,21,***,43,*****
865,60.255,25.043,17.4,193610241200,230,15,***,45,*****
866,60.255,25.043,17.4,193610241800,250,21,***,45,*****
867,60.255,25.043,17.4,193610250600,230,15,***,45,*****
868,60.255,25.043,17.4,193610251200,200,21,***,45,*****
869,60.255,25.043,17.4,193610251800,200,21,***,45,*****
870,60.255,25.043,17.4,193610260600,200,21,***,45,*****
871,60.255,25.043,17.4,193610261200,200,21,***,45,*****
872,60.255,25.043,17.4,193610261800,230,15,***,45,*****
873,60.255,25.043,17.4,193610270600,180,21,***,45,*****
874,60.255,25.043,17.4,193610271200,160,28,***,45,*****
875,60.255,25.043,17.4,193610271800,180,28,***,43,*****
876,60.255,25.043,17.4,193610280600,180,28,***,45,*****
877,60.255,25.043,17.4,193610281200,200,28,***,46,*****
878,60.255,25.043,17.4,193610281800,200,21,***,46,*****
879,60.255,25.043,17.4,193610290600,180,10,***,43,*****
880,60.255,25.043,17.4,193610291200,200,10,***,45,*****
881,60.255,25.043,17.4,193610291800,270,2,***,43,*****
882,60.255,25.043,17.4,193610300600,230,10,***,41,*****
883,60.255,25.043,17.4,193610301200,230,21,***,43,*****
884,60.255,25.043,17.4,193610301800,230,15,***,43,*****
885,60.255,25.043,17.4,193610310600,200,15,***,43,*****
886,60.255,25.043,17.4,193610311200,230,21,***,43,*****
887,60.255,25.043,17.4,193610311800,230,21,***,43,*****
888,60.255,25.043,17.4,193611010600,360,6,***,43,*****
889,60.255,25.043,17.4,193611011200,050,2,***,46,*****
890,60.255,25.043,17.4,193611011800,180,2,***,45,*****
891,60.255,25.043,17.4,193611020600,340,15,***,-2,*****
892,60.255,25.043,17.4,193611021200,110,6,***,43,*****
893,60.255,25.043,17.4,193611021800,250,10,***,41,*****
894,60.255,25.043,17.4,193611030600,250,6,***,37,*****
895,60.255,25.043,17.4,193611031200,230,6,***,41,*****
896,60.255,25.043,17.4,193611031800,230,10,***,41,*****
897,60.255,25.043,17.4,193611040600,250,10,***,43,*****
898,60.255,25.043,17.4,193611041200,270,15,***,45,*****
899,60.255,25.043,17.4,193611041800,290,15,***,39,*****
900,60.255,25.043,17.4,193611050600,200,15,***,43,*****
901,60.255,25.043,17.4,193611051200,230,10,***,45,*****
902,60.255,25.043,17.4,193611051800,180,10,***,45,*****
903,60.255,25.043,17.4,193611060600,180,15,***,45,*****
904,60.255,25.043,17.4,193611061200,***,***,***,45,*****
905,60.255,25.043,17.4,193611061800,160,15,***,45,*****
906,60.255,25.043,17.4,193611070600,180,10,***,45,*****
907,60.255,25.043,17.4,193611071200,160,6,***,46,*****
908,60.255,25.043,17.4,193611071800,140,10,***,45,*****
909,60.255,25.043,17.4,193611080600,110,15,***,43,*****
910,60.255,25.043,17.4,193611081200,160,15,***,43,*****
911,60.255,25.043,17.4,193611081800,140,15,***,43,*****
912,60.255,25.043,17.4,193611090600,160,15,***,46,*****
913,60.255,25.043,17.4,193611091200,180,15,***,46,*****
914,60.255,25.043,17.4,193611091800,200,15,***,45,*****
915,60.255,25.043,17.4,193611100600,180,15,***,43,*****
916,60.255,25.043,17.4,193611101200,180,15,***,43,*****
917,60.255,25.043,17.4,193611101800,180,15,***,45,*****
918,60.255,25.043,17.4,193611110600,200,15,***,45,*****
919,60.255,25.043,17.4,193611111200,200,21,***,46,*****
920,60.255,25.043,17.4,193611111800,200,15,***,45,*****
921,60.255,25.043,17.4,193611120600,200,15,***,43,*****
922,60.255,25.043,17.4,193611121200,200,15,***,45,*****
923,60.255,25.043,17.4,193611121800,200,15,***,45,*****
924,60.255,25.043,17.4,193611130600,140,10,***,41,*****
925,60.255,25.043,17.4,193611131200,140,6,***,39,*****
926,60.255,25.043,17.4,193611131800,050,6,***,39,*****
927,60.255,25.043,17.4,193611140600,050,10,***,36,*****
928,60.255,25.043,17.4,193611141200,020,10,***,34,*****
929,60.255,25.043,17.4,193611141800,360,6,***,36,*****
930,60.255,25.043,17.4,193611150600,340,6,***,30,*****
931,60.255,25.043,17.4,193611151200,290,6,***,30,*****
932,60.255,25.043,17.4,193611151800,360,2,***,30,*****
933,60.255,25.043,17.4,193611160600,110,10,***,34,*****
934,60.255,25.043,17.4,193611161200,110,15,***,36,*****
935,60.255,25.043,17.4,193611161800,110,15,***,36,*****
936,60.255,25.043,17.4,193611170600,110,15,***,39,*****
937,60.255,25.043,17.4,193611171200,110,10,***,37,*****
938,60.255,25.043,17.4,193611171800,110,10,***,39,*****
939,60.255,25.043,17.4,193611180600,020,10,***,30,*****
940,60.255,25.043,17.4,193611181200,020,10,***,30,*****
941,60.255,25.043,17.4,193611181800,050,10,***,28,*****
942,60.255,25.043,17.4,193611190600,250,10,***,30,*****
943,60.255,25.043,17.4,193611191200,250,10,***,34,*****
944,60.255,25.043,17.4,193611191800,250,10,***,34,*****
945,60.255,25.043,17.4,193611200600,250,15,***,36,*****
946,60.255,25.043,17.4,193611201200,250,21,***,36,*****
947,60.255,25.043,17.4,193611211200,340,15,***,39,*****
948,60.255,25.043,17.4,193611211800,340,15,***,36,*****
949,60.255,25.043,17.4,193611220600,230,6,***,36,*****
950,60.255,25.043,17.4,193611221200,230,10,***,41,*****
951,60.255,25.043,17.4,193611221800,230,15,***,41,*****
952,60.255,25.043,17.4,193611230600,290,10,***,36,*****
953,60.255,25.043,17.4,193611231200,290,10,***,39,*****
954,60.255,25.043,17.4,193611231800,290,10,***,34,*****
955,60.255,25.043,17.4,193611241200,140,6,***,36,*****
956,60.255,25.043,17.4,193611241800,200,10,***,37,*****
957,60.255,25.043,17.4,193611250600,200,10,***,37,*****
958,60.255,25.043,17.4,193611251200,320,6,***,37,*****
959,60.255,25.043,17.4,193611251800,340,10,***,36,*****
960,60.255,25.043,17.4,193611260600,070,2,***,34,*****
961,60.255,25.043,17.4,193611261200,270,6,***,34,*****
962,60.255,25.043,17.4,193611261800,200,2,***,34,*****
963,60.255,25.043,17.4,193611270600,180,10,***,36,*****
964,60.255,25.043,17.4,193611271200,180,10,***,36,*****
965,60.255,25.043,17.4,193611271800,160,10,***,30,*****
966,60.255,25.043,17.4,193611280600,160,6,***,32,*****
967,60.255,25.043,17.4,193611281200,180,10,***,30,*****
968,60.255,25.043,17.4,193611281800,230,6,***,30,*****
969,60.255,25.043,17.4,193611290600,180,10,***,34,*****
970,60.255,25.043,17.4,193611291200,180,15,***,34,*****
971,60.255,25.043,17.4,193611291800,230,28,***,36,*****
972,60.255,25.043,17.4,193611300600,180,28,***,32,*****
973,60.255,25.043,17.4,193611301200,160,28,***,32,*****
974,60.255,25.043,17.4,193611301800,180,43,***,32,*****
975,60.255,25.043,17.4,193612010600,160,21,***,36,*****
976,60.255,25.043,17.4,193612011200,160,15,***,37,*****
977,60.255,25.043,17.4,193612011800,180,10,***,37,*****
978,60.255,25.043,17.4,193612020600,140,10,***,37,*****
979,60.255,25.043,17.4,193612021200,250,10,***,39,*****
980,60.255,25.043,17.4,193612021800,200,10,***,36,*****
981,60.255,25.043,17.4,193612030600,200,15,***,37,*****
982,60.255,25.043,17.4,193612031800,200,15,***,36,*****
983,60.255,25.043,17.4,193612040600,160,15,***,36,*****
984,60.255,25.043,17.4,193612041200,200,21,***,37,*****
985,60.255,25.043,17.4,193612041800,160,34,***,34,*****
986,60.255,25.043,17.4,193612050600,200,28,***,37,*****
987,60.255,25.043,17.4,193612051200,180,15,***,37,*****
988,60.255,25.043,17.4,193612051800,200,28,***,39,*****
989,60.255,25.043,17.4,193612061200,200,10,***,37,*****
990,60.255,25.043,17.4,193612061800,160,21,***,36,*****
991,60.255,25.043,17.4,193612070600,160,10,***,34,*****
992,60.255,25.043,17.4,193612071200,050,2,***,34,*****
993,60.255,25.043,17.4,193612071800,110,6,***,34,*****
994,60.255,25.043,17.4,193612080600,200,6,***,36,*****
995,60.255,25.043,17.4,193612081200,200,15,***,36,*****
996,60.255,25.043,17.4,193612081800,200,15,***,36,*****
997,60.255,25.043,17.4,193612090600,200,28,***,37,*****
998,60.255,25.043,17.4,193612091200,200,21,***,37,*****
999,60.255,25.043,17.4,193612091800,250,15,***,37,*****
1000,60.255,25.043,17.4,193612100600,250,10,***,37,*****
1001,60.255,25.043,17.4,193612101800,250,21,***,39,*****
1002,60.255,25.043,17.4,193612110600,250,21,***,39,*****
1003,60.255,25.043,17.4,193612111200,230,21,***,39,*****
1004,60.255,25.043,17.4,193612111800,250,21,***,39,*****
1005,60.255,25.043,17.4,193612120600,200,21,***,36,*****
1006,60.255,25.043,17.4,193612121200,230,15,***,36,*****
1007,60.255,25.043,17.4,193612121800,200,10,***,36,*****
1008,60.255,25.043,17.4,193612130600,200,10,***,34,*****
1009,60.255,25.043,17.4,193612131200,200,21,***,34,*****
1010,60.255,25.043,17.4,193612131800,230,15,***,37,*****
1011,60.255,25.043,17.4,193612140600,200,15,***,39,*****
1012,60.255,25.043,17.4,193612141800,180,21,***,37,*****
1013,60.255,25.043,17.4,193612150600,200,21,***,37,*****
1014,60.255,25.043,17.4,193612151200,180,15,***,36,*****
1015,60.255,25.043,17.4,193612151800,230,10,***,37,*****
1016,60.255,25.043,17.4,193612160600,200,21,***,37,*****
1017,60.255,25.043,17.4,193612161200,200,21,***,39,*****
1018,60.255,25.043,17.4,193612161800,200,15,***,39,*****
1019,60.255,25.043,17.4,193612170600,160,15,***,41,*****
1020,60.255,25.043,17.4,193612171200,180,21,***,37,*****
1021,60.255,25.043,17.4,193612171800,200,15,***,37,*****
1022,60.255,25.043,17.4,193612180600,200,21,***,39,*****
1023,60.255,25.043,17.4,193612181200,200,28,***,39,*****
1024,60.255,25.043,17.4,193612181800,200,28,***,41,*****
1025,60.255,25.043,17.4,193612190600,***,0,***,45,*****
1026,60.255,25.043,17.4,193612191200,250,15,***,43,*****
1027,60.255,25.043,17.4,193612191800,250,15,***,41,*****
1028,60.255,25.043,17.4,193612200600,230,10,***,36,*****
1029,60.255,25.043,17.4,193612201200,230,21,***,41,*****
1030,60.255,25.043,17.4,193612201800,250,28,***,41,*****
1031,60.255,25.043,17.4,193612210600,270,28,***,46,*****
1032,60.255,25.043,17.4,193612211200,250,21,***,46,*****
1033,60.255,25.043,17.4,193612211800,250,21,***,45,*****
1034,60.255,25.043,17.4,193612220600,230,10,***,43,*****
1035,60.255,25.043,17.4,193612221200,230,15,***,43,*****
1036,60.255,25.043,17.4,193612221800,250,21,***,43,*****
1037,60.255,25.043,17.4,193612230600,250,10,***,34,*****
1038,60.255,25.043,17.4,193612231200,290,15,***,34,*****
1039,60.255,25.043,17.4,193612231800,290,15,***,32,*****
1040,60.255,25.043,17.4,193612240600,270,15,***,34,*****
1041,60.255,25.043,17.4,193612241200,290,10,***,36,*****
1042,60.255,25.043,17.4,193612241800,290,15,***,36,*****
1043,60.255,25.043,17.4,193612250600,340,10,***,32,*****
1044,60.255,25.043,17.4,193612251200,020,15,***,32,*****
1045,60.255,25.043,17.4,193612251800,340,6,***,28,*****
1046,60.255,25.043,17.4,193612261200,290,10,***,23,*****
1047,60.255,25.043,17.4,193612261800,230,10,***,27,*****
1048,60.255,25.043,17.4,193612270600,250,10,***,36,*****
1049,60.255,25.043,17.4,193612271200,290,21,***,41,*****
1050,60.255,25.043,17.4,193612271800,290,21,***,37,*****
1051,60.255,25.043,17.4,193612280600,340,15,***,34,*****
1052,60.255,25.043,17.4,193612281200,340,15,***,28,*****
1053,60.255,25.043,17.4,193612281800,340,15,***,25,*****
1054,60.255,25.043,17.4,193612290600,020,10,***,21,*****
1055,60.255,25.043,17.4,193612291200,090,6,***,23,*****
1056,60.255,25.043,17.4,193612291800,110,10,***,28,*****
1057,60.255,25.043,17.4,193612300600,200,21,***,30,*****
1058,60.255,25.043,17.4,193612301200,200,15,***,34,*****
1059,60.255,25.043,17.4,193612301800,200,21,***,36,*****
1060,60.255,25.043,17.4,193612310600,250,15,***,37,*****
1061,60.255,25.043,17.4,193612311200,250,15,***,41,*****
1062,60.255,25.043,17.4,193612311800,250,15,***,41,*****
