,Lat,Lon,Ele,YR--MODAHRMN,DIR,SPD,GUS,TEMP,ALT
0,60.255,25.043,17.4,193701010600,230,15,***,41,*****
1,60.255,25.043,17.4,193701011200,250,21,***,39,*****
2,60.255,25.043,17.4,193701011800,230,21,***,39,*****
3,60.255,25.043,17.4,193701020600,230,21,***,39,*****
4,60.255,25.043,17.4,193701021200,200,21,***,36,*****
5,60.255,25.043,17.4,193701021800,200,28,***,36,*****
6,60.255,25.043,17.4,193701030600,230,15,***,37,*****
7,60.255,25.043,17.4,193701031200,200,21,***,39,*****
8,60.255,25.043,17.4,193701031800,230,21,***,34,*****
9,60.255,25.043,17.4,193701040600,320,15,***,34,*****
10,60.255,25.043,17.4,193701041200,230,10,***,34,*****
11,60.255,25.043,17.4,193701041800,200,15,***,37,*****
12,60.255,25.043,17.4,193701050600,200,21,***,41,*****
13,60.255,25.043,17.4,193701051200,230,15,***,41,*****
14,60.255,25.043,17.4,193701051800,230,15,***,39,*****
15,60.255,25.043,17.4,193701060600,200,21,***,37,*****
16,60.255,25.043,17.4,193701061200,230,21,***,37,*****
17,60.255,25.043,17.4,193701061800,230,21,***,37,*****
18,60.255,25.043,17.4,193701070600,160,15,***,34,*****
19,60.255,25.043,17.4,193701071200,110,10,***,34,*****
20,60.255,25.043,17.4,193701071800,020,15,***,34,*****
21,60.255,25.043,17.4,193701080600,360,21,***,23,*****
22,60.255,25.043,17.4,193701081200,360,15,***,23,*****
23,60.255,25.043,17.4,193701081800,360,10,***,19,*****
24,60.255,25.043,17.4,193701090600,320,6,***,18,*****
25,60.255,25.043,17.4,193701091200,360,6,***,19,*****
26,60.255,25.043,17.4,193701100600,200,15,***,36,*****
27,60.255,25.043,17.4,193701101200,200,15,***,36,*****
28,60.255,25.043,17.4,193701101800,230,2,***,36,*****
29,60.255,25.043,17.4,193701110600,090,10,***,34,*****
30,60.255,25.043,17.4,193701111200,050,10,***,34,*****
31,60.255,25.043,17.4,193701111800,090,10,***,32,*****
32,60.255,25.043,17.4,193701120600,110,10,***,32,*****
33,60.255,25.043,17.4,193701121200,110,10,***,30,*****
34,60.255,25.043,17.4,193701121800,110,10,***,30,*****
35,60.255,25.043,17.4,193701130600,110,10,***,27,*****
36,60.255,25.043,17.4,193701131200,140,10,***,25,*****
37,60.255,25.043,17.4,193701131800,180,10,***,23,*****
38,60.255,25.043,17.4,193701140600,200,15,***,27,*****
39,60.255,25.043,17.4,193701141200,180,10,***,30,*****
40,60.255,25.043,17.4,193701141800,160,10,***,28,*****
41,60.255,25.043,17.4,193701150600,160,15,***,28,*****
42,60.255,25.043,17.4,193701151200,140,15,***,28,*****
43,60.255,25.043,17.4,193701151800,110,15,***,25,*****
44,60.255,25.043,17.4,193701160600,110,10,***,-6,*****
45,60.255,25.043,17.4,193701161200,140,10,***,19,*****
46,60.255,25.043,17.4,193701161800,180,15,***,19,*****
47,60.255,25.043,17.4,193701170600,090,6,***,21,*****
48,60.255,25.043,17.4,193701171200,110,6,***,21,*****
49,60.255,25.043,17.4,193701180600,180,15,***,23,*****
50,60.255,25.043,17.4,193701181200,160,15,***,23,*****
51,60.255,25.043,17.4,193701181800,180,15,***,23,*****
52,60.255,25.043,17.4,193701190600,110,15,***,21,*****
53,60.255,25.043,17.4,193701191200,110,15,***,23,*****
54,60.255,25.043,17.4,193701191800,110,21,***,18,*****
55,60.255,25.043,17.4,193701200600,110,21,***,30,*****
56,60.255,25.043,17.4,193701201200,090,28,***,21,*****
57,60.255,25.043,17.4,193701201800,070,15,***,23,*****
58,60.255,25.043,17.4,193701210600,110,15,***,19,*****
59,60.255,25.043,17.4,193701211200,090,15,***,21,*****
60,60.255,25.043,17.4,193701211800,110,15,***,19,*****
61,60.255,25.043,17.4,193701220600,140,10,***,18,*****
62,60.255,25.043,17.4,193701221200,140,10,***,18,*****
63,60.255,25.043,17.4,193701230600,360,10,***,****,*****
64,60.255,25.043,17.4,193701231200,070,10,***,10,*****
65,60.255,25.043,17.4,193701231800,110,10,***,16,*****
66,60.255,25.043,17.4,193701240600,180,10,***,16,*****
67,60.255,25.043,17.4,193701241200,160,10,***,18,*****
68,60.255,25.043,17.4,193701241800,180,15,***,16,*****
69,60.255,25.043,17.4,193701250600,180,15,***,16,*****
70,60.255,25.043,17.4,193701251200,180,15,***,16,*****
71,60.255,25.043,17.4,193701251800,230,6,***,16,*****
72,60.255,25.043,17.4,193701260600,290,6,***,16,*****
73,60.255,25.043,17.4,193701261200,290,10,***,19,*****
74,60.255,25.043,17.4,193701261800,250,6,***,21,*****
75,60.255,25.043,17.4,193701270600,050,10,***,21,*****
76,60.255,25.043,17.4,193701271200,050,10,***,21,*****
77,60.255,25.043,17.4,193701271800,050,10,***,23,*****
78,60.255,25.043,17.4,193701280600,050,15,***,14,*****
79,60.255,25.043,17.4,193701281200,020,10,***,18,*****
80,60.255,25.043,17.4,193701281800,360,15,***,14,*****
81,60.255,25.043,17.4,193701290600,090,21,***,12,*****
82,60.255,25.043,17.4,193701291200,070,21,***,18,*****
83,60.255,25.043,17.4,193701291800,070,21,***,10,*****
84,60.255,25.043,17.4,193701300600,050,10,***,5,*****
85,60.255,25.043,17.4,193701301200,020,10,***,9,*****
86,60.255,25.043,17.4,193701301800,340,10,***,1,*****
87,60.255,25.043,17.4,193701310600,050,10,***,1,*****
88,60.255,25.043,17.4,193701311200,360,10,***,9,*****
89,60.255,25.043,17.4,193701311800,340,6,***,7,*****
90,60.255,25.043,17.4,193702010600,320,2,***,1,*****
91,60.255,25.043,17.4,193702011200,200,2,***,16,*****
92,60.255,25.043,17.4,193702011800,200,15,***,19,*****
93,60.255,25.043,17.4,193702020600,180,34,***,18,*****
94,60.255,25.043,17.4,193702021200,200,15,***,19,*****
95,60.255,25.043,17.4,193702021800,200,15,***,21,*****
96,60.255,25.043,17.4,193702030600,180,10,***,25,*****
97,60.255,25.043,17.4,193702031200,140,2,***,28,*****
98,60.255,25.043,17.4,193702031800,290,6,***,28,*****
99,60.255,25.043,17.4,193702040600,360,6,***,25,*****
100,60.255,25.043,17.4,193702041200,140,6,***,23,*****
101,60.255,25.043,17.4,193702041800,140,6,***,25,*****
102,60.255,25.043,17.4,193702050600,110,10,***,32,*****
103,60.255,25.043,17.4,193702051200,290,10,***,32,*****
104,60.255,25.043,17.4,193702051800,270,6,***,30,*****
105,60.255,25.043,17.4,193702060600,180,6,***,34,*****
106,60.255,25.043,17.4,193702061200,140,6,***,34,*****
107,60.255,25.043,17.4,193702061800,140,6,***,34,*****
108,60.255,25.043,17.4,193702070600,340,15,***,****,*****
109,60.255,25.043,17.4,193702071200,340,21,***,23,*****
110,60.255,25.043,17.4,193702071800,320,21,***,14,*****
111,60.255,25.043,17.4,193702080600,050,28,***,18,*****
112,60.255,25.043,17.4,193702081200,340,28,***,19,*****
113,60.255,25.043,17.4,193702081800,320,21,***,14,*****
114,60.255,25.043,17.4,193702090600,340,10,***,9,*****
115,60.255,25.043,17.4,193702091200,340,10,***,21,*****
116,60.255,25.043,17.4,193702091800,320,10,***,14,*****
117,60.255,25.043,17.4,193702100600,020,10,***,3,*****
118,60.255,25.043,17.4,193702101200,110,6,***,18,*****
119,60.255,25.043,17.4,193702101800,090,10,***,14,*****
120,60.255,25.043,17.4,193702110600,110,15,***,19,*****
121,60.255,25.043,17.4,193702111200,090,15,***,21,*****
122,60.255,25.043,17.4,193702111800,110,10,***,21,*****
123,60.255,25.043,17.4,193702120600,070,10,***,16,*****
124,60.255,25.043,17.4,193702121200,090,15,***,18,*****
125,60.255,25.043,17.4,193702121800,090,10,***,14,*****
126,60.255,25.043,17.4,193702130600,020,6,***,5,*****
127,60.255,25.043,17.4,193702131200,020,15,***,18,*****
128,60.255,25.043,17.4,193702131800,050,15,***,12,*****
129,60.255,25.043,17.4,193702140600,340,15,***,7,*****
130,60.255,25.043,17.4,193702141200,020,15,***,18,*****
131,60.255,25.043,17.4,193702141800,020,51,***,16,*****
132,60.255,25.043,17.4,193702150600,360,6,***,16,*****
133,60.255,25.043,17.4,193702151200,180,2,***,18,*****
134,60.255,25.043,17.4,193702151800,110,2,***,19,*****
135,60.255,25.043,17.4,193702160600,020,6,***,19,*****
136,60.255,25.043,17.4,193702161200,050,6,***,23,*****
137,60.255,25.043,17.4,193702161800,110,6,***,18,*****
138,60.255,25.043,17.4,193702170600,160,15,***,23,*****
139,60.255,25.043,17.4,193702171200,090,15,***,25,*****
140,60.255,25.043,17.4,193702171800,140,21,***,28,*****
141,60.255,25.043,17.4,193702180600,200,21,***,36,*****
142,60.255,25.043,17.4,193702181200,250,28,***,30,*****
143,60.255,25.043,17.4,193702181800,250,6,***,28,*****
144,60.255,25.043,17.4,193702190600,200,15,***,27,*****
145,60.255,25.043,17.4,193702191200,180,21,***,27,*****
146,60.255,25.043,17.4,193702191800,110,21,***,28,*****
147,60.255,25.043,17.4,193702200600,140,21,***,30,*****
148,60.255,25.043,17.4,193702201800,110,15,***,30,*****
149,60.255,25.043,17.4,193702210600,070,15,***,25,*****
150,60.255,25.043,17.4,193702211200,230,6,***,30,*****
151,60.255,25.043,17.4,193702211800,200,10,***,30,*****
152,60.255,25.043,17.4,193702220600,180,15,***,30,*****
153,60.255,25.043,17.4,193702221200,110,15,***,32,*****
154,60.255,25.043,17.4,193702221800,110,15,***,30,*****
155,60.255,25.043,17.4,193702230600,110,6,***,30,*****
156,60.255,25.043,17.4,193702231200,090,10,***,30,*****
157,60.255,25.043,17.4,193702231800,070,10,***,28,*****
158,60.255,25.043,17.4,193702240600,020,15,***,25,*****
159,60.255,25.043,17.4,193702241200,020,15,***,27,*****
160,60.255,25.043,17.4,193702241800,360,15,***,25,*****
161,60.255,25.043,17.4,193702250600,020,10,***,23,*****
162,60.255,25.043,17.4,193702251200,360,15,***,18,*****
163,60.255,25.043,17.4,193702251800,340,21,***,14,*****
164,60.255,25.043,17.4,193702260600,340,43,***,9,*****
165,60.255,25.043,17.4,193702261200,020,21,***,16,*****
166,60.255,25.043,17.4,193702261800,320,15,***,10,*****
167,60.255,25.043,17.4,193702270600,200,6,***,12,*****
168,60.255,25.043,17.4,193702271200,230,15,***,23,*****
169,60.255,25.043,17.4,193702271800,140,15,***,21,*****
170,60.255,25.043,17.4,193702280600,140,21,***,19,*****
171,60.255,25.043,17.4,193702281200,110,15,***,25,*****
172,60.255,25.043,17.4,193702281800,110,21,***,27,*****
173,60.255,25.043,17.4,193703010600,110,15,***,27,*****
174,60.255,25.043,17.4,193703011200,110,15,***,28,*****
175,60.255,25.043,17.4,193703011800,110,6,***,25,*****
176,60.255,25.043,17.4,193703020600,140,10,***,25,*****
177,60.255,25.043,17.4,193703021200,110,15,***,28,*****
178,60.255,25.043,17.4,193703021800,110,10,***,23,*****
179,60.255,25.043,17.4,193703030600,140,10,***,21,*****
180,60.255,25.043,17.4,193703031200,090,10,***,28,*****
181,60.255,25.043,17.4,193703031800,140,15,***,****,*****
182,60.255,25.043,17.4,193703040600,070,10,***,18,*****
183,60.255,25.043,17.4,193703041200,110,10,***,27,*****
184,60.255,25.043,17.4,193703041800,090,10,***,21,*****
185,60.255,25.043,17.4,193703050600,070,15,***,14,*****
186,60.255,25.043,17.4,193703051200,070,21,***,23,*****
187,60.255,25.043,17.4,193703051800,090,21,***,25,*****
188,60.255,25.043,17.4,193703060600,090,6,***,21,*****
189,60.255,25.043,17.4,193703061200,110,6,***,25,*****
190,60.255,25.043,17.4,193703061800,070,6,***,23,*****
191,60.255,25.043,17.4,193703070600,070,6,***,23,*****
192,60.255,25.043,17.4,193703071200,070,10,***,25,*****
193,60.255,25.043,17.4,193703071800,090,15,***,25,*****
194,60.255,25.043,17.4,193703080600,050,10,***,23,*****
195,60.255,25.043,17.4,193703081200,020,10,***,27,*****
196,60.255,25.043,17.4,193703081800,250,10,***,25,*****
197,60.255,25.043,17.4,193703090600,250,10,***,19,*****
198,60.255,25.043,17.4,193703091200,230,10,***,27,*****
199,60.255,25.043,17.4,193703091800,230,10,***,21,*****
200,60.255,25.043,17.4,193703100600,230,6,***,18,*****
201,60.255,25.043,17.4,193703101200,290,10,***,25,*****
202,60.255,25.043,17.4,193703101800,020,6,***,19,*****
203,60.255,25.043,17.4,193703110600,090,10,***,12,*****
204,60.255,25.043,17.4,193703111200,050,21,***,16,*****
205,60.255,25.043,17.4,193703111800,070,28,***,14,*****
206,60.255,25.043,17.4,193703120600,290,10,***,12,*****
207,60.255,25.043,17.4,193703121200,270,6,***,16,*****
208,60.255,25.043,17.4,193703121800,320,2,***,16,*****
209,60.255,25.043,17.4,193703130600,090,21,***,21,*****
210,60.255,25.043,17.4,193703131200,140,10,***,32,*****
211,60.255,25.043,17.4,193703131800,140,10,***,36,*****
212,60.255,25.043,17.4,193703140600,200,6,***,32,*****
213,60.255,25.043,17.4,193703141200,110,6,***,34,*****
214,60.255,25.043,17.4,193703141800,230,10,***,34,*****
215,60.255,25.043,17.4,193703151200,110,10,***,36,*****
216,60.255,25.043,17.4,193703151800,090,15,***,34,*****
217,60.255,25.043,17.4,193703160600,160,10,***,36,*****
218,60.255,25.043,17.4,193703161200,140,10,***,36,*****
219,60.255,25.043,17.4,193703161800,140,10,***,36,*****
220,60.255,25.043,17.4,193703170600,140,10,***,34,*****
221,60.255,25.043,17.4,193703171200,140,10,***,34,*****
222,60.255,25.043,17.4,193703171800,200,6,***,34,*****
223,60.255,25.043,17.4,193703180600,200,6,***,32,*****
224,60.255,25.043,17.4,193703181200,140,2,***,34,*****
225,60.255,25.043,17.4,193703181800,140,6,***,32,*****
226,60.255,25.043,17.4,193703190600,140,6,***,32,*****
227,60.255,25.043,17.4,193703191200,110,2,***,36,*****
228,60.255,25.043,17.4,193703191800,110,6,***,32,*****
229,60.255,25.043,17.4,193703200600,***,0,***,28,*****
230,60.255,25.043,17.4,193703201200,140,6,***,32,*****
231,60.255,25.043,17.4,193703201800,140,6,***,30,*****
232,60.255,25.043,17.4,193703210600,110,10,***,32,*****
233,60.255,25.043,17.4,193703211200,070,15,***,34,*****
234,60.255,25.043,17.4,193703211800,020,21,***,34,*****
235,60.255,25.043,17.4,193703220600,090,21,***,34,*****
236,60.255,25.043,17.4,193703221800,110,10,***,34,*****
237,60.255,25.043,17.4,193703230600,160,2,***,34,*****
238,60.255,25.043,17.4,193703231200,230,10,***,34,*****
239,60.255,25.043,17.4,193703231800,230,10,***,32,*****
240,60.255,25.043,17.4,193703240600,250,6,***,32,*****
241,60.255,25.043,17.4,193703241200,230,6,***,36,*****
242,60.255,25.043,17.4,193703241800,270,10,***,34,*****
243,60.255,25.043,17.4,193703250600,320,2,***,23,*****
244,60.255,25.043,17.4,193703251200,290,6,***,30,*****
245,60.255,25.043,17.4,193703251800,070,6,***,30,*****
246,60.255,25.043,17.4,193703260600,050,15,***,32,*****
247,60.255,25.043,17.4,193703261200,050,10,***,32,*****
248,60.255,25.043,17.4,193703261800,360,10,***,32,*****
249,60.255,25.043,17.4,193703270600,320,6,***,32,*****
250,60.255,25.043,17.4,193703271200,140,6,***,34,*****
251,60.255,25.043,17.4,193703271800,140,6,***,32,*****
252,60.255,25.043,17.4,193703280600,090,10,***,32,*****
253,60.255,25.043,17.4,193703281200,140,6,***,34,*****
254,60.255,25.043,17.4,193703281800,090,6,***,34,*****
255,60.255,25.043,17.4,193703290600,340,10,***,32,*****
256,60.255,25.043,17.4,193703291200,230,6,***,37,*****
257,60.255,25.043,17.4,193703291800,250,10,***,32,*****
258,60.255,25.043,17.4,193703300600,320,10,***,32,*****
259,60.255,25.043,17.4,193703301200,320,15,***,34,*****
260,60.255,25.043,17.4,193703301800,320,15,***,30,*****
261,60.255,25.043,17.4,193703310600,270,10,***,****,*****
262,60.255,25.043,17.4,193703311200,270,10,***,39,*****
263,60.255,25.043,17.4,193703311800,250,10,***,34,*****
264,60.255,25.043,17.4,193704010600,250,10,***,32,*****
265,60.255,25.043,17.4,193704011200,230,10,***,37,*****
266,60.255,25.043,17.4,193704011800,270,10,***,34,*****
267,60.255,25.043,17.4,193704020600,***,0,***,34,*****
268,60.255,25.043,17.4,193704021200,160,6,***,37,*****
269,60.255,25.043,17.4,193704021800,140,6,***,34,*****
270,60.255,25.043,17.4,193704030600,090,6,***,****,*****
271,60.255,25.043,17.4,193704031200,110,6,***,39,*****
272,60.255,25.043,17.4,193704031800,110,6,***,34,*****
273,60.255,25.043,17.4,193704040600,***,***,***,****,*****
274,60.255,25.043,17.4,193704041200,140,10,***,41,*****
275,60.255,25.043,17.4,193704041800,090,6,***,37,*****
276,60.255,25.043,17.4,193704050600,090,6,***,36,*****
277,60.255,25.043,17.4,193704051200,140,6,***,41,*****
278,60.255,25.043,17.4,193704051800,160,6,***,37,*****
279,60.255,25.043,17.4,193704060600,110,6,***,39,*****
280,60.255,25.043,17.4,193704061200,090,6,***,43,*****
281,60.255,25.043,17.4,193704070600,140,2,***,37,*****
282,60.255,25.043,17.4,193704071200,140,6,***,43,*****
283,60.255,25.043,17.4,193704071800,140,2,***,37,*****
284,60.255,25.043,17.4,193704080600,140,6,***,36,*****
285,60.255,25.043,17.4,193704081200,140,6,***,41,*****
286,60.255,25.043,17.4,193704081800,160,6,***,39,*****
287,60.255,25.043,17.4,193704090600,140,6,***,39,*****
288,60.255,25.043,17.4,193704091200,180,6,***,46,*****
289,60.255,25.043,17.4,193704091800,140,6,***,41,*****
290,60.255,25.043,17.4,193704100600,160,6,***,41,*****
291,60.255,25.043,17.4,193704101200,140,10,***,46,*****
292,60.255,25.043,17.4,193704101800,140,6,***,41,*****
293,60.255,25.043,17.4,193704111200,140,6,***,43,*****
294,60.255,25.043,17.4,193704111800,110,6,***,39,*****
295,60.255,25.043,17.4,193704120600,110,2,***,37,*****
296,60.255,25.043,17.4,193704121200,110,6,***,48,*****
297,60.255,25.043,17.4,193704121800,070,6,***,41,*****
298,60.255,25.043,17.4,193704130600,140,6,***,39,*****
299,60.255,25.043,17.4,193704131200,110,6,***,46,*****
300,60.255,25.043,17.4,193704131800,090,6,***,41,*****
301,60.255,25.043,17.4,193704140600,090,6,***,41,*****
302,60.255,25.043,17.4,193704141200,110,6,***,46,*****
303,60.255,25.043,17.4,193704141800,140,6,***,39,*****
304,60.255,25.043,17.4,193704150600,340,6,***,41,*****
305,60.255,25.043,17.4,193704151200,090,10,***,46,*****
306,60.255,25.043,17.4,193704151800,110,10,***,43,*****
307,60.255,25.043,17.4,193704160600,140,10,***,39,*****
308,60.255,25.043,17.4,193704161200,110,10,***,43,*****
309,60.255,25.043,17.4,193704161800,070,15,***,39,*****
310,60.255,25.043,17.4,193704170600,110,10,***,45,*****
311,60.255,25.043,17.4,193704171200,110,10,***,46,*****
312,60.255,25.043,17.4,193704171800,110,10,***,45,*****
313,60.255,25.043,17.4,193704180600,140,10,***,39,*****
314,60.255,25.043,17.4,193704181200,090,10,***,43,*****
315,60.255,25.043,17.4,193704181800,070,10,***,45,*****
316,60.255,25.043,17.4,193704190600,***,***,***,41,*****
317,60.255,25.043,17.4,193704191200,110,6,***,43,*****
318,60.255,25.043,17.4,193704191800,090,6,***,41,*****
319,60.255,25.043,17.4,193704200600,140,2,***,43,*****
320,60.255,25.043,17.4,193704201200,200,6,***,45,*****
321,60.255,25.043,17.4,193704201800,***,0,***,43,*****
322,60.255,25.043,17.4,193704210600,090,2,***,39,*****
323,60.255,25.043,17.4,193704211200,090,10,***,50,*****
324,60.255,25.043,17.4,193704211800,090,6,***,46,*****
325,60.255,25.043,17.4,193704220600,070,10,***,45,*****
326,60.255,25.043,17.4,193704221200,090,10,***,46,*****
327,60.255,25.043,17.4,193704221800,090,10,***,48,*****
328,60.255,25.043,17.4,193704230600,070,10,***,45,*****
329,60.255,25.043,17.4,193704231200,140,15,***,48,*****
330,60.255,25.043,17.4,193704231800,140,10,***,46,*****
331,60.255,25.043,17.4,193704240600,200,2,***,39,*****
332,60.255,25.043,17.4,193704241200,230,6,***,46,*****
333,60.255,25.043,17.4,193704241800,090,6,***,45,*****
334,60.255,25.043,17.4,193704250600,050,10,***,48,*****
335,60.255,25.043,17.4,193704251200,140,15,***,48,*****
336,60.255,25.043,17.4,193704251800,110,6,***,45,*****
337,60.255,25.043,17.4,193704260600,290,6,***,50,*****
338,60.255,25.043,17.4,193704261200,230,6,***,48,*****
339,60.255,25.043,17.4,193704261800,230,10,***,52,*****
340,60.255,25.043,17.4,193704270600,290,10,***,46,*****
341,60.255,25.043,17.4,193704271800,250,6,***,43,*****
342,60.255,25.043,17.4,193704280600,050,6,***,****,*****
343,60.255,25.043,17.4,193704281200,320,10,***,43,*****
344,60.255,25.043,17.4,193704281800,090,6,***,39,*****
345,60.255,25.043,17.4,193704290600,070,6,***,48,*****
346,60.255,25.043,17.4,193704291800,230,6,***,46,*****
347,60.255,25.043,17.4,193704300600,320,10,***,52,*****
348,60.255,25.043,17.4,193704301200,090,10,***,59,*****
349,60.255,25.043,17.4,193704301800,360,10,***,****,*****
350,60.255,25.043,17.4,193705010600,340,2,***,59,*****
351,60.255,25.043,17.4,193705011200,230,10,***,54,*****
352,60.255,25.043,17.4,193705011800,090,10,***,50,*****
353,60.255,25.043,17.4,193705020600,320,10,***,48,*****
354,60.255,25.043,17.4,193705021200,340,21,***,59,*****
355,60.255,25.043,17.4,193705021800,340,15,***,52,*****
356,60.255,25.043,17.4,193705030600,320,15,***,57,*****
357,60.255,25.043,17.4,193705031200,320,21,***,68,*****
358,60.255,25.043,17.4,193705031800,340,15,***,63,*****
359,60.255,25.043,17.4,193705040600,270,6,***,59,*****
360,60.255,25.043,17.4,193705041200,340,10,***,54,*****
361,60.255,25.043,17.4,193705050600,090,10,***,50,*****
362,60.255,25.043,17.4,193705051800,110,10,***,50,*****
363,60.255,25.043,17.4,193705060600,140,15,***,46,*****
364,60.255,25.043,17.4,193705061200,110,10,***,52,*****
365,60.255,25.043,17.4,193705061800,110,10,***,50,*****
366,60.255,25.043,17.4,193705070600,200,6,***,****,*****
367,60.255,25.043,17.4,193705071200,020,15,***,57,*****
368,60.255,25.043,17.4,193705071800,020,15,***,50,*****
369,60.255,25.043,17.4,193705080600,020,15,***,50,*****
370,60.255,25.043,17.4,193705081200,020,10,***,46,*****
371,60.255,25.043,17.4,193705081800,020,28,***,48,*****
372,60.255,25.043,17.4,193705090600,110,10,***,50,*****
373,60.255,25.043,17.4,193705091200,160,6,***,50,*****
374,60.255,25.043,17.4,193705091800,270,6,***,****,*****
375,60.255,25.043,17.4,193705100600,110,6,***,52,*****
376,60.255,25.043,17.4,193705101200,140,10,***,52,*****
377,60.255,25.043,17.4,193705101800,140,6,***,50,*****
378,60.255,25.043,17.4,193705110600,160,6,***,52,*****
379,60.255,25.043,17.4,193705111200,140,6,***,59,*****
380,60.255,25.043,17.4,193705120600,090,6,***,50,*****
381,60.255,25.043,17.4,193705121200,090,10,***,48,*****
382,60.255,25.043,17.4,193705121800,090,10,***,50,*****
383,60.255,25.043,17.4,193705130600,140,2,***,50,*****
384,60.255,25.043,17.4,193705131200,360,10,***,55,*****
385,60.255,25.043,17.4,193705140600,140,15,***,50,*****
386,60.255,25.043,17.4,193705141200,160,10,***,52,*****
387,60.255,25.043,17.4,193705141800,090,6,***,54,*****
388,60.255,25.043,17.4,193705151200,020,15,***,64,*****
389,60.255,25.043,17.4,193705151800,***,***,***,59,*****
390,60.255,25.043,17.4,193705160600,180,6,***,57,*****
391,60.255,25.043,17.4,193705161200,110,6,***,59,*****
392,60.255,25.043,17.4,193705170600,140,6,***,59,*****
393,60.255,25.043,17.4,193705171200,140,10,***,63,*****
394,60.255,25.043,17.4,193705171800,110,10,***,57,*****
395,60.255,25.043,17.4,193705180600,110,10,***,52,*****
396,60.255,25.043,17.4,193705181200,160,10,***,57,*****
397,60.255,25.043,17.4,193705181800,140,10,***,73,*****
398,60.255,25.043,17.4,193705190600,090,2,***,59,*****
399,60.255,25.043,17.4,193705191800,110,6,***,61,*****
400,60.255,25.043,17.4,193705200600,070,10,***,61,*****
401,60.255,25.043,17.4,193705201200,090,10,***,64,*****
402,60.255,25.043,17.4,193705201800,110,6,***,61,*****
403,60.255,25.043,17.4,193705210600,200,2,***,57,*****
404,60.255,25.043,17.4,193705211200,140,6,***,64,*****
405,60.255,25.043,17.4,193705211800,140,6,***,50,*****
406,60.255,25.043,17.4,193705220600,110,6,***,48,*****
407,60.255,25.043,17.4,193705221200,200,10,***,72,*****
408,60.255,25.043,17.4,193705221800,020,10,***,73,*****
409,60.255,25.043,17.4,193705230600,160,6,***,63,*****
410,60.255,25.043,17.4,193705231200,250,6,***,61,*****
411,60.255,25.043,17.4,193705231800,290,15,***,61,*****
412,60.255,25.043,17.4,193705240600,320,15,***,55,*****
413,60.255,25.043,17.4,193705241200,290,15,***,66,*****
414,60.255,25.043,17.4,193705241800,290,10,***,54,*****
415,60.255,25.043,17.4,193705250600,110,10,***,48,*****
416,60.255,25.043,17.4,193705251200,110,10,***,54,*****
417,60.255,25.043,17.4,193705251800,110,6,***,52,*****
418,60.255,25.043,17.4,193705260600,140,2,***,57,*****
419,60.255,25.043,17.4,193705261800,140,10,***,57,*****
420,60.255,25.043,17.4,193705270600,320,6,***,61,*****
421,60.255,25.043,17.4,193705271800,***,6,***,64,*****
422,60.255,25.043,17.4,193705280600,230,15,***,52,*****
423,60.255,25.043,17.4,193705281200,230,15,***,54,*****
424,60.255,25.043,17.4,193705281800,320,21,***,52,*****
425,60.255,25.043,17.4,193705290600,050,21,***,45,*****
426,60.255,25.043,17.4,193705291200,360,21,***,54,*****
427,60.255,25.043,17.4,193705291800,020,10,***,54,*****
428,60.255,25.043,17.4,193705300600,180,6,***,55,*****
429,60.255,25.043,17.4,193705301200,200,10,***,54,*****
430,60.255,25.043,17.4,193705301800,200,10,***,54,*****
431,60.255,25.043,17.4,193705310600,180,10,***,50,*****
432,60.255,25.043,17.4,193705311200,***,10,***,59,*****
433,60.255,25.043,17.4,193705311800,200,10,***,54,*****
434,60.255,25.043,17.4,193706010600,230,10,***,54,*****
435,60.255,25.043,17.4,193706011200,230,15,***,54,*****
436,60.255,25.043,17.4,193706011800,110,10,***,50,*****
437,60.255,25.043,17.4,193706020600,200,10,***,52,*****
438,60.255,25.043,17.4,193706021800,270,10,***,52,*****
439,60.255,25.043,17.4,193706030600,230,6,***,54,*****
440,60.255,25.043,17.4,193706031200,290,6,***,55,*****
441,60.255,25.043,17.4,193706031800,270,6,***,52,*****
442,60.255,25.043,17.4,193706040600,***,***,***,48,*****
443,60.255,25.043,17.4,193706041200,200,6,***,50,*****
444,60.255,25.043,17.4,193706041800,020,6,***,50,*****
445,60.255,25.043,17.4,193706050600,360,10,***,48,*****
446,60.255,25.043,17.4,193706051200,050,10,***,50,*****
447,60.255,25.043,17.4,193706051800,270,10,***,52,*****
448,60.255,25.043,17.4,193706060600,140,6,***,57,*****
449,60.255,25.043,17.4,193706061200,230,10,***,59,*****
450,60.255,25.043,17.4,193706061800,270,10,***,57,*****
451,60.255,25.043,17.4,193706070600,200,15,***,54,*****
452,60.255,25.043,17.4,193706080600,230,6,***,66,*****
453,60.255,25.043,17.4,193706081800,270,10,***,52,*****
454,60.255,25.043,17.4,193706090600,140,10,***,66,*****
455,60.255,25.043,17.4,193706091200,200,6,***,****,*****
456,60.255,25.043,17.4,193706091800,230,6,***,70,*****
457,60.255,25.043,17.4,193706100600,180,6,***,64,*****
458,60.255,25.043,17.4,193706101200,180,10,***,72,*****
459,60.255,25.043,17.4,193706101800,200,6,***,70,*****
460,60.255,25.043,17.4,193706110600,230,10,***,72,*****
461,60.255,25.043,17.4,193706120600,270,6,***,68,*****
462,60.255,25.043,17.4,193706121200,360,15,***,****,*****
463,60.255,25.043,17.4,193706130600,050,15,***,59,*****
464,60.255,25.043,17.4,193706131200,020,15,***,64,*****
465,60.255,25.043,17.4,193706131800,360,10,***,63,*****
466,60.255,25.043,17.4,193706140600,270,6,***,64,*****
467,60.255,25.043,17.4,193706150600,200,2,***,66,*****
468,60.255,25.043,17.4,193706151200,140,10,***,73,*****
469,60.255,25.043,17.4,193706151800,140,2,***,64,*****
470,60.255,25.043,17.4,193706160600,140,6,***,70,*****
471,60.255,25.043,17.4,193706161200,140,6,***,72,*****
472,60.255,25.043,17.4,193706161800,160,10,***,64,*****
473,60.255,25.043,17.4,193706170600,110,6,***,64,*****
474,60.255,25.043,17.4,193706171200,110,10,***,72,*****
475,60.255,25.043,17.4,193706171800,090,10,***,66,*****
476,60.255,25.043,17.4,193706180600,160,10,***,70,*****
477,60.255,25.043,17.4,193706181800,160,10,***,70,*****
478,60.255,25.043,17.4,193706190600,110,6,***,72,*****
479,60.255,25.043,17.4,193706191200,140,6,***,77,*****
480,60.255,25.043,17.4,193706191800,090,2,***,73,*****
481,60.255,25.043,17.4,193706200600,110,6,***,****,*****
482,60.255,25.043,17.4,193706201200,110,15,***,70,*****
483,60.255,25.043,17.4,193706201800,090,15,***,68,*****
484,60.255,25.043,17.4,193706210600,090,10,***,68,*****
485,60.255,25.043,17.4,193706211200,230,15,***,70,*****
486,60.255,25.043,17.4,193706211800,090,15,***,****,*****
487,60.255,25.043,17.4,193706220600,110,10,***,70,*****
488,60.255,25.043,17.4,193706221800,250,6,***,64,*****
489,60.255,25.043,17.4,193706230600,360,6,***,68,*****
490,60.255,25.043,17.4,193706231200,200,10,***,70,*****
491,60.255,25.043,17.4,193706231800,160,6,***,66,*****
492,60.255,25.043,17.4,193706240600,140,10,***,66,*****
493,60.255,25.043,17.4,193706241200,140,10,***,64,*****
494,60.255,25.043,17.4,193706241800,160,6,***,64,*****
495,60.255,25.043,17.4,193706250600,140,6,***,68,*****
496,60.255,25.043,17.4,193706251200,180,6,***,66,*****
497,60.255,25.043,17.4,193706251800,270,6,***,****,*****
498,60.255,25.043,17.4,193706260600,200,10,***,63,*****
499,60.255,25.043,17.4,193706261200,230,10,***,66,*****
500,60.255,25.043,17.4,193706261800,230,6,***,63,*****
501,60.255,25.043,17.4,193706270600,250,10,***,64,*****
502,60.255,25.043,17.4,193706271200,230,10,***,72,*****
503,60.255,25.043,17.4,193706271800,200,10,***,64,*****
504,60.255,25.043,17.4,193706280600,230,10,***,66,*****
505,60.255,25.043,17.4,193706281200,180,15,***,64,*****
506,60.255,25.043,17.4,193706281800,250,10,***,****,*****
507,60.255,25.043,17.4,193706290600,180,6,***,66,*****
508,60.255,25.043,17.4,193706291800,090,6,***,59,*****
509,60.255,25.043,17.4,193706300600,140,10,***,73,*****
510,60.255,25.043,17.4,193706301200,320,10,***,72,*****
511,60.255,25.043,17.4,193706301800,160,10,***,66,*****
512,60.255,25.043,17.4,193707010600,230,6,***,64,*****
513,60.255,25.043,17.4,193707011200,180,6,***,59,*****
514,60.255,25.043,17.4,193707011800,250,10,***,57,*****
515,60.255,25.043,17.4,193707020600,230,10,***,63,*****
516,60.255,25.043,17.4,193707021200,180,6,***,63,*****
517,60.255,25.043,17.4,193707030600,360,10,***,66,*****
518,60.255,25.043,17.4,193707031200,340,10,***,72,*****
519,60.255,25.043,17.4,193707031800,360,10,***,70,*****
520,60.255,25.043,17.4,193707040600,020,15,***,64,*****
521,60.255,25.043,17.4,193707041200,020,10,***,77,*****
522,60.255,25.043,17.4,193707041800,050,2,***,73,*****
523,60.255,25.043,17.4,193707050600,050,15,***,72,*****
524,60.255,25.043,17.4,193707051200,110,10,***,68,*****
525,60.255,25.043,17.4,193707051800,140,6,***,66,*****
526,60.255,25.043,17.4,193707060600,050,2,***,72,*****
527,60.255,25.043,17.4,193707061200,180,6,***,70,*****
528,60.255,25.043,17.4,193707061800,200,6,***,68,*****
529,60.255,25.043,17.4,193707070600,050,6,***,70,*****
530,60.255,25.043,17.4,193707071200,070,15,***,63,*****
531,60.255,25.043,17.4,193707080600,340,10,***,66,*****
532,60.255,25.043,17.4,193707081200,050,10,***,61,*****
533,60.255,25.043,17.4,193707081800,320,2,***,64,*****
534,60.255,25.043,17.4,193707090600,050,6,***,70,*****
535,60.255,25.043,17.4,193707091200,270,10,***,72,*****
536,60.255,25.043,17.4,193707091800,320,2,***,66,*****
537,60.255,25.043,17.4,193707100600,050,2,***,64,*****
538,60.255,25.043,17.4,193707101200,020,15,***,70,*****
539,60.255,25.043,17.4,193707101800,020,6,***,64,*****
540,60.255,25.043,17.4,193707110600,050,10,***,64,*****
541,60.255,25.043,17.4,193707111200,070,6,***,68,*****
542,60.255,25.043,17.4,193707120600,090,6,***,63,*****
543,60.255,25.043,17.4,193707121200,110,10,***,64,*****
544,60.255,25.043,17.4,193707121800,140,6,***,61,*****
545,60.255,25.043,17.4,193707130600,050,6,***,61,*****
546,60.255,25.043,17.4,193707131200,140,10,***,66,*****
547,60.255,25.043,17.4,193707131800,110,6,***,63,*****
548,60.255,25.043,17.4,193707140600,050,10,***,66,*****
549,60.255,25.043,17.4,193707141200,140,6,***,72,*****
550,60.255,25.043,17.4,193707141800,140,10,***,64,*****
551,60.255,25.043,17.4,193707150600,050,2,***,64,*****
552,60.255,25.043,17.4,193707151200,180,6,***,****,*****
553,60.255,25.043,17.4,193707151800,070,6,***,63,*****
554,60.255,25.043,17.4,193707160600,050,10,***,64,*****
555,60.255,25.043,17.4,193707161200,020,6,***,70,*****
556,60.255,25.043,17.4,193707161800,***,6,***,64,*****
557,60.255,25.043,17.4,193707170600,***,***,***,61,*****
558,60.255,25.043,17.4,193707171200,140,6,***,64,*****
559,60.255,25.043,17.4,193707171800,050,2,***,61,*****
560,60.255,25.043,17.4,193707180600,360,2,***,64,*****
561,60.255,25.043,17.4,193707181200,180,2,***,75,*****
562,60.255,25.043,17.4,193707181800,360,2,***,66,*****
563,60.255,25.043,17.4,193707190600,050,6,***,68,*****
564,60.255,25.043,17.4,193707191200,050,6,***,77,*****
565,60.255,25.043,17.4,193707200600,090,6,***,75,*****
566,60.255,25.043,17.4,193707201200,140,6,***,77,*****
567,60.255,25.043,17.4,193707201800,***,***,***,72,*****
568,60.255,25.043,17.4,193707210600,110,6,***,75,*****
569,60.255,25.043,17.4,193707211200,160,6,***,81,*****
570,60.255,25.043,17.4,193707211800,110,6,***,72,*****
571,60.255,25.043,17.4,193707220600,140,6,***,72,*****
572,60.255,25.043,17.4,193707221800,140,6,***,73,*****
573,60.255,25.043,17.4,193707230600,290,10,***,63,*****
574,60.255,25.043,17.4,193707231200,140,10,***,70,*****
575,60.255,25.043,17.4,193707231800,140,6,***,70,*****
576,60.255,25.043,17.4,193707240600,090,6,***,68,*****
577,60.255,25.043,17.4,193707241800,340,6,***,86,*****
578,60.255,25.043,17.4,193707250600,***,0,***,66,*****
579,60.255,25.043,17.4,193707251200,***,***,***,72,*****
580,60.255,25.043,17.4,193707251800,140,6,***,****,*****
581,60.255,25.043,17.4,193707260600,200,10,***,68,*****
582,60.255,25.043,17.4,193707261200,200,10,***,72,*****
583,60.255,25.043,17.4,193707261800,200,6,***,68,*****
584,60.255,25.043,17.4,193707270600,160,10,***,68,*****
585,60.255,25.043,17.4,193707271200,050,10,***,70,*****
586,60.255,25.043,17.4,193707271800,110,6,***,66,*****
587,60.255,25.043,17.4,193707280600,050,6,***,63,*****
588,60.255,25.043,17.4,193707281200,070,51,***,70,*****
589,60.255,25.043,17.4,193707281800,020,2,***,68,*****
590,60.255,25.043,17.4,193707290600,050,6,***,64,*****
591,60.255,25.043,17.4,193707291200,050,10,***,70,*****
592,60.255,25.043,17.4,193707291800,050,2,***,68,*****
593,60.255,25.043,17.4,193707300600,050,10,***,68,*****
594,60.255,25.043,17.4,193707301200,050,21,***,59,*****
595,60.255,25.043,17.4,193707301800,070,15,***,63,*****
596,60.255,25.043,17.4,193707310600,050,10,***,55,*****
597,60.255,25.043,17.4,193707311200,050,43,***,59,*****
598,60.255,25.043,17.4,193707311800,***,10,***,63,*****
599,60.255,25.043,17.4,193708010600,050,10,***,64,*****
600,60.255,25.043,17.4,193708011200,050,10,***,66,*****
601,60.255,25.043,17.4,193708011800,050,10,***,64,*****
602,60.255,25.043,17.4,193708020600,050,10,***,66,*****
603,60.255,25.043,17.4,193708021200,070,6,***,72,*****
604,60.255,25.043,17.4,193708021800,070,10,***,66,*****
605,60.255,25.043,17.4,193708030600,090,10,***,66,*****
606,60.255,25.043,17.4,193708031200,***,***,***,70,*****
607,60.255,25.043,17.4,193708031800,090,10,***,68,*****
608,60.255,25.043,17.4,193708040600,090,10,***,68,*****
609,60.255,25.043,17.4,193708041200,140,15,***,70,*****
610,60.255,25.043,17.4,193708041800,110,10,***,64,*****
611,60.255,25.043,17.4,193708050600,140,6,***,63,*****
612,60.255,25.043,17.4,193708051200,140,6,***,66,*****
613,60.255,25.043,17.4,193708051800,090,6,***,66,*****
614,60.255,25.043,17.4,193708060600,090,6,***,68,*****
615,60.255,25.043,17.4,193708061200,140,6,***,72,*****
616,60.255,25.043,17.4,193708061800,140,6,***,68,*****
617,60.255,25.043,17.4,193708070600,***,0,***,66,*****
618,60.255,25.043,17.4,193708071200,140,6,***,66,*****
619,60.255,25.043,17.4,193708071800,140,6,***,66,*****
620,60.255,25.043,17.4,193708080600,050,6,***,68,*****
621,60.255,25.043,17.4,193708081200,140,6,***,70,*****
622,60.255,25.043,17.4,193708081800,200,6,***,70,*****
623,60.255,25.043,17.4,193708090600,320,2,***,73,*****
624,60.255,25.043,17.4,193708091200,160,10,***,73,*****
625,60.255,25.043,17.4,193708091800,230,6,***,68,*****
626,60.255,25.043,17.4,193708100600,270,6,***,68,*****
627,60.255,25.043,17.4,193708101200,290,15,***,72,*****
628,60.255,25.043,17.4,193708101800,230,6,***,70,*****
629,60.255,25.043,17.4,193708110600,070,6,***,68,*****
630,60.255,25.043,17.4,193708111200,140,6,***,72,*****
631,60.255,25.043,17.4,193708120600,070,6,***,66,*****
632,60.255,25.043,17.4,193708121200,050,6,***,64,*****
633,60.255,25.043,17.4,193708121800,020,10,***,63,*****
634,60.255,25.043,17.4,193708130600,090,10,***,64,*****
635,60.255,25.043,17.4,193708131200,050,6,***,64,*****
636,60.255,25.043,17.4,193708131800,020,6,***,63,*****
637,60.255,25.043,17.4,193708140600,050,6,***,64,*****
638,60.255,25.043,17.4,193708150600,050,6,***,61,*****
639,60.255,25.043,17.4,193708151800,140,10,***,64,*****
640,60.255,25.043,17.4,193708160600,140,10,***,82,*****
641,60.255,25.043,17.4,193708161200,110,10,***,68,*****
642,60.255,25.043,17.4,193708161800,090,10,***,66,*****
643,60.255,25.043,17.4,193708170600,090,6,***,66,*****
644,60.255,25.043,17.4,193708171200,140,10,***,72,*****
645,60.255,25.043,17.4,193708171800,090,6,***,73,*****
646,60.255,25.043,17.4,193708180600,180,10,***,66,*****
647,60.255,25.043,17.4,193708181200,090,6,***,72,*****
648,60.255,25.043,17.4,193708181800,110,6,***,68,*****
649,60.255,25.043,17.4,193708190600,140,6,***,70,*****
650,60.255,25.043,17.4,193708191200,140,10,***,73,*****
651,60.255,25.043,17.4,193708191800,110,6,***,68,*****
652,60.255,25.043,17.4,193708200600,090,6,***,70,*****
653,60.255,25.043,17.4,193708201200,140,10,***,70,*****
654,60.255,25.043,17.4,193708210600,050,6,***,70,*****
655,60.255,25.043,17.4,193708211200,140,6,***,75,*****
656,60.255,25.043,17.4,193708211800,***,0,***,68,*****
657,60.255,25.043,17.4,193708220600,050,6,***,72,*****
658,60.255,25.043,17.4,193708221200,140,10,***,82,*****
659,60.255,25.043,17.4,193708230600,050,6,***,72,*****
660,60.255,25.043,17.4,193708231200,160,6,***,59,*****
661,60.255,25.043,17.4,193708231800,160,2,***,70,*****
662,60.255,25.043,17.4,193708240600,090,2,***,72,*****
663,60.255,25.043,17.4,193708241200,160,6,***,73,*****
664,60.255,25.043,17.4,193708241800,230,2,***,68,*****
665,60.255,25.043,17.4,193708250600,***,0,***,72,*****
666,60.255,25.043,17.4,193708251800,140,2,***,50,*****
667,60.255,25.043,17.4,193708260600,090,6,***,70,*****
668,60.255,25.043,17.4,193708261200,140,6,***,72,*****
669,60.255,25.043,17.4,193708261800,250,2,***,66,*****
670,60.255,25.043,17.4,193708270600,140,6,***,63,*****
671,60.255,25.043,17.4,193708271200,140,***,***,****,*****
672,60.255,25.043,17.4,193708271800,140,15,***,63,*****
673,60.255,25.043,17.4,193708280600,140,10,***,63,*****
674,60.255,25.043,17.4,193708281200,110,15,***,64,*****
675,60.255,25.043,17.4,193708281800,140,15,***,63,*****
676,60.255,25.043,17.4,193708290600,160,10,***,64,*****
677,60.255,25.043,17.4,193708291200,140,10,***,66,*****
678,60.255,25.043,17.4,193708291800,160,6,***,64,*****
679,60.255,25.043,17.4,193708300600,200,6,***,63,*****
680,60.255,25.043,17.4,193708301200,200,6,***,68,*****
681,60.255,25.043,17.4,193708301800,230,6,***,54,*****
682,60.255,25.043,17.4,193708310600,230,6,***,64,*****
683,60.255,25.043,17.4,193708311200,360,10,***,64,*****
684,60.255,25.043,17.4,193708311800,340,6,***,59,*****
685,60.255,25.043,17.4,193709010600,020,6,***,57,*****
686,60.255,25.043,17.4,193709011200,270,10,***,64,*****
687,60.255,25.043,17.4,193709011800,250,6,***,59,*****
688,60.255,25.043,17.4,193709020600,200,10,***,61,*****
689,60.255,25.043,17.4,193709021200,140,10,***,61,*****
690,60.255,25.043,17.4,193709021800,180,10,***,59,*****
691,60.255,25.043,17.4,193709030600,270,10,***,63,*****
692,60.255,25.043,17.4,193709031200,250,10,***,63,*****
693,60.255,25.043,17.4,193709031800,320,10,***,59,*****
694,60.255,25.043,17.4,193709040600,270,6,***,63,*****
695,60.255,25.043,17.4,193709041200,180,6,***,64,*****
696,60.255,25.043,17.4,193709041800,230,10,***,61,*****
697,60.255,25.043,17.4,193709050600,160,2,***,61,*****
698,60.255,25.043,17.4,193709051200,200,6,***,63,*****
699,60.255,25.043,17.4,193709051800,140,6,***,59,*****
700,60.255,25.043,17.4,193709060600,180,10,***,61,*****
701,60.255,25.043,17.4,193709061200,180,10,***,59,*****
702,60.255,25.043,17.4,193709061800,230,10,***,61,*****
703,60.255,25.043,17.4,193709070600,200,10,***,61,*****
704,60.255,25.043,17.4,193709071200,180,15,***,63,*****
705,60.255,25.043,17.4,193709071800,250,21,***,61,*****
706,60.255,25.043,17.4,193709080600,200,10,***,63,*****
707,60.255,25.043,17.4,193709081200,200,10,***,57,*****
708,60.255,25.043,17.4,193709081800,230,15,***,57,*****
709,60.255,25.043,17.4,193709090600,250,15,***,57,*****
710,60.255,25.043,17.4,193709091200,***,28,***,55,*****
711,60.255,25.043,17.4,193709091800,270,10,***,52,*****
712,60.255,25.043,17.4,193709100600,230,6,***,57,*****
713,60.255,25.043,17.4,193709101200,270,10,***,55,*****
714,60.255,25.043,17.4,193709101800,200,10,***,55,*****
715,60.255,25.043,17.4,193709110600,320,6,***,54,*****
716,60.255,25.043,17.4,193709111200,360,10,***,59,*****
717,60.255,25.043,17.4,193709111800,230,6,***,52,*****
718,60.255,25.043,17.4,193709120600,050,6,***,50,*****
719,60.255,25.043,17.4,193709121200,140,2,***,55,*****
720,60.255,25.043,17.4,193709121800,050,6,***,52,*****
721,60.255,25.043,17.4,193709130600,070,28,***,50,*****
722,60.255,25.043,17.4,193709131200,090,21,***,52,*****
723,60.255,25.043,17.4,193709131800,090,34,***,52,*****
724,60.255,25.043,17.4,193709140600,140,21,***,55,*****
725,60.255,25.043,17.4,193709141200,200,21,***,55,*****
726,60.255,25.043,17.4,193709141800,200,15,***,54,*****
727,60.255,25.043,17.4,193709150600,200,15,***,73,*****
728,60.255,25.043,17.4,193709151800,140,15,***,57,*****
729,60.255,25.043,17.4,193709160600,250,15,***,52,*****
730,60.255,25.043,17.4,193709161200,250,10,***,55,*****
731,60.255,25.043,17.4,193709161800,230,10,***,54,*****
732,60.255,25.043,17.4,193709170600,160,6,***,54,*****
733,60.255,25.043,17.4,193709171200,160,10,***,55,*****
734,60.255,25.043,17.4,193709171800,140,6,***,55,*****
735,60.255,25.043,17.4,193709180600,110,6,***,57,*****
736,60.255,25.043,17.4,193709181200,110,10,***,61,*****
737,60.255,25.043,17.4,193709181800,160,10,***,59,*****
738,60.255,25.043,17.4,193709190600,180,10,***,57,*****
739,60.255,25.043,17.4,193709191200,230,10,***,61,*****
740,60.255,25.043,17.4,193709191800,160,10,***,57,*****
741,60.255,25.043,17.4,193709200600,090,6,***,55,*****
742,60.255,25.043,17.4,193709201200,110,10,***,55,*****
743,60.255,25.043,17.4,193709201800,110,6,***,59,*****
744,60.255,25.043,17.4,193709210600,110,6,***,59,*****
745,60.255,25.043,17.4,193709211200,230,6,***,55,*****
746,60.255,25.043,17.4,193709211800,160,10,***,55,*****
747,60.255,25.043,17.4,193709220600,250,15,***,52,*****
748,60.255,25.043,17.4,193709221200,230,10,***,54,*****
749,60.255,25.043,17.4,193709221800,250,10,***,52,*****
750,60.255,25.043,17.4,193709230600,200,15,***,55,*****
751,60.255,25.043,17.4,193709231200,290,10,***,57,*****
752,60.255,25.043,17.4,193709231800,290,10,***,52,*****
753,60.255,25.043,17.4,193709240600,230,6,***,50,*****
754,60.255,25.043,17.4,193709241800,180,10,***,54,*****
755,60.255,25.043,17.4,193709250600,020,10,***,54,*****
756,60.255,25.043,17.4,193709251200,230,10,***,54,*****
757,60.255,25.043,17.4,193709251800,230,10,***,54,*****
758,60.255,25.043,17.4,193709260600,250,10,***,50,*****
759,60.255,25.043,17.4,193709261200,270,6,***,55,*****
760,60.255,25.043,17.4,193709261800,320,6,***,52,*****
761,60.255,25.043,17.4,193709271200,200,6,***,55,*****
762,60.255,25.043,17.4,193709271800,230,2,***,50,*****
763,60.255,25.043,17.4,193709280600,180,10,***,52,*****
764,60.255,25.043,17.4,193709281200,140,10,***,57,*****
765,60.255,25.043,17.4,193709290600,110,15,***,52,*****
766,60.255,25.043,17.4,193709291200,320,15,***,55,*****
767,60.255,25.043,17.4,193709291800,320,10,***,48,*****
768,60.255,25.043,17.4,193709300600,340,6,***,46,*****
769,60.255,25.043,17.4,193709301200,360,6,***,55,*****
770,60.255,25.043,17.4,193709301800,200,2,***,46,*****
771,60.255,25.043,17.4,193710010600,050,6,***,46,*****
772,60.255,25.043,17.4,193710011200,160,10,***,50,*****
773,60.255,25.043,17.4,193710011800,140,2,***,46,*****
774,60.255,25.043,17.4,193710020600,050,6,***,37,*****
775,60.255,25.043,17.4,193710021200,360,10,***,55,*****
776,60.255,25.043,17.4,193710021800,020,10,***,48,*****
777,60.255,25.043,17.4,193710030600,050,6,***,46,*****
778,60.255,25.043,17.4,193710031200,050,10,***,52,*****
779,60.255,25.043,17.4,193710031800,050,10,***,50,*****
780,60.255,25.043,17.4,193710040600,050,10,***,50,*****
781,60.255,25.043,17.4,193710041200,020,10,***,50,*****
782,60.255,25.043,17.4,193710041800,050,10,***,46,*****
783,60.255,25.043,17.4,193710050600,050,10,***,41,*****
784,60.255,25.043,17.4,193710051200,020,6,***,52,*****
785,60.255,25.043,17.4,193710051800,020,10,***,43,*****
786,60.255,25.043,17.4,193710060600,360,6,***,43,*****
787,60.255,25.043,17.4,193710061200,140,6,***,50,*****
788,60.255,25.043,17.4,193710061800,230,6,***,46,*****
789,60.255,25.043,17.4,193710070600,***,0,***,41,*****
790,60.255,25.043,17.4,193710071200,140,6,***,50,*****
791,60.255,25.043,17.4,193710071800,140,6,***,46,*****
792,60.255,25.043,17.4,193710080600,050,6,***,43,*****
793,60.255,25.043,17.4,193710081200,090,6,***,46,*****
794,60.255,25.043,17.4,193710081800,360,10,***,39,*****
795,60.255,25.043,17.4,193710090600,250,6,***,37,*****
796,60.255,25.043,17.4,193710091200,230,6,***,46,*****
797,60.255,25.043,17.4,193710091800,270,6,***,45,*****
798,60.255,25.043,17.4,193710100600,340,6,***,45,*****
799,60.255,25.043,17.4,193710101200,340,10,***,46,*****
800,60.255,25.043,17.4,193710101800,050,10,***,43,*****
801,60.255,25.043,17.4,193710110600,360,10,***,36,*****
802,60.255,25.043,17.4,193710111200,360,10,***,39,*****
803,60.255,25.043,17.4,193710111800,360,6,***,37,*****
804,60.255,25.043,17.4,193710120600,340,6,***,36,*****
805,60.255,25.043,17.4,193710121200,360,10,***,41,*****
806,60.255,25.043,17.4,193710121800,360,10,***,36,*****
807,60.255,25.043,17.4,193710130600,320,10,***,34,*****
808,60.255,25.043,17.4,193710131200,340,15,***,45,*****
809,60.255,25.043,17.4,193710131800,360,10,***,36,*****
810,60.255,25.043,17.4,193710140600,360,6,***,30,*****
811,60.255,25.043,17.4,193710141200,***,6,***,39,*****
812,60.255,25.043,17.4,193710141800,050,2,***,34,*****
813,60.255,25.043,17.4,193710150600,180,10,***,39,*****
814,60.255,25.043,17.4,193710151200,200,10,***,45,*****
815,60.255,25.043,17.4,193710151800,180,10,***,43,*****
816,60.255,25.043,17.4,193710160600,180,21,***,48,*****
817,60.255,25.043,17.4,193710161800,250,10,***,48,*****
818,60.255,25.043,17.4,193710170600,360,21,***,46,*****
819,60.255,25.043,17.4,193710171200,340,15,***,48,*****
820,60.255,25.043,17.4,193710171800,290,15,***,43,*****
821,60.255,25.043,17.4,193710180600,290,15,***,50,*****
822,60.255,25.043,17.4,193710181200,290,15,***,55,*****
823,60.255,25.043,17.4,193710181800,340,15,***,52,*****
824,60.255,25.043,17.4,193710190600,340,15,***,37,*****
825,60.255,25.043,17.4,193710191200,320,10,***,50,*****
826,60.255,25.043,17.4,193710191800,290,6,***,43,*****
827,60.255,25.043,17.4,193710200600,180,10,***,45,*****
828,60.255,25.043,17.4,193710201200,250,10,***,50,*****
829,60.255,25.043,17.4,193710201800,250,10,***,50,*****
830,60.255,25.043,17.4,193710210600,270,28,***,50,*****
831,60.255,25.043,17.4,193710211200,270,10,***,50,*****
832,60.255,25.043,17.4,193710211800,230,10,***,50,*****
833,60.255,25.043,17.4,193710220600,250,10,***,50,*****
834,60.255,25.043,17.4,193710221200,180,10,***,50,*****
835,60.255,25.043,17.4,193710221800,230,6,***,48,*****
836,60.255,25.043,17.4,193710230600,160,6,***,45,*****
837,60.255,25.043,17.4,193710231200,140,10,***,50,*****
838,60.255,25.043,17.4,193710231800,140,10,***,48,*****
839,60.255,25.043,17.4,193710240600,140,15,***,43,*****
840,60.255,25.043,17.4,193710241200,160,15,***,46,*****
841,60.255,25.043,17.4,193710241800,140,15,***,46,*****
842,60.255,25.043,17.4,193710250600,180,10,***,46,*****
843,60.255,25.043,17.4,193710251200,140,10,***,48,*****
844,60.255,25.043,17.4,193710251800,140,10,***,48,*****
845,60.255,25.043,17.4,193710260600,160,10,***,48,*****
846,60.255,25.043,17.4,193710261200,140,10,***,52,*****
847,60.255,25.043,17.4,193710261800,140,10,***,52,*****
848,60.255,25.043,17.4,193710270600,180,6,***,50,*****
849,60.255,25.043,17.4,193710271200,140,6,***,50,*****
850,60.255,25.043,17.4,193710271800,140,2,***,45,*****
851,60.255,25.043,17.4,193710280600,200,10,***,48,*****
852,60.255,25.043,17.4,193710281200,160,6,***,50,*****
853,60.255,25.043,17.4,193710281800,180,10,***,50,*****
854,60.255,25.043,17.4,193710290600,160,10,***,50,*****
855,60.255,25.043,17.4,193710291200,230,10,***,50,*****
856,60.255,25.043,17.4,193710291800,230,6,***,50,*****
857,60.255,25.043,17.4,193710300600,200,6,***,****,*****
858,60.255,25.043,17.4,193710301200,230,6,***,48,*****
859,60.255,25.043,17.4,193710301800,160,6,***,48,*****
860,60.255,25.043,17.4,193710310600,230,6,***,46,*****
861,60.255,25.043,17.4,193710311200,200,6,***,46,*****
862,60.255,25.043,17.4,193710311800,200,10,***,46,*****
863,60.255,25.043,17.4,193711010600,250,10,***,46,*****
864,60.255,25.043,17.4,193711011200,250,6,***,46,*****
865,60.255,25.043,17.4,193711011800,250,6,***,45,*****
866,60.255,25.043,17.4,193711020600,160,6,***,41,*****
867,60.255,25.043,17.4,193711021200,230,6,***,41,*****
868,60.255,25.043,17.4,193711021800,250,6,***,43,*****
869,60.255,25.043,17.4,193711031200,270,15,***,48,*****
870,60.255,25.043,17.4,193711031800,290,10,***,46,*****
871,60.255,25.043,17.4,193711040600,050,15,***,37,*****
872,60.255,25.043,17.4,193711041200,160,6,***,37,*****
873,60.255,25.043,17.4,193711041800,200,6,***,43,*****
874,60.255,25.043,17.4,193711050600,270,10,***,48,*****
875,60.255,25.043,17.4,193711051200,320,15,***,48,*****
876,60.255,25.043,17.4,193711051800,250,15,***,48,*****
877,60.255,25.043,17.4,193711060600,270,21,***,46,*****
878,60.255,25.043,17.4,193711061200,270,15,***,46,*****
879,60.255,25.043,17.4,193711061800,270,15,***,48,*****
880,60.255,25.043,17.4,193711070600,270,21,***,43,*****
881,60.255,25.043,17.4,193711071200,270,10,***,46,*****
882,60.255,25.043,17.4,193711071800,270,10,***,45,*****
883,60.255,25.043,17.4,193711081200,230,6,***,46,*****
884,60.255,25.043,17.4,193711081800,250,6,***,46,*****
885,60.255,25.043,17.4,193711090600,160,6,***,45,*****
886,60.255,25.043,17.4,193711091200,110,6,***,45,*****
887,60.255,25.043,17.4,193711091800,270,6,***,43,*****
888,60.255,25.043,17.4,193711100600,070,6,***,39,*****
889,60.255,25.043,17.4,193711101200,050,10,***,43,*****
890,60.255,25.043,17.4,193711101800,070,10,***,37,*****
891,60.255,25.043,17.4,193711110600,050,10,***,37,*****
892,60.255,25.043,17.4,193711111200,070,6,***,39,*****
893,60.255,25.043,17.4,193711111800,090,6,***,43,*****
894,60.255,25.043,17.4,193711120600,160,15,***,45,*****
895,60.255,25.043,17.4,193711121200,270,6,***,41,*****
896,60.255,25.043,17.4,193711121800,250,10,***,43,*****
897,60.255,25.043,17.4,193711131200,200,10,***,43,*****
898,60.255,25.043,17.4,193711131800,230,6,***,39,*****
899,60.255,25.043,17.4,193711140600,320,10,***,34,*****
900,60.255,25.043,17.4,193711141200,270,10,***,32,*****
901,60.255,25.043,17.4,193711141800,140,6,***,34,*****
902,60.255,25.043,17.4,193711150600,230,2,***,34,*****
903,60.255,25.043,17.4,193711151200,180,10,***,37,*****
904,60.255,25.043,17.4,193711151800,160,15,***,37,*****
905,60.255,25.043,17.4,193711160600,140,15,***,37,*****
906,60.255,25.043,17.4,193711161200,140,10,***,39,*****
907,60.255,25.043,17.4,193711161800,140,10,***,37,*****
908,60.255,25.043,17.4,193711170600,050,21,***,30,*****
909,60.255,25.043,17.4,193711171200,050,15,***,34,*****
910,60.255,25.043,17.4,193711171800,140,10,***,36,*****
911,60.255,25.043,17.4,193711180600,160,15,***,34,*****
912,60.255,25.043,17.4,193711181200,160,10,***,34,*****
913,60.255,25.043,17.4,193711181800,160,15,***,34,*****
914,60.255,25.043,17.4,193711190600,090,15,***,34,*****
915,60.255,25.043,17.4,193711191200,050,10,***,30,*****
916,60.255,25.043,17.4,193711191800,320,6,***,32,*****
917,60.255,25.043,17.4,193711200600,160,15,***,34,*****
918,60.255,25.043,17.4,193711201200,140,15,***,36,*****
919,60.255,25.043,17.4,193711201800,140,15,***,37,*****
920,60.255,25.043,17.4,193711210600,140,10,***,39,*****
921,60.255,25.043,17.4,193711211200,160,10,***,46,*****
922,60.255,25.043,17.4,193711211800,140,10,***,36,*****
923,60.255,25.043,17.4,193711220600,160,15,***,37,*****
924,60.255,25.043,17.4,193711221200,250,6,***,39,*****
925,60.255,25.043,17.4,193711221800,270,10,***,39,*****
926,60.255,25.043,17.4,193711230600,250,10,***,41,*****
927,60.255,25.043,17.4,193711231200,230,10,***,41,*****
928,60.255,25.043,17.4,193711231800,200,10,***,41,*****
929,60.255,25.043,17.4,193711240600,270,6,***,39,*****
930,60.255,25.043,17.4,193711241200,230,10,***,39,*****
931,60.255,25.043,17.4,193711241800,230,10,***,37,*****
932,60.255,25.043,17.4,193711250600,200,10,***,36,*****
933,60.255,25.043,17.4,193711251200,180,15,***,36,*****
934,60.255,25.043,17.4,193711251800,230,21,***,39,*****
935,60.255,25.043,17.4,193711260600,180,21,***,36,*****
936,60.255,25.043,17.4,193711261200,290,10,***,37,*****
937,60.255,25.043,17.4,193711261800,290,10,***,36,*****
938,60.255,25.043,17.4,193711271200,360,10,***,28,*****
939,60.255,25.043,17.4,193711271800,050,10,***,27,*****
940,60.255,25.043,17.4,193711280600,020,15,***,28,*****
941,60.255,25.043,17.4,193711281200,360,10,***,32,*****
942,60.255,25.043,17.4,193711281800,050,10,***,32,*****
943,60.255,25.043,17.4,193711290600,360,10,***,28,*****
944,60.255,25.043,17.4,193711291200,050,10,***,28,*****
945,60.255,25.043,17.4,193711291800,020,6,***,27,*****
946,60.255,25.043,17.4,193711300600,050,10,***,23,*****
947,60.255,25.043,17.4,193711301800,050,6,***,21,*****
948,60.255,25.043,17.4,193712010600,320,6,***,19,*****
949,60.255,25.043,17.4,193712011200,050,10,***,16,*****
950,60.255,25.043,17.4,193712011800,050,10,***,12,*****
951,60.255,25.043,17.4,193712020600,050,10,***,10,*****
952,60.255,25.043,17.4,193712021200,050,15,***,14,*****
953,60.255,25.043,17.4,193712021800,050,15,***,10,*****
954,60.255,25.043,17.4,193712030600,050,15,***,12,*****
955,60.255,25.043,17.4,193712031200,070,15,***,16,*****
956,60.255,25.043,17.4,193712031800,050,21,***,12,*****
957,60.255,25.043,17.4,193712040600,070,15,***,10,*****
958,60.255,25.043,17.4,193712041200,050,15,***,14,*****
959,60.255,25.043,17.4,193712041800,050,21,***,12,*****
960,60.255,25.043,17.4,193712050600,050,21,***,18,*****
961,60.255,25.043,17.4,193712051200,070,15,***,19,*****
962,60.255,25.043,17.4,193712051800,050,15,***,14,*****
963,60.255,25.043,17.4,193712060600,050,15,***,19,*****
964,60.255,25.043,17.4,193712061200,070,10,***,18,*****
965,60.255,25.043,17.4,193712061800,050,15,***,14,*****
966,60.255,25.043,17.4,193712070600,050,15,***,5,*****
967,60.255,25.043,17.4,193712071200,050,15,***,12,*****
968,60.255,25.043,17.4,193712071800,050,15,***,9,*****
969,60.255,25.043,17.4,193712080600,050,15,***,7,*****
970,60.255,25.043,17.4,193712081200,050,10,***,9,*****
971,60.255,25.043,17.4,193712081800,050,10,***,14,*****
972,60.255,25.043,17.4,193712090600,360,6,***,18,*****
973,60.255,25.043,17.4,193712091200,360,6,***,18,*****
974,60.255,25.043,17.4,193712091800,050,6,***,18,*****
975,60.255,25.043,17.4,193712100600,050,10,***,16,*****
976,60.255,25.043,17.4,193712101200,090,15,***,16,*****
977,60.255,25.043,17.4,193712101800,050,15,***,16,*****
978,60.255,25.043,17.4,193712110600,050,15,***,18,*****
979,60.255,25.043,17.4,193712111200,020,10,***,18,*****
980,60.255,25.043,17.4,193712111800,360,10,***,12,*****
981,60.255,25.043,17.4,193712120600,050,6,***,16,*****
982,60.255,25.043,17.4,193712121200,050,10,***,19,*****
983,60.255,25.043,17.4,193712121800,140,15,***,25,*****
984,60.255,25.043,17.4,193712130600,140,28,***,25,*****
985,60.255,25.043,17.4,193712131200,140,15,***,27,*****
986,60.255,25.043,17.4,193712131800,140,15,***,27,*****
987,60.255,25.043,17.4,193712140600,200,2,***,30,*****
988,60.255,25.043,17.4,193712141200,140,6,***,32,*****
989,60.255,25.043,17.4,193712141800,160,10,***,30,*****
990,60.255,25.043,17.4,193712150600,090,15,***,30,*****
991,60.255,25.043,17.4,193712151200,050,10,***,25,*****
992,60.255,25.043,17.4,193712151800,050,10,***,27,*****
993,60.255,25.043,17.4,193712160600,050,15,***,25,*****
994,60.255,25.043,17.4,193712161200,050,15,***,25,*****
995,60.255,25.043,17.4,193712161800,050,10,***,21,*****
996,60.255,25.043,17.4,193712170600,050,15,***,21,*****
997,60.255,25.043,17.4,193712171200,090,15,***,21,*****
998,60.255,25.043,17.4,193712171800,050,15,***,21,*****
999,60.255,25.043,17.4,193712180600,050,15,***,19,*****
1000,60.255,25.043,17.4,193712181200,050,15,***,16,*****
1001,60.255,25.043,17.4,193712181800,050,10,***,14,*****
1002,60.255,25.043,17.4,193712190600,050,15,***,14,*****
1003,60.255,25.043,17.4,193712191200,050,10,***,14,*****
1004,60.255,25.043,17.4,193712191800,050,10,***,14,*****
1005,60.255,25.043,17.4,193712200600,050,10,***,12,*****
1006,60.255,25.043,17.4,193712201200,050,10,***,9,*****
1007,60.255,25.043,17.4,193712201800,050,10,***,7,*****
1008,60.255,25.043,17.4,193712210600,360,6,***,-2,*****
1009,60.255,25.043,17.4,193712211200,020,15,***,1,*****
1010,60.255,25.043,17.4,193712211800,050,15,***,1,*****
1011,60.255,25.043,17.4,193712220600,020,10,***,9,*****
1012,60.255,25.043,17.4,193712221200,320,6,***,18,*****
1013,60.255,25.043,17.4,193712221800,320,6,***,18,*****
1014,60.255,25.043,17.4,193712230600,110,6,***,25,*****
1015,60.255,25.043,17.4,193712231200,140,6,***,28,*****
1016,60.255,25.043,17.4,193712231800,140,6,***,28,*****
1017,60.255,25.043,17.4,193712240600,140,10,***,27,*****
1018,60.255,25.043,17.4,193712241200,140,10,***,28,*****
1019,60.255,25.043,17.4,193712241800,140,10,***,28,*****
1020,60.255,25.043,17.4,193712250600,140,6,***,23,*****
1021,60.255,25.043,17.4,193712251200,090,6,***,23,*****
1022,60.255,25.043,17.4,193712251800,090,6,***,21,*****
1023,60.255,25.043,17.4,193712261200,270,10,***,25,*****
1024,60.255,25.043,17.4,193712261800,230,6,***,27,*****
1025,60.255,25.043,17.4,193712270600,180,10,***,28,*****
1026,60.255,25.043,17.4,193712271200,200,10,***,28,*****
1027,60.255,25.043,17.4,193712271800,200,10,***,28,*****
1028,60.255,25.043,17.4,193712280600,250,10,***,32,*****
1029,60.255,25.043,17.4,193712281200,230,10,***,32,*****
1030,60.255,25.043,17.4,193712281800,270,10,***,32,*****
1031,60.255,25.043,17.4,193712290600,270,10,***,30,*****
1032,60.255,25.043,17.4,193712291200,320,10,***,28,*****
1033,60.255,25.043,17.4,193712291800,320,10,***,21,*****
1034,60.255,25.043,17.4,193712300600,050,10,***,23,*****
1035,60.255,25.043,17.4,193712301200,050,10,***,21,*****
1036,60.255,25.043,17.4,193712301800,360,10,***,18,*****
1037,60.255,25.043,17.4,193712310600,180,10,***,28,*****
1038,60.255,25.043,17.4,193712311200,140,10,***,30,*****
1039,60.255,25.043,17.4,193712311800,140,6,***,****,*****
