,Lat,Lon,Ele,YR--MODAHRMN,DIR,SPD,GUS,TEMP,ALT
0,60.255,25.043,17.4,193801010600,140,6,***,27,*****
1,60.255,25.043,17.4,193801011200,140,6,***,25,*****
2,60.255,25.043,17.4,193801011800,140,6,***,25,*****
3,60.255,25.043,17.4,193801020600,270,6,***,21,*****
4,60.255,25.043,17.4,193801021200,020,10,***,19,*****
5,60.255,25.043,17.4,193801021800,020,10,***,18,*****
6,60.255,25.043,17.4,193801030600,050,2,***,16,*****
7,60.255,25.043,17.4,193801031200,050,6,***,18,*****
8,60.255,25.043,17.4,193801031800,050,10,***,18,*****
9,60.255,25.043,17.4,193801040600,050,10,***,12,*****
10,60.255,25.043,17.4,193801041200,050,10,***,7,*****
11,60.255,25.043,17.4,193801041800,020,6,***,1,*****
12,60.255,25.043,17.4,193801050600,020,6,***,1,*****
13,60.255,25.043,17.4,193801051800,180,15,***,27,*****
14,60.255,25.043,17.4,193801060600,230,6,***,30,*****
15,60.255,25.043,17.4,193801061200,230,15,***,30,*****
16,60.255,25.043,17.4,193801061800,320,6,***,25,*****
17,60.255,25.043,17.4,193801070600,250,10,***,25,*****
18,60.255,25.043,17.4,193801071200,230,10,***,25,*****
19,60.255,25.043,17.4,193801071800,250,10,***,21,*****
20,60.255,25.043,17.4,193801080600,360,10,***,19,*****
21,60.255,25.043,17.4,193801081200,290,6,***,16,*****
22,60.255,25.043,17.4,193801081800,340,2,***,23,*****
23,60.255,25.043,17.4,193801090600,090,6,***,16,*****
24,60.255,25.043,17.4,193801091200,090,10,***,19,*****
25,60.255,25.043,17.4,193801091800,110,6,***,21,*****
26,60.255,25.043,17.4,193801100600,140,10,***,21,*****
27,60.255,25.043,17.4,193801101200,140,10,***,14,*****
28,60.255,25.043,17.4,193801101800,140,15,***,14,*****
29,60.255,25.043,17.4,193801110600,140,10,***,21,*****
30,60.255,25.043,17.4,193801111200,140,10,***,25,*****
31,60.255,25.043,17.4,193801111800,140,10,***,25,*****
32,60.255,25.043,17.4,193801120600,140,10,***,25,*****
33,60.255,25.043,17.4,193801121200,140,6,***,27,*****
34,60.255,25.043,17.4,193801121800,160,6,***,27,*****
35,60.255,25.043,17.4,193801130600,140,10,***,25,*****
36,60.255,25.043,17.4,193801131200,160,10,***,27,*****
37,60.255,25.043,17.4,193801131800,160,10,***,27,*****
38,60.255,25.043,17.4,193801140600,140,15,***,27,*****
39,60.255,25.043,17.4,193801141200,140,10,***,28,*****
40,60.255,25.043,17.4,193801141800,110,15,***,25,*****
41,60.255,25.043,17.4,193801150600,090,10,***,18,*****
42,60.255,25.043,17.4,193801151200,070,10,***,18,*****
43,60.255,25.043,17.4,193801151800,070,10,***,18,*****
44,60.255,25.043,17.4,193801160600,160,10,***,21,*****
45,60.255,25.043,17.4,193801161200,160,10,***,30,*****
46,60.255,25.043,17.4,193801161800,140,15,***,32,*****
47,60.255,25.043,17.4,193801170600,140,10,***,32,*****
48,60.255,25.043,17.4,193801171200,160,10,***,34,*****
49,60.255,25.043,17.4,193801171800,140,15,***,34,*****
50,60.255,25.043,17.4,193801180600,160,15,***,32,*****
51,60.255,25.043,17.4,193801181200,140,15,***,32,*****
52,60.255,25.043,17.4,193801181800,140,6,***,32,*****
53,60.255,25.043,17.4,193801190600,140,6,***,32,*****
54,60.255,25.043,17.4,193801191200,140,6,***,34,*****
55,60.255,25.043,17.4,193801191800,200,6,***,34,*****
56,60.255,25.043,17.4,193801200600,020,6,***,32,*****
57,60.255,25.043,17.4,193801201200,020,6,***,30,*****
58,60.255,25.043,17.4,193801201800,360,6,***,28,*****
59,60.255,25.043,17.4,193801210600,090,6,***,27,*****
60,60.255,25.043,17.4,193801211200,180,10,***,30,*****
61,60.255,25.043,17.4,193801211800,160,15,***,28,*****
62,60.255,25.043,17.4,193801220600,140,15,***,27,*****
63,60.255,25.043,17.4,193801221200,140,15,***,28,*****
64,60.255,25.043,17.4,193801221800,140,6,***,28,*****
65,60.255,25.043,17.4,193801230600,140,10,***,30,*****
66,60.255,25.043,17.4,193801231200,140,10,***,32,*****
67,60.255,25.043,17.4,193801231800,140,10,***,34,*****
68,60.255,25.043,17.4,193801240600,340,28,***,37,*****
69,60.255,25.043,17.4,193801241200,340,15,***,37,*****
70,60.255,25.043,17.4,193801241800,320,10,***,32,*****
71,60.255,25.043,17.4,193801250600,270,6,***,30,*****
72,60.255,25.043,17.4,193801251200,200,6,***,34,*****
73,60.255,25.043,17.4,193801251800,230,6,***,34,*****
74,60.255,25.043,17.4,193801260600,160,15,***,34,*****
75,60.255,25.043,17.4,193801261800,290,10,***,34,*****
76,60.255,25.043,17.4,193801270600,020,10,***,34,*****
77,60.255,25.043,17.4,193801271800,250,10,***,34,*****
78,60.255,25.043,17.4,193801280600,180,6,***,34,*****
79,60.255,25.043,17.4,193801281200,160,6,***,32,*****
80,60.255,25.043,17.4,193801281800,140,10,***,32,*****
81,60.255,25.043,17.4,193801290600,140,21,***,28,*****
82,60.255,25.043,17.4,193801291200,140,21,***,30,*****
83,60.255,25.043,17.4,193801291800,140,21,***,32,*****
84,60.255,25.043,17.4,193801301200,140,10,***,34,*****
85,60.255,25.043,17.4,193801301800,200,10,***,34,*****
86,60.255,25.043,17.4,193801310600,160,15,***,34,*****
87,60.255,25.043,17.4,193801311200,200,10,***,34,*****
88,60.255,25.043,17.4,193801311800,230,10,***,34,*****
89,60.255,25.043,17.4,193802010600,180,15,***,34,*****
90,60.255,25.043,17.4,193802011200,140,21,***,34,*****
91,60.255,25.043,17.4,193802011800,160,21,***,34,*****
92,60.255,25.043,17.4,193802020600,160,15,***,36,*****
93,60.255,25.043,17.4,193802021200,140,15,***,36,*****
94,60.255,25.043,17.4,193802021800,180,21,***,36,*****
95,60.255,25.043,17.4,193802030600,200,21,***,37,*****
96,60.255,25.043,17.4,193802031200,200,15,***,36,*****
97,60.255,25.043,17.4,193802031800,200,10,***,36,*****
98,60.255,25.043,17.4,193802040600,270,10,***,34,*****
99,60.255,25.043,17.4,193802041200,270,10,***,34,*****
100,60.255,25.043,17.4,193802041800,200,6,***,32,*****
101,60.255,25.043,17.4,193802050600,270,15,***,36,*****
102,60.255,25.043,17.4,193802051200,250,10,***,37,*****
103,60.255,25.043,17.4,193802051800,250,10,***,37,*****
104,60.255,25.043,17.4,193802060600,230,10,***,36,*****
105,60.255,25.043,17.4,193802061200,250,15,***,37,*****
106,60.255,25.043,17.4,193802061800,290,10,***,36,*****
107,60.255,25.043,17.4,193802070600,360,28,***,32,*****
108,60.255,25.043,17.4,193802071200,340,21,***,34,*****
109,60.255,25.043,17.4,193802071800,340,21,***,30,*****
110,60.255,25.043,17.4,193802080600,320,6,***,28,*****
111,60.255,25.043,17.4,193802081200,250,10,***,36,*****
112,60.255,25.043,17.4,193802090600,270,10,***,30,*****
113,60.255,25.043,17.4,193802091200,230,15,***,34,*****
114,60.255,25.043,17.4,193802091800,250,15,***,32,*****
115,60.255,25.043,17.4,193802100600,200,10,***,34,*****
116,60.255,25.043,17.4,193802101200,180,10,***,32,*****
117,60.255,25.043,17.4,193802101800,160,10,***,32,*****
118,60.255,25.043,17.4,193802110600,140,10,***,32,*****
119,60.255,25.043,17.4,193802111200,180,10,***,30,*****
120,60.255,25.043,17.4,193802111800,110,10,***,28,*****
121,60.255,25.043,17.4,193802120600,160,10,***,21,*****
122,60.255,25.043,17.4,193802121200,140,6,***,23,*****
123,60.255,25.043,17.4,193802121800,230,6,***,19,*****
124,60.255,25.043,17.4,193802130600,050,6,***,16,*****
125,60.255,25.043,17.4,193802131200,320,6,***,19,*****
126,60.255,25.043,17.4,193802131800,320,6,***,16,*****
127,60.255,25.043,17.4,193802140600,050,10,***,21,*****
128,60.255,25.043,17.4,193802141200,320,10,***,23,*****
129,60.255,25.043,17.4,193802141800,290,10,***,19,*****
130,60.255,25.043,17.4,193802150600,290,15,***,23,*****
131,60.255,25.043,17.4,193802151200,290,15,***,34,*****
132,60.255,25.043,17.4,193802151800,290,15,***,32,*****
133,60.255,25.043,17.4,193802160600,360,10,***,27,*****
134,60.255,25.043,17.4,193802161200,320,10,***,37,*****
135,60.255,25.043,17.4,193802161800,320,10,***,30,*****
136,60.255,25.043,17.4,193802170600,320,6,***,27,*****
137,60.255,25.043,17.4,193802171200,320,10,***,****,*****
138,60.255,25.043,17.4,193802171800,320,15,***,34,*****
139,60.255,25.043,17.4,193802180600,020,21,***,34,*****
140,60.255,25.043,17.4,193802181200,020,28,***,34,*****
141,60.255,25.043,17.4,193802181800,020,21,***,30,*****
142,60.255,25.043,17.4,193802190600,320,10,***,19,*****
143,60.255,25.043,17.4,193802191200,250,15,***,34,*****
144,60.255,25.043,17.4,193802191800,320,21,***,36,*****
145,60.255,25.043,17.4,193802200600,360,21,***,27,*****
146,60.255,25.043,17.4,193802201200,250,21,***,27,*****
147,60.255,25.043,17.4,193802201800,360,10,***,25,*****
148,60.255,25.043,17.4,193802210600,360,21,***,19,*****
149,60.255,25.043,17.4,193802211200,340,21,***,28,*****
150,60.255,25.043,17.4,193802211800,320,15,***,25,*****
151,60.255,25.043,17.4,193802220600,360,15,***,21,*****
152,60.255,25.043,17.4,193802221200,320,21,***,25,*****
153,60.255,25.043,17.4,193802221800,050,28,***,23,*****
154,60.255,25.043,17.4,193802230600,340,10,***,14,*****
155,60.255,25.043,17.4,193802231200,270,10,***,25,*****
156,60.255,25.043,17.4,193802231800,250,10,***,27,*****
157,60.255,25.043,17.4,193802241200,360,10,***,41,*****
158,60.255,25.043,17.4,193802241800,290,10,***,37,*****
159,60.255,25.043,17.4,193802250600,320,10,***,28,*****
160,60.255,25.043,17.4,193802251200,320,15,***,39,*****
161,60.255,25.043,17.4,193802251800,270,10,***,34,*****
162,60.255,25.043,17.4,193802260600,250,10,***,32,*****
163,60.255,25.043,17.4,193802261200,180,10,***,32,*****
164,60.255,25.043,17.4,193802261800,160,10,***,32,*****
165,60.255,25.043,17.4,193802270600,140,6,***,32,*****
166,60.255,25.043,17.4,193802271200,160,6,***,32,*****
167,60.255,25.043,17.4,193802271800,230,10,***,34,*****
168,60.255,25.043,17.4,193802280600,250,10,***,32,*****
169,60.255,25.043,17.4,193802281200,160,10,***,34,*****
170,60.255,25.043,17.4,193802281800,160,6,***,45,*****
171,60.255,25.043,17.4,193803010600,160,10,***,34,*****
172,60.255,25.043,17.4,193803011200,140,10,***,34,*****
173,60.255,25.043,17.4,193803011800,200,10,***,36,*****
174,60.255,25.043,17.4,193803020600,320,15,***,36,*****
175,60.255,25.043,17.4,193803021200,290,15,***,37,*****
176,60.255,25.043,17.4,193803021800,200,10,***,34,*****
177,60.255,25.043,17.4,193803030600,360,10,***,28,*****
178,60.255,25.043,17.4,193803031200,200,10,***,34,*****
179,60.255,25.043,17.4,193803031800,230,10,***,34,*****
180,60.255,25.043,17.4,193803040600,340,21,***,36,*****
181,60.255,25.043,17.4,193803041200,320,21,***,43,*****
182,60.255,25.043,17.4,193803041800,270,15,***,37,*****
183,60.255,25.043,17.4,193803051200,320,21,***,39,*****
184,60.255,25.043,17.4,193803051800,230,10,***,36,*****
185,60.255,25.043,17.4,193803060600,270,15,***,37,*****
186,60.255,25.043,17.4,193803061200,320,43,***,37,*****
187,60.255,25.043,17.4,193803061800,360,34,***,36,*****
188,60.255,25.043,17.4,193803070600,340,28,***,30,*****
189,60.255,25.043,17.4,193803071200,340,21,***,32,*****
190,60.255,25.043,17.4,193803071800,250,21,***,32,*****
191,60.255,25.043,17.4,193803080600,340,21,***,27,*****
192,60.255,25.043,17.4,193803081200,160,21,***,34,*****
193,60.255,25.043,17.4,193803081800,320,10,***,28,*****
194,60.255,25.043,17.4,193803090600,090,2,***,27,*****
195,60.255,25.043,17.4,193803091200,140,10,***,32,*****
196,60.255,25.043,17.4,193803091800,110,10,***,28,*****
197,60.255,25.043,17.4,193803100600,050,6,***,27,*****
198,60.255,25.043,17.4,193803101200,110,10,***,30,*****
199,60.255,25.043,17.4,193803101800,090,2,***,27,*****
200,60.255,25.043,17.4,193803110600,020,6,***,21,*****
201,60.255,25.043,17.4,193803111200,050,10,***,30,*****
202,60.255,25.043,17.4,193803111800,050,10,***,25,*****
203,60.255,25.043,17.4,193803120600,360,10,***,19,*****
204,60.255,25.043,17.4,193803121200,360,10,***,27,*****
205,60.255,25.043,17.4,193803121800,360,6,***,25,*****
206,60.255,25.043,17.4,193803130600,270,15,***,32,*****
207,60.255,25.043,17.4,193803131200,290,10,***,39,*****
208,60.255,25.043,17.4,193803140600,320,10,***,39,*****
209,60.255,25.043,17.4,193803141200,290,10,***,46,*****
210,60.255,25.043,17.4,193803141800,250,10,***,****,*****
211,60.255,25.043,17.4,193803150600,270,10,***,39,*****
212,60.255,25.043,17.4,193803151200,230,10,***,36,*****
213,60.255,25.043,17.4,193803151800,250,10,***,36,*****
214,60.255,25.043,17.4,193803160600,230,10,***,36,*****
215,60.255,25.043,17.4,193803161200,230,10,***,43,*****
216,60.255,25.043,17.4,193803161800,250,10,***,37,*****
217,60.255,25.043,17.4,193803170600,070,10,***,30,*****
218,60.255,25.043,17.4,193803171200,050,10,***,34,*****
219,60.255,25.043,17.4,193803171800,020,10,***,30,*****
220,60.255,25.043,17.4,193803180600,200,10,***,32,*****
221,60.255,25.043,17.4,193803181200,140,15,***,32,*****
222,60.255,25.043,17.4,193803181800,230,15,***,34,*****
223,60.255,25.043,17.4,193803190600,270,15,***,41,*****
224,60.255,25.043,17.4,193803191200,200,10,***,43,*****
225,60.255,25.043,17.4,193803191800,230,6,***,37,*****
226,60.255,25.043,17.4,193803200600,290,6,***,39,*****
227,60.255,25.043,17.4,193803201200,230,6,***,43,*****
228,60.255,25.043,17.4,193803201800,270,10,***,41,*****
229,60.255,25.043,17.4,193803210600,200,10,***,39,*****
230,60.255,25.043,17.4,193803211200,290,15,***,50,*****
231,60.255,25.043,17.4,193803220600,250,10,***,41,*****
232,60.255,25.043,17.4,193803221200,360,21,***,39,*****
233,60.255,25.043,17.4,193803221800,360,6,***,39,*****
234,60.255,25.043,17.4,193803230600,230,6,***,36,*****
235,60.255,25.043,17.4,193803231200,230,10,***,36,*****
236,60.255,25.043,17.4,193803231800,140,6,***,32,*****
237,60.255,25.043,17.4,193803240600,200,15,***,39,*****
238,60.255,25.043,17.4,193803241200,230,15,***,43,*****
239,60.255,25.043,17.4,193803241800,230,10,***,39,*****
240,60.255,25.043,17.4,193803250600,200,10,***,39,*****
241,60.255,25.043,17.4,193803251200,230,15,***,45,*****
242,60.255,25.043,17.4,193803251800,230,15,***,41,*****
243,60.255,25.043,17.4,193803260600,160,15,***,41,*****
244,60.255,25.043,17.4,193803261200,230,10,***,37,*****
245,60.255,25.043,17.4,193803261800,180,10,***,36,*****
246,60.255,25.043,17.4,193803270600,290,10,***,36,*****
247,60.255,25.043,17.4,193803271200,340,15,***,30,*****
248,60.255,25.043,17.4,193803271800,340,15,***,27,*****
249,60.255,25.043,17.4,193803280600,360,15,***,25,*****
250,60.255,25.043,17.4,193803281200,360,15,***,30,*****
251,60.255,25.043,17.4,193803290600,230,10,***,37,*****
252,60.255,25.043,17.4,193803291200,230,15,***,34,*****
253,60.255,25.043,17.4,193803291800,200,28,***,32,*****
254,60.255,25.043,17.4,193803300600,200,10,***,36,*****
255,60.255,25.043,17.4,193803301200,270,21,***,41,*****
256,60.255,25.043,17.4,193803301800,290,15,***,36,*****
257,60.255,25.043,17.4,193803310600,340,28,***,34,*****
258,60.255,25.043,17.4,193803311200,320,21,***,37,*****
259,60.255,25.043,17.4,193803311800,***,***,***,25,*****
260,60.255,25.043,17.4,193804010600,320,21,***,32,*****
261,60.255,25.043,17.4,193804011200,360,28,***,32,*****
262,60.255,25.043,17.4,193804011800,360,21,***,28,*****
263,60.255,25.043,17.4,193804020600,320,21,***,32,*****
264,60.255,25.043,17.4,193804021200,320,21,***,36,*****
265,60.255,25.043,17.4,193804021800,320,15,***,32,*****
266,60.255,25.043,17.4,193804030600,140,21,***,30,*****
267,60.255,25.043,17.4,193804031200,200,10,***,36,*****
268,60.255,25.043,17.4,193804031800,250,6,***,36,*****
269,60.255,25.043,17.4,193804040600,360,28,***,25,*****
270,60.255,25.043,17.4,193804041200,360,21,***,27,*****
271,60.255,25.043,17.4,193804041800,320,21,***,27,*****
272,60.255,25.043,17.4,193804050600,320,15,***,32,*****
273,60.255,25.043,17.4,193804051200,320,21,***,36,*****
274,60.255,25.043,17.4,193804051800,290,10,***,32,*****
275,60.255,25.043,17.4,193804060600,140,6,***,30,*****
276,60.255,25.043,17.4,193804061200,140,10,***,34,*****
277,60.255,25.043,17.4,193804061800,230,6,***,36,*****
278,60.255,25.043,17.4,193804070600,140,10,***,36,*****
279,60.255,25.043,17.4,193804071200,250,10,***,41,*****
280,60.255,25.043,17.4,193804071800,360,28,***,32,*****
281,60.255,25.043,17.4,193804080600,020,21,***,28,*****
282,60.255,25.043,17.4,193804081200,360,21,***,37,*****
283,60.255,25.043,17.4,193804081800,360,15,***,34,*****
284,60.255,25.043,17.4,193804090600,020,15,***,28,*****
285,60.255,25.043,17.4,193804091200,050,15,***,36,*****
286,60.255,25.043,17.4,193804100600,320,10,***,37,*****
287,60.255,25.043,17.4,193804101200,270,15,***,41,*****
288,60.255,25.043,17.4,193804101800,270,10,***,39,*****
289,60.255,25.043,17.4,193804110600,360,21,***,43,*****
290,60.255,25.043,17.4,193804111200,360,21,***,41,*****
291,60.255,25.043,17.4,193804111800,020,10,***,36,*****
292,60.255,25.043,17.4,193804120600,230,10,***,30,*****
293,60.255,25.043,17.4,193804121200,230,6,***,36,*****
294,60.255,25.043,17.4,193804121800,320,10,***,41,*****
295,60.255,25.043,17.4,193804130600,360,10,***,37,*****
296,60.255,25.043,17.4,193804131200,020,15,***,46,*****
297,60.255,25.043,17.4,193804131800,020,6,***,41,*****
298,60.255,25.043,17.4,193804140600,090,2,***,45,*****
299,60.255,25.043,17.4,193804141200,230,10,***,45,*****
300,60.255,25.043,17.4,193804141800,250,10,***,41,*****
301,60.255,25.043,17.4,193804151200,200,10,***,50,*****
302,60.255,25.043,17.4,193804151800,250,10,***,46,*****
303,60.255,25.043,17.4,193804160600,070,10,***,45,*****
304,60.255,25.043,17.4,193804161200,140,6,***,43,*****
305,60.255,25.043,17.4,193804161800,140,10,***,39,*****
306,60.255,25.043,17.4,193804170600,180,15,***,39,*****
307,60.255,25.043,17.4,193804171200,230,15,***,41,*****
308,60.255,25.043,17.4,193804171800,270,10,***,37,*****
309,60.255,25.043,17.4,193804180600,020,15,***,36,*****
310,60.255,25.043,17.4,193804181800,230,6,***,34,*****
311,60.255,25.043,17.4,193804191200,140,10,***,39,*****
312,60.255,25.043,17.4,193804191800,140,10,***,36,*****
313,60.255,25.043,17.4,193804200600,110,6,***,39,*****
314,60.255,25.043,17.4,193804201200,200,10,***,41,*****
315,60.255,25.043,17.4,193804201800,200,6,***,39,*****
316,60.255,25.043,17.4,193804210600,110,6,***,41,*****
317,60.255,25.043,17.4,193804211800,110,10,***,39,*****
318,60.255,25.043,17.4,193804220600,020,10,***,34,*****
319,60.255,25.043,17.4,193804221200,050,15,***,39,*****
320,60.255,25.043,17.4,193804230600,140,10,***,37,*****
321,60.255,25.043,17.4,193804231200,140,6,***,39,*****
322,60.255,25.043,17.4,193804231800,140,6,***,37,*****
323,60.255,25.043,17.4,193804240600,090,10,***,41,*****
324,60.255,25.043,17.4,193804241200,140,10,***,45,*****
325,60.255,25.043,17.4,193804241800,140,6,***,41,*****
326,60.255,25.043,17.4,193804250600,110,6,***,43,*****
327,60.255,25.043,17.4,193804251200,140,10,***,46,*****
328,60.255,25.043,17.4,193804251800,090,2,***,45,*****
329,60.255,25.043,17.4,193804260600,090,6,***,48,*****
330,60.255,25.043,17.4,193804261200,160,6,***,50,*****
331,60.255,25.043,17.4,193804261800,140,6,***,45,*****
332,60.255,25.043,17.4,193804270600,320,2,***,46,*****
333,60.255,25.043,17.4,193804271200,180,6,***,52,*****
334,60.255,25.043,17.4,193804271800,230,6,***,48,*****
335,60.255,25.043,17.4,193804280600,110,6,***,46,*****
336,60.255,25.043,17.4,193804281200,140,10,***,50,*****
337,60.255,25.043,17.4,193804281800,160,6,***,45,*****
338,60.255,25.043,17.4,193804290600,140,6,***,50,*****
339,60.255,25.043,17.4,193804291200,140,6,***,54,*****
340,60.255,25.043,17.4,193804291800,140,2,***,48,*****
341,60.255,25.043,17.4,193804300600,360,10,***,39,*****
342,60.255,25.043,17.4,193804301200,230,6,***,52,*****
343,60.255,25.043,17.4,193804301800,020,21,***,48,*****
344,60.255,25.043,17.4,193805010600,050,10,***,48,*****
345,60.255,25.043,17.4,193805011800,020,10,***,41,*****
346,60.255,25.043,17.4,193805020600,270,10,***,34,*****
347,60.255,25.043,17.4,193805021200,360,10,***,39,*****
348,60.255,25.043,17.4,193805030600,020,21,***,36,*****
349,60.255,25.043,17.4,193805031200,020,15,***,39,*****
350,60.255,25.043,17.4,193805040600,020,21,***,39,*****
351,60.255,25.043,17.4,193805041200,180,10,***,48,*****
352,60.255,25.043,17.4,193805041800,320,6,***,46,*****
353,60.255,25.043,17.4,193805050600,200,6,***,52,*****
354,60.255,25.043,17.4,193805051200,180,10,***,48,*****
355,60.255,25.043,17.4,193805051800,230,6,***,46,*****
356,60.255,25.043,17.4,193805060600,250,6,***,48,*****
357,60.255,25.043,17.4,193805061200,180,10,***,52,*****
358,60.255,25.043,17.4,193805061800,200,6,***,46,*****
359,60.255,25.043,17.4,193805070600,160,6,***,46,*****
360,60.255,25.043,17.4,193805071200,140,10,***,50,*****
361,60.255,25.043,17.4,193805071800,140,10,***,45,*****
362,60.255,25.043,17.4,193805080600,140,10,***,46,*****
363,60.255,25.043,17.4,193805081200,200,10,***,39,*****
364,60.255,25.043,17.4,193805081800,230,15,***,41,*****
365,60.255,25.043,17.4,193805090600,200,15,***,43,*****
366,60.255,25.043,17.4,193805091200,230,15,***,46,*****
367,60.255,25.043,17.4,193805091800,230,10,***,43,*****
368,60.255,25.043,17.4,193805100600,160,15,***,45,*****
369,60.255,25.043,17.4,193805101200,230,10,***,45,*****
370,60.255,25.043,17.4,193805101800,250,10,***,57,*****
371,60.255,25.043,17.4,193805110600,320,34,***,46,*****
372,60.255,25.043,17.4,193805111200,270,21,***,48,*****
373,60.255,25.043,17.4,193805111800,290,15,***,45,*****
374,60.255,25.043,17.4,193805120600,250,28,***,46,*****
375,60.255,25.043,17.4,193805121200,290,21,***,48,*****
376,60.255,25.043,17.4,193805121800,270,10,***,46,*****
377,60.255,25.043,17.4,193805130600,200,6,***,45,*****
378,60.255,25.043,17.4,193805131200,180,15,***,48,*****
379,60.255,25.043,17.4,193805131800,180,10,***,41,*****
380,60.255,25.043,17.4,193805140600,230,6,***,55,*****
381,60.255,25.043,17.4,193805141200,230,10,***,57,*****
382,60.255,25.043,17.4,193805141800,320,10,***,59,*****
383,60.255,25.043,17.4,193805150600,200,10,***,50,*****
384,60.255,25.043,17.4,193805151200,200,10,***,55,*****
385,60.255,25.043,17.4,193805160600,160,6,***,57,*****
386,60.255,25.043,17.4,193805161200,230,10,***,64,*****
387,60.255,25.043,17.4,193805161800,230,10,***,55,*****
388,60.255,25.043,17.4,193805170600,200,6,***,57,*****
389,60.255,25.043,17.4,193805171200,230,10,***,63,*****
390,60.255,25.043,17.4,193805180600,200,6,***,52,*****
391,60.255,25.043,17.4,193805181200,230,10,***,57,*****
392,60.255,25.043,17.4,193805181800,250,10,***,52,*****
393,60.255,25.043,17.4,193805190600,050,10,***,45,*****
394,60.255,25.043,17.4,193805191200,110,10,***,46,*****
395,60.255,25.043,17.4,193805191800,140,10,***,45,*****
396,60.255,25.043,17.4,193805200600,230,15,***,43,*****
397,60.255,25.043,17.4,193805201200,230,15,***,45,*****
398,60.255,25.043,17.4,193805201800,290,10,***,41,*****
399,60.255,25.043,17.4,193805211200,360,21,***,46,*****
400,60.255,25.043,17.4,193805211800,360,15,***,43,*****
401,60.255,25.043,17.4,193805220600,050,21,***,41,*****
402,60.255,25.043,17.4,193805221200,020,10,***,48,*****
403,60.255,25.043,17.4,193805221800,050,6,***,48,*****
404,60.255,25.043,17.4,193805230600,230,10,***,45,*****
405,60.255,25.043,17.4,193805231200,230,10,***,54,*****
406,60.255,25.043,17.4,193805231800,230,10,***,48,*****
407,60.255,25.043,17.4,193805240600,180,6,***,50,*****
408,60.255,25.043,17.4,193805241200,180,6,***,57,*****
409,60.255,25.043,17.4,193805241800,140,6,***,50,*****
410,60.255,25.043,17.4,193805250600,140,15,***,55,*****
411,60.255,25.043,17.4,193805251200,140,10,***,63,*****
412,60.255,25.043,17.4,193805251800,140,6,***,57,*****
413,60.255,25.043,17.4,193805260600,200,6,***,48,*****
414,60.255,25.043,17.4,193805261200,230,6,***,52,*****
415,60.255,25.043,17.4,193805261800,270,10,***,50,*****
416,60.255,25.043,17.4,193805270600,180,6,***,52,*****
417,60.255,25.043,17.4,193805271200,180,10,***,57,*****
418,60.255,25.043,17.4,193805280600,090,6,***,59,*****
419,60.255,25.043,17.4,193805281200,110,10,***,59,*****
420,60.255,25.043,17.4,193805281800,090,10,***,72,*****
421,60.255,25.043,17.4,193805290600,140,10,***,57,*****
422,60.255,25.043,17.4,193805291200,110,6,***,57,*****
423,60.255,25.043,17.4,193805291800,140,6,***,57,*****
424,60.255,25.043,17.4,193805300600,090,10,***,54,*****
425,60.255,25.043,17.4,193805301200,140,2,***,63,*****
426,60.255,25.043,17.4,193805301800,160,6,***,52,*****
427,60.255,25.043,17.4,193805310600,320,10,***,54,*****
428,60.255,25.043,17.4,193805311200,140,6,***,59,*****
429,60.255,25.043,17.4,193805311800,140,6,***,54,*****
430,60.255,25.043,17.4,193806010600,050,2,***,55,*****
431,60.255,25.043,17.4,193806011200,200,10,***,57,*****
432,60.255,25.043,17.4,193806020600,230,10,***,50,*****
433,60.255,25.043,17.4,193806021200,180,10,***,59,*****
434,60.255,25.043,17.4,193806021800,230,6,***,****,*****
435,60.255,25.043,17.4,193806030600,110,6,***,59,*****
436,60.255,25.043,17.4,193806031200,140,10,***,64,*****
437,60.255,25.043,17.4,193806031800,090,6,***,59,*****
438,60.255,25.043,17.4,193806040600,140,6,***,64,*****
439,60.255,25.043,17.4,193806041200,140,10,***,61,*****
440,60.255,25.043,17.4,193806041800,290,15,***,61,*****
441,60.255,25.043,17.4,193806050600,270,6,***,63,*****
442,60.255,25.043,17.4,193806051200,230,15,***,61,*****
443,60.255,25.043,17.4,193806051800,230,6,***,57,*****
444,60.255,25.043,17.4,193806060600,180,10,***,61,*****
445,60.255,25.043,17.4,193806061200,230,10,***,64,*****
446,60.255,25.043,17.4,193806061800,270,10,***,64,*****
447,60.255,25.043,17.4,193806070600,050,6,***,66,*****
448,60.255,25.043,17.4,193806071200,200,10,***,61,*****
449,60.255,25.043,17.4,193806080600,110,6,***,63,*****
450,60.255,25.043,17.4,193806081200,140,6,***,66,*****
451,60.255,25.043,17.4,193806081800,160,6,***,61,*****
452,60.255,25.043,17.4,193806090600,180,6,***,64,*****
453,60.255,25.043,17.4,193806091200,230,10,***,70,*****
454,60.255,25.043,17.4,193806091800,110,6,***,72,*****
455,60.255,25.043,17.4,193806100600,180,6,***,66,*****
456,60.255,25.043,17.4,193806101200,180,10,***,75,*****
457,60.255,25.043,17.4,193806101800,230,10,***,61,*****
458,60.255,25.043,17.4,193806110600,200,10,***,61,*****
459,60.255,25.043,17.4,193806111200,230,10,***,64,*****
460,60.255,25.043,17.4,193806111800,230,10,***,57,*****
461,60.255,25.043,17.4,193806120600,200,10,***,63,*****
462,60.255,25.043,17.4,193806121200,200,10,***,66,*****
463,60.255,25.043,17.4,193806121800,230,10,***,57,*****
464,60.255,25.043,17.4,193806130600,180,6,***,59,*****
465,60.255,25.043,17.4,193806131200,230,10,***,57,*****
466,60.255,25.043,17.4,193806131800,320,15,***,55,*****
467,60.255,25.043,17.4,193806140600,270,10,***,59,*****
468,60.255,25.043,17.4,193806141200,180,10,***,54,*****
469,60.255,25.043,17.4,193806141800,180,6,***,55,*****
470,60.255,25.043,17.4,193806150600,160,10,***,52,*****
471,60.255,25.043,17.4,193806151200,200,10,***,55,*****
472,60.255,25.043,17.4,193806151800,200,6,***,52,*****
473,60.255,25.043,17.4,193806160600,160,6,***,52,*****
474,60.255,25.043,17.4,193806161200,140,10,***,55,*****
475,60.255,25.043,17.4,193806161800,110,6,***,54,*****
476,60.255,25.043,17.4,193806170600,200,6,***,55,*****
477,60.255,25.043,17.4,193806171200,050,2,***,57,*****
478,60.255,25.043,17.4,193806171800,180,6,***,55,*****
479,60.255,25.043,17.4,193806180600,360,21,***,52,*****
480,60.255,25.043,17.4,193806181200,360,15,***,59,*****
481,60.255,25.043,17.4,193806181800,360,10,***,61,*****
482,60.255,25.043,17.4,193806190600,360,10,***,61,*****
483,60.255,25.043,17.4,193806191200,360,10,***,64,*****
484,60.255,25.043,17.4,193806191800,230,6,***,61,*****
485,60.255,25.043,17.4,193806200600,160,10,***,57,*****
486,60.255,25.043,17.4,193806201200,140,10,***,55,*****
487,60.255,25.043,17.4,193806201800,200,10,***,55,*****
488,60.255,25.043,17.4,193806210600,250,10,***,55,*****
489,60.255,25.043,17.4,193806211800,270,10,***,54,*****
490,60.255,25.043,17.4,193806220600,340,10,***,57,*****
491,60.255,25.043,17.4,193806221200,200,10,***,61,*****
492,60.255,25.043,17.4,193806221800,230,6,***,55,*****
493,60.255,25.043,17.4,193806230600,250,10,***,61,*****
494,60.255,25.043,17.4,193806231200,250,10,***,55,*****
495,60.255,25.043,17.4,193806231800,***,10,***,54,*****
496,60.255,25.043,17.4,193806240600,290,10,***,64,*****
497,60.255,25.043,17.4,193806241200,320,15,***,64,*****
498,60.255,25.043,17.4,193806241800,160,15,***,55,*****
499,60.255,25.043,17.4,193806250600,270,15,***,63,*****
500,60.255,25.043,17.4,193806251200,230,15,***,61,*****
501,60.255,25.043,17.4,193806251800,230,10,***,55,*****
502,60.255,25.043,17.4,193806260600,140,15,***,****,*****
503,60.255,25.043,17.4,193806261800,180,10,***,54,*****
504,60.255,25.043,17.4,193806270600,290,15,***,54,*****
505,60.255,25.043,17.4,193806271200,290,21,***,57,*****
506,60.255,25.043,17.4,193806271800,270,21,***,54,*****
507,60.255,25.043,17.4,193806280600,180,6,***,54,*****
508,60.255,25.043,17.4,193806281200,140,10,***,54,*****
509,60.255,25.043,17.4,193806281800,180,10,***,54,*****
510,60.255,25.043,17.4,193806290600,320,15,***,54,*****
511,60.255,25.043,17.4,193806291800,140,15,***,54,*****
512,60.255,25.043,17.4,193806300600,230,15,***,57,*****
513,60.255,25.043,17.4,193806301800,250,15,***,54,*****
514,60.255,25.043,17.4,193807010600,200,10,***,57,*****
515,60.255,25.043,17.4,193807011800,180,15,***,57,*****
516,60.255,25.043,17.4,193807020600,070,6,***,55,*****
517,60.255,25.043,17.4,193807021200,090,10,***,55,*****
518,60.255,25.043,17.4,193807021800,200,15,***,55,*****
519,60.255,25.043,17.4,193807030600,090,6,***,57,*****
520,60.255,25.043,17.4,193807031200,230,10,***,61,*****
521,60.255,25.043,17.4,193807031800,250,10,***,57,*****
522,60.255,25.043,17.4,193807040600,340,6,***,63,*****
523,60.255,25.043,17.4,193807041200,140,10,***,63,*****
524,60.255,25.043,17.4,193807041800,180,2,***,61,*****
525,60.255,25.043,17.4,193807050600,050,10,***,59,*****
526,60.255,25.043,17.4,193807051200,160,6,***,61,*****
527,60.255,25.043,17.4,193807051800,140,6,***,59,*****
528,60.255,25.043,17.4,193807060600,050,6,***,66,*****
529,60.255,25.043,17.4,193807061200,140,6,***,63,*****
530,60.255,25.043,17.4,193807061800,140,6,***,59,*****
531,60.255,25.043,17.4,193807070600,230,15,***,57,*****
532,60.255,25.043,17.4,193807071200,230,10,***,63,*****
533,60.255,25.043,17.4,193807071800,230,15,***,52,*****
534,60.255,25.043,17.4,193807080600,230,10,***,63,*****
535,60.255,25.043,17.4,193807090600,180,6,***,66,*****
536,60.255,25.043,17.4,193807091200,270,6,***,70,*****
537,60.255,25.043,17.4,193807091800,160,6,***,64,*****
538,60.255,25.043,17.4,193807100600,090,10,***,68,*****
539,60.255,25.043,17.4,193807101200,140,15,***,70,*****
540,60.255,25.043,17.4,193807101800,340,15,***,66,*****
541,60.255,25.043,17.4,193807110600,090,10,***,63,*****
542,60.255,25.043,17.4,193807111200,140,34,***,68,*****
543,60.255,25.043,17.4,193807111800,140,10,***,64,*****
544,60.255,25.043,17.4,193807120600,140,10,***,70,*****
545,60.255,25.043,17.4,193807121200,110,10,***,68,*****
546,60.255,25.043,17.4,193807121800,140,10,***,68,*****
547,60.255,25.043,17.4,193807130600,200,6,***,64,*****
548,60.255,25.043,17.4,193807131200,160,6,***,70,*****
549,60.255,25.043,17.4,193807131800,110,6,***,63,*****
550,60.255,25.043,17.4,193807140600,160,2,***,63,*****
551,60.255,25.043,17.4,193807141200,140,6,***,72,*****
552,60.255,25.043,17.4,193807141800,110,2,***,66,*****
553,60.255,25.043,17.4,193807150600,140,10,***,68,*****
554,60.255,25.043,17.4,193807151200,140,6,***,75,*****
555,60.255,25.043,17.4,193807151800,140,2,***,70,*****
556,60.255,25.043,17.4,193807160600,270,6,***,72,*****
557,60.255,25.043,17.4,193807161200,180,10,***,73,*****
558,60.255,25.043,17.4,193807161800,200,6,***,66,*****
559,60.255,25.043,17.4,193807170600,180,6,***,66,*****
560,60.255,25.043,17.4,193807171800,230,6,***,70,*****
561,60.255,25.043,17.4,193807180600,020,2,***,75,*****
562,60.255,25.043,17.4,193807181200,340,10,***,75,*****
563,60.255,25.043,17.4,193807181800,230,2,***,73,*****
564,60.255,25.043,17.4,193807190600,140,6,***,75,*****
565,60.255,25.043,17.4,193807191200,200,10,***,79,*****
566,60.255,25.043,17.4,193807191800,180,6,***,70,*****
567,60.255,25.043,17.4,193807200600,320,2,***,66,*****
568,60.255,25.043,17.4,193807201200,200,10,***,73,*****
569,60.255,25.043,17.4,193807201800,200,2,***,70,*****
570,60.255,25.043,17.4,193807210600,090,6,***,68,*****
571,60.255,25.043,17.4,193807211200,050,2,***,77,*****
572,60.255,25.043,17.4,193807211800,110,2,***,73,*****
573,60.255,25.043,17.4,193807220600,050,6,***,81,*****
574,60.255,25.043,17.4,193807221800,110,2,***,73,*****
575,60.255,25.043,17.4,193807230600,110,6,***,70,*****
576,60.255,25.043,17.4,193807231200,110,10,***,73,*****
577,60.255,25.043,17.4,193807231800,110,10,***,70,*****
578,60.255,25.043,17.4,193807240600,070,10,***,75,*****
579,60.255,25.043,17.4,193807241200,110,6,***,81,*****
580,60.255,25.043,17.4,193807241800,110,10,***,75,*****
581,60.255,25.043,17.4,193807250600,110,6,***,77,*****
582,60.255,25.043,17.4,193807251200,090,10,***,81,*****
583,60.255,25.043,17.4,193807251800,050,2,***,68,*****
584,60.255,25.043,17.4,193807260600,140,6,***,73,*****
585,60.255,25.043,17.4,193807261200,140,10,***,72,*****
586,60.255,25.043,17.4,193807261800,140,6,***,72,*****
587,60.255,25.043,17.4,193807270600,140,6,***,73,*****
588,60.255,25.043,17.4,193807271200,140,10,***,77,*****
589,60.255,25.043,17.4,193807271800,140,6,***,73,*****
590,60.255,25.043,17.4,193807280600,110,6,***,79,*****
591,60.255,25.043,17.4,193807281200,110,10,***,81,*****
592,60.255,25.043,17.4,193807281800,090,10,***,70,*****
593,60.255,25.043,17.4,193807290600,110,10,***,77,*****
594,60.255,25.043,17.4,193807291200,140,6,***,79,*****
595,60.255,25.043,17.4,193807291800,140,6,***,73,*****
596,60.255,25.043,17.4,193807300600,200,2,***,72,*****
597,60.255,25.043,17.4,193807301200,270,15,***,81,*****
598,60.255,25.043,17.4,193807301800,270,15,***,73,*****
599,60.255,25.043,17.4,193807310600,200,10,***,75,*****
600,60.255,25.043,17.4,193807311200,110,10,***,77,*****
601,60.255,25.043,17.4,193807311800,250,10,***,72,*****
602,60.255,25.043,17.4,193808010600,200,10,***,72,*****
603,60.255,25.043,17.4,193808011200,200,2,***,77,*****
604,60.255,25.043,17.4,193808011800,140,6,***,72,*****
605,60.255,25.043,17.4,193808020600,360,10,***,70,*****
606,60.255,25.043,17.4,193808021200,230,10,***,75,*****
607,60.255,25.043,17.4,193808021800,250,6,***,72,*****
608,60.255,25.043,17.4,193808030600,050,15,***,61,*****
609,60.255,25.043,17.4,193808031200,360,15,***,72,*****
610,60.255,25.043,17.4,193808031800,360,15,***,66,*****
611,60.255,25.043,17.4,193808040600,320,10,***,64,*****
612,60.255,25.043,17.4,193808041200,290,10,***,70,*****
613,60.255,25.043,17.4,193808041800,020,10,***,66,*****
614,60.255,25.043,17.4,193808050600,180,6,***,68,*****
615,60.255,25.043,17.4,193808051200,230,15,***,70,*****
616,60.255,25.043,17.4,193808051800,200,10,***,70,*****
617,60.255,25.043,17.4,193808060600,250,10,***,68,*****
618,60.255,25.043,17.4,193808061200,230,10,***,70,*****
619,60.255,25.043,17.4,193808061800,230,10,***,68,*****
620,60.255,25.043,17.4,193808070600,020,10,***,70,*****
621,60.255,25.043,17.4,193808071200,250,10,***,72,*****
622,60.255,25.043,17.4,193808071800,230,6,***,68,*****
623,60.255,25.043,17.4,193808080600,090,6,***,73,*****
624,60.255,25.043,17.4,193808081200,160,10,***,73,*****
625,60.255,25.043,17.4,193808081800,140,6,***,68,*****
626,60.255,25.043,17.4,193808090600,270,***,***,75,*****
627,60.255,25.043,17.4,193808091200,180,10,***,75,*****
628,60.255,25.043,17.4,193808091800,250,6,***,73,*****
629,60.255,25.043,17.4,193808100600,270,6,***,77,*****
630,60.255,25.043,17.4,193808101200,200,10,***,73,*****
631,60.255,25.043,17.4,193808101800,250,10,***,73,*****
632,60.255,25.043,17.4,193808110600,270,6,***,75,*****
633,60.255,25.043,17.4,193808111200,180,10,***,75,*****
634,60.255,25.043,17.4,193808111800,200,2,***,72,*****
635,60.255,25.043,17.4,193808120600,320,6,***,75,*****
636,60.255,25.043,17.4,193808121200,180,10,***,****,*****
637,60.255,25.043,17.4,193808121800,290,6,***,75,*****
638,60.255,25.043,17.4,193808130600,050,6,***,70,*****
639,60.255,25.043,17.4,193808131200,180,10,***,72,*****
640,60.255,25.043,17.4,193808131800,230,2,***,66,*****
641,60.255,25.043,17.4,193808140600,230,6,***,68,*****
642,60.255,25.043,17.4,193808141200,180,6,***,73,*****
643,60.255,25.043,17.4,193808141800,140,6,***,68,*****
644,60.255,25.043,17.4,193808151200,110,10,***,72,*****
645,60.255,25.043,17.4,193808151800,110,6,***,68,*****
646,60.255,25.043,17.4,193808160600,110,6,***,73,*****
647,60.255,25.043,17.4,193808161200,140,6,***,77,*****
648,60.255,25.043,17.4,193808161800,180,6,***,72,*****
649,60.255,25.043,17.4,193808170600,140,10,***,70,*****
650,60.255,25.043,17.4,193808171200,180,10,***,72,*****
651,60.255,25.043,17.4,193808171800,140,10,***,70,*****
652,60.255,25.043,17.4,193808180600,180,15,***,64,*****
653,60.255,25.043,17.4,193808181200,230,10,***,68,*****
654,60.255,25.043,17.4,193808181800,180,15,***,64,*****
655,60.255,25.043,17.4,193808190600,270,10,***,63,*****
656,60.255,25.043,17.4,193808191200,230,15,***,68,*****
657,60.255,25.043,17.4,193808191800,200,10,***,63,*****
658,60.255,25.043,17.4,193808200600,180,21,***,61,*****
659,60.255,25.043,17.4,193808201200,230,15,***,66,*****
660,60.255,25.043,17.4,193808201800,200,15,***,63,*****
661,60.255,25.043,17.4,193808210600,230,15,***,64,*****
662,60.255,25.043,17.4,193808211200,230,10,***,63,*****
663,60.255,25.043,17.4,193808220600,070,6,***,59,*****
664,60.255,25.043,17.4,193808221200,360,15,***,54,*****
665,60.255,25.043,17.4,193808221800,360,10,***,54,*****
666,60.255,25.043,17.4,193808230600,020,2,***,57,*****
667,60.255,25.043,17.4,193808231200,050,6,***,59,*****
668,60.255,25.043,17.4,193808231800,050,6,***,59,*****
669,60.255,25.043,17.4,193808240600,050,15,***,61,*****
670,60.255,25.043,17.4,193808241200,050,15,***,66,*****
671,60.255,25.043,17.4,193808250600,290,10,***,66,*****
672,60.255,25.043,17.4,193808251200,070,10,***,75,*****
673,60.255,25.043,17.4,193808251800,050,15,***,66,*****
674,60.255,25.043,17.4,193808260600,140,10,***,61,*****
675,60.255,25.043,17.4,193808261200,050,15,***,64,*****
676,60.255,25.043,17.4,193808261800,050,10,***,61,*****
677,60.255,25.043,17.4,193808270600,140,10,***,63,*****
678,60.255,25.043,17.4,193808271200,140,10,***,66,*****
679,60.255,25.043,17.4,193808271800,140,2,***,63,*****
680,60.255,25.043,17.4,193808280600,230,10,***,64,*****
681,60.255,25.043,17.4,193808281200,200,10,***,68,*****
682,60.255,25.043,17.4,193808281800,230,6,***,64,*****
683,60.255,25.043,17.4,193808290600,140,2,***,66,*****
684,60.255,25.043,17.4,193808291200,110,6,***,70,*****
685,60.255,25.043,17.4,193808291800,090,6,***,64,*****
686,60.255,25.043,17.4,193808300600,070,10,***,68,*****
687,60.255,25.043,17.4,193808301200,090,10,***,68,*****
688,60.255,25.043,17.4,193808301800,090,15,***,70,*****
689,60.255,25.043,17.4,193808310600,090,15,***,68,*****
690,60.255,25.043,17.4,193808311200,110,10,***,68,*****
691,60.255,25.043,17.4,193808311800,090,10,***,68,*****
692,60.255,25.043,17.4,193809010600,090,6,***,68,*****
693,60.255,25.043,17.4,193809011200,090,10,***,72,*****
694,60.255,25.043,17.4,193809020600,090,10,***,70,*****
695,60.255,25.043,17.4,193809021200,090,10,***,70,*****
696,60.255,25.043,17.4,193809021800,140,10,***,70,*****
697,60.255,25.043,17.4,193809030600,160,6,***,66,*****
698,60.255,25.043,17.4,193809031200,140,6,***,66,*****
699,60.255,25.043,17.4,193809031800,200,6,***,63,*****
700,60.255,25.043,17.4,193809040600,290,6,***,63,*****
701,60.255,25.043,17.4,193809041200,180,6,***,66,*****
702,60.255,25.043,17.4,193809041800,180,2,***,63,*****
703,60.255,25.043,17.4,193809050600,050,10,***,61,*****
704,60.255,25.043,17.4,193809051200,140,6,***,70,*****
705,60.255,25.043,17.4,193809051800,070,6,***,66,*****
706,60.255,25.043,17.4,193809060600,070,6,***,64,*****
707,60.255,25.043,17.4,193809061200,070,10,***,68,*****
708,60.255,25.043,17.4,193809061800,***,***,***,64,*****
709,60.255,25.043,17.4,193809070600,110,2,***,61,*****
710,60.255,25.043,17.4,193809071200,160,6,***,68,*****
711,60.255,25.043,17.4,193809071800,160,2,***,64,*****
712,60.255,25.043,17.4,193809080600,110,2,***,66,*****
713,60.255,25.043,17.4,193809081200,180,2,***,68,*****
714,60.255,25.043,17.4,193809081800,230,6,***,63,*****
715,60.255,25.043,17.4,193809090600,340,10,***,61,*****
716,60.255,25.043,17.4,193809091200,230,10,***,64,*****
717,60.255,25.043,17.4,193809091800,250,6,***,61,*****
718,60.255,25.043,17.4,193809100600,340,6,***,55,*****
719,60.255,25.043,17.4,193809101200,360,10,***,63,*****
720,60.255,25.043,17.4,193809101800,290,6,***,59,*****
721,60.255,25.043,17.4,193809110600,270,6,***,61,*****
722,60.255,25.043,17.4,193809111200,200,15,***,64,*****
723,60.255,25.043,17.4,193809111800,270,10,***,57,*****
724,60.255,25.043,17.4,193809120600,360,6,***,54,*****
725,60.255,25.043,17.4,193809121200,200,6,***,59,*****
726,60.255,25.043,17.4,193809121800,340,2,***,54,*****
727,60.255,25.043,17.4,193809130600,180,28,***,57,*****
728,60.255,25.043,17.4,193809131200,230,21,***,61,*****
729,60.255,25.043,17.4,193809131800,290,34,***,52,*****
730,60.255,25.043,17.4,193809140600,270,28,***,52,*****
731,60.255,25.043,17.4,193809141200,270,21,***,55,*****
732,60.255,25.043,17.4,193809141800,290,10,***,50,*****
733,60.255,25.043,17.4,193809150600,320,6,***,54,*****
734,60.255,25.043,17.4,193809151200,200,10,***,57,*****
735,60.255,25.043,17.4,193809151800,290,6,***,50,*****
736,60.255,25.043,17.4,193809160600,340,6,***,48,*****
737,60.255,25.043,17.4,193809161200,320,10,***,54,*****
738,60.255,25.043,17.4,193809161800,320,6,***,48,*****
739,60.255,25.043,17.4,193809170600,180,10,***,52,*****
740,60.255,25.043,17.4,193809171200,230,15,***,54,*****
741,60.255,25.043,17.4,193809171800,230,10,***,54,*****
742,60.255,25.043,17.4,193809180600,230,21,***,55,*****
743,60.255,25.043,17.4,193809181200,250,21,***,57,*****
744,60.255,25.043,17.4,193809181800,270,6,***,54,*****
745,60.255,25.043,17.4,193809190600,180,6,***,55,*****
746,60.255,25.043,17.4,193809191200,180,6,***,59,*****
747,60.255,25.043,17.4,193809191800,200,10,***,57,*****
748,60.255,25.043,17.4,193809200600,160,2,***,57,*****
749,60.255,25.043,17.4,193809201200,090,6,***,59,*****
750,60.255,25.043,17.4,193809201800,090,6,***,57,*****
751,60.255,25.043,17.4,193809210600,140,6,***,57,*****
752,60.255,25.043,17.4,193809211200,140,6,***,61,*****
753,60.255,25.043,17.4,193809211800,140,6,***,57,*****
754,60.255,25.043,17.4,193809220600,180,6,***,61,*****
755,60.255,25.043,17.4,193809221200,140,6,***,64,*****
756,60.255,25.043,17.4,193809221800,180,6,***,57,*****
757,60.255,25.043,17.4,193809230600,230,10,***,59,*****
758,60.255,25.043,17.4,193809231200,230,10,***,63,*****
759,60.255,25.043,17.4,193809231800,250,10,***,57,*****
760,60.255,25.043,17.4,193809240600,***,0,***,52,*****
761,60.255,25.043,17.4,193809241200,250,2,***,57,*****
762,60.255,25.043,17.4,193809241800,***,0,***,52,*****
763,60.255,25.043,17.4,193809250600,***,0,***,54,*****
764,60.255,25.043,17.4,193809251200,160,6,***,54,*****
765,60.255,25.043,17.4,193809251800,160,6,***,54,*****
766,60.255,25.043,17.4,193809260600,230,6,***,54,*****
767,60.255,25.043,17.4,193809261200,180,6,***,55,*****
768,60.255,25.043,17.4,193809261800,140,6,***,54,*****
769,60.255,25.043,17.4,193809270600,200,6,***,59,*****
770,60.255,25.043,17.4,193809271200,230,10,***,61,*****
771,60.255,25.043,17.4,193809271800,230,10,***,57,*****
772,60.255,25.043,17.4,193809280600,230,6,***,57,*****
773,60.255,25.043,17.4,193809281200,230,10,***,57,*****
774,60.255,25.043,17.4,193809281800,250,10,***,55,*****
775,60.255,25.043,17.4,193809290600,020,6,***,52,*****
776,60.255,25.043,17.4,193809291200,230,6,***,57,*****
777,60.255,25.043,17.4,193809291800,160,2,***,55,*****
778,60.255,25.043,17.4,193809300600,250,6,***,55,*****
779,60.255,25.043,17.4,193809301200,200,6,***,57,*****
780,60.255,25.043,17.4,193809301800,230,6,***,54,*****
781,60.255,25.043,17.4,193810010600,290,2,***,46,*****
782,60.255,25.043,17.4,193810011200,290,2,***,54,*****
783,60.255,25.043,17.4,193810011800,140,2,***,50,*****
784,60.255,25.043,17.4,193810020600,140,6,***,54,*****
785,60.255,25.043,17.4,193810021200,110,6,***,55,*****
786,60.255,25.043,17.4,193810021800,140,6,***,54,*****
787,60.255,25.043,17.4,193810030600,140,6,***,54,*****
788,60.255,25.043,17.4,193810031200,140,6,***,55,*****
789,60.255,25.043,17.4,193810031800,140,6,***,57,*****
790,60.255,25.043,17.4,193810040600,180,10,***,57,*****
791,60.255,25.043,17.4,193810041200,140,10,***,57,*****
792,60.255,25.043,17.4,193810050600,180,10,***,57,*****
793,60.255,25.043,17.4,193810051200,180,10,***,59,*****
794,60.255,25.043,17.4,193810051800,200,15,***,54,*****
795,60.255,25.043,17.4,193810060600,140,15,***,54,*****
796,60.255,25.043,17.4,193810061200,140,15,***,57,*****
797,60.255,25.043,17.4,193810061800,160,15,***,57,*****
798,60.255,25.043,17.4,193810070600,230,6,***,54,*****
799,60.255,25.043,17.4,193810071200,110,6,***,50,*****
800,60.255,25.043,17.4,193810071800,160,6,***,48,*****
801,60.255,25.043,17.4,193810080600,160,15,***,52,*****
802,60.255,25.043,17.4,193810081200,320,15,***,57,*****
803,60.255,25.043,17.4,193810081800,140,15,***,50,*****
804,60.255,25.043,17.4,193810090600,140,10,***,48,*****
805,60.255,25.043,17.4,193810091200,180,6,***,54,*****
806,60.255,25.043,17.4,193810100600,160,15,***,50,*****
807,60.255,25.043,17.4,193810101200,140,15,***,48,*****
808,60.255,25.043,17.4,193810101800,200,15,***,48,*****
809,60.255,25.043,17.4,193810110600,230,6,***,52,*****
810,60.255,25.043,17.4,193810111200,230,10,***,52,*****
811,60.255,25.043,17.4,193810111800,230,6,***,50,*****
812,60.255,25.043,17.4,193810120600,200,6,***,48,*****
813,60.255,25.043,17.4,193810121200,250,15,***,50,*****
814,60.255,25.043,17.4,193810121800,290,10,***,45,*****
815,60.255,25.043,17.4,193810130600,***,0,***,43,*****
816,60.255,25.043,17.4,193810131800,230,6,***,48,*****
817,60.255,25.043,17.4,193810140600,050,6,***,50,*****
818,60.255,25.043,17.4,193810141200,270,15,***,55,*****
819,60.255,25.043,17.4,193810141800,230,6,***,50,*****
820,60.255,25.043,17.4,193810150600,050,15,***,45,*****
821,60.255,25.043,17.4,193810151200,360,10,***,45,*****
822,60.255,25.043,17.4,193810151800,360,10,***,41,*****
823,60.255,25.043,17.4,193810160600,020,6,***,37,*****
824,60.255,25.043,17.4,193810161200,020,2,***,41,*****
825,60.255,25.043,17.4,193810161800,050,2,***,37,*****
826,60.255,25.043,17.4,193810170600,160,10,***,48,*****
827,60.255,25.043,17.4,193810171200,180,10,***,50,*****
828,60.255,25.043,17.4,193810171800,230,10,***,50,*****
829,60.255,25.043,17.4,193810180600,160,2,***,48,*****
830,60.255,25.043,17.4,193810181200,230,15,***,54,*****
831,60.255,25.043,17.4,193810181800,200,10,***,50,*****
832,60.255,25.043,17.4,193810190600,180,2,***,46,*****
833,60.255,25.043,17.4,193810191200,140,10,***,52,*****
834,60.255,25.043,17.4,193810191800,140,10,***,54,*****
835,60.255,25.043,17.4,193810200600,360,21,***,43,*****
836,60.255,25.043,17.4,193810201200,020,21,***,41,*****
837,60.255,25.043,17.4,193810201800,020,21,***,43,*****
838,60.255,25.043,17.4,193810210600,020,15,***,39,*****
839,60.255,25.043,17.4,193810211200,360,15,***,43,*****
840,60.255,25.043,17.4,193810211800,050,10,***,37,*****
841,60.255,25.043,17.4,193810220600,050,6,***,30,*****
842,60.255,25.043,17.4,193810221200,050,6,***,37,*****
843,60.255,25.043,17.4,193810221800,050,6,***,36,*****
844,60.255,25.043,17.4,193810230600,050,2,***,36,*****
845,60.255,25.043,17.4,193810231200,160,6,***,41,*****
846,60.255,25.043,17.4,193810231800,160,2,***,34,*****
847,60.255,25.043,17.4,193810240600,140,10,***,37,*****
848,60.255,25.043,17.4,193810241200,140,6,***,37,*****
849,60.255,25.043,17.4,193810241800,320,6,***,37,*****
850,60.255,25.043,17.4,193810250600,230,6,***,39,*****
851,60.255,25.043,17.4,193810251200,200,6,***,43,*****
852,60.255,25.043,17.4,193810251800,180,10,***,45,*****
853,60.255,25.043,17.4,193810260600,140,10,***,41,*****
854,60.255,25.043,17.4,193810261200,140,10,***,45,*****
855,60.255,25.043,17.4,193810261800,200,10,***,46,*****
856,60.255,25.043,17.4,193810270600,140,10,***,46,*****
857,60.255,25.043,17.4,193810271200,180,6,***,48,*****
858,60.255,25.043,17.4,193810271800,***,0,***,45,*****
859,60.255,25.043,17.4,193810280600,160,6,***,46,*****
860,60.255,25.043,17.4,193810281200,140,10,***,46,*****
861,60.255,25.043,17.4,193810281800,140,10,***,46,*****
862,60.255,25.043,17.4,193810290600,180,10,***,46,*****
863,60.255,25.043,17.4,193810291200,200,6,***,48,*****
864,60.255,25.043,17.4,193810291800,200,2,***,48,*****
865,60.255,25.043,17.4,193810300600,090,6,***,46,*****
866,60.255,25.043,17.4,193810301200,110,6,***,46,*****
867,60.255,25.043,17.4,193810301800,140,10,***,46,*****
868,60.255,25.043,17.4,193810310600,180,2,***,45,*****
869,60.255,25.043,17.4,193810311200,160,10,***,48,*****
870,60.255,25.043,17.4,193810311800,160,10,***,46,*****
871,60.255,25.043,17.4,193811010600,250,6,***,45,*****
872,60.255,25.043,17.4,193811011200,230,10,***,48,*****
873,60.255,25.043,17.4,193811011800,230,6,***,48,*****
874,60.255,25.043,17.4,193811020600,180,10,***,48,*****
875,60.255,25.043,17.4,193811021200,140,10,***,48,*****
876,60.255,25.043,17.4,193811021800,200,10,***,48,*****
877,60.255,25.043,17.4,193811030600,140,10,***,46,*****
878,60.255,25.043,17.4,193811031200,140,10,***,48,*****
879,60.255,25.043,17.4,193811031800,200,10,***,45,*****
880,60.255,25.043,17.4,193811040600,230,10,***,46,*****
881,60.255,25.043,17.4,193811041200,270,10,***,46,*****
882,60.255,25.043,17.4,193811041800,230,10,***,45,*****
883,60.255,25.043,17.4,193811050600,270,10,***,37,*****
884,60.255,25.043,17.4,193811051200,320,10,***,41,*****
885,60.255,25.043,17.4,193811051800,320,10,***,37,*****
886,60.255,25.043,17.4,193811060600,320,10,***,32,*****
887,60.255,25.043,17.4,193811061200,320,10,***,41,*****
888,60.255,25.043,17.4,193811061800,250,6,***,37,*****
889,60.255,25.043,17.4,193811070600,180,15,***,46,*****
890,60.255,25.043,17.4,193811071200,290,15,***,43,*****
891,60.255,25.043,17.4,193811071800,050,10,***,39,*****
892,60.255,25.043,17.4,193811080600,050,10,***,37,*****
893,60.255,25.043,17.4,193811081200,290,6,***,39,*****
894,60.255,25.043,17.4,193811081800,110,2,***,37,*****
895,60.255,25.043,17.4,193811090600,050,10,***,34,*****
896,60.255,25.043,17.4,193811091200,360,10,***,46,*****
897,60.255,25.043,17.4,193811091800,320,6,***,32,*****
898,60.255,25.043,17.4,193811100600,320,10,***,34,*****
899,60.255,25.043,17.4,193811101200,270,10,***,39,*****
900,60.255,25.043,17.4,193811101800,270,10,***,34,*****
901,60.255,25.043,17.4,193811110600,230,6,***,43,*****
902,60.255,25.043,17.4,193811111200,320,6,***,41,*****
903,60.255,25.043,17.4,193811111800,050,6,***,39,*****
904,60.255,25.043,17.4,193811120600,070,2,***,39,*****
905,60.255,25.043,17.4,193811121200,230,10,***,43,*****
906,60.255,25.043,17.4,193811121800,200,10,***,45,*****
907,60.255,25.043,17.4,193811130600,200,10,***,46,*****
908,60.255,25.043,17.4,193811131800,230,10,***,48,*****
909,60.255,25.043,17.4,193811140600,200,10,***,48,*****
910,60.255,25.043,17.4,193811141200,200,15,***,48,*****
911,60.255,25.043,17.4,193811141800,230,15,***,50,*****
912,60.255,25.043,17.4,193811150600,270,15,***,45,*****
913,60.255,25.043,17.4,193811151200,320,21,***,46,*****
914,60.255,25.043,17.4,193811151800,050,15,***,41,*****
915,60.255,25.043,17.4,193811160600,290,10,***,37,*****
916,60.255,25.043,17.4,193811161200,290,21,***,45,*****
917,60.255,25.043,17.4,193811161800,320,10,***,39,*****
918,60.255,25.043,17.4,193811170600,360,15,***,34,*****
919,60.255,25.043,17.4,193811171200,360,10,***,37,*****
920,60.255,25.043,17.4,193811171800,360,10,***,32,*****
921,60.255,25.043,17.4,193811180600,***,0,***,28,*****
922,60.255,25.043,17.4,193811181200,230,6,***,39,*****
923,60.255,25.043,17.4,193811181800,230,10,***,43,*****
924,60.255,25.043,17.4,193811190600,270,6,***,41,*****
925,60.255,25.043,17.4,193811191200,320,10,***,37,*****
926,60.255,25.043,17.4,193811191800,020,2,***,37,*****
927,60.255,25.043,17.4,193811200600,200,10,***,46,*****
928,60.255,25.043,17.4,193811201200,270,10,***,43,*****
929,60.255,25.043,17.4,193811201800,270,10,***,43,*****
930,60.255,25.043,17.4,193811210600,250,6,***,45,*****
931,60.255,25.043,17.4,193811211200,200,10,***,45,*****
932,60.255,25.043,17.4,193811211800,140,15,***,41,*****
933,60.255,25.043,17.4,193811220600,160,15,***,41,*****
934,60.255,25.043,17.4,193811221200,140,10,***,41,*****
935,60.255,25.043,17.4,193811221800,140,15,***,45,*****
936,60.255,25.043,17.4,193811230600,140,15,***,41,*****
937,60.255,25.043,17.4,193811231200,140,10,***,41,*****
938,60.255,25.043,17.4,193811231800,230,6,***,45,*****
939,60.255,25.043,17.4,193811240600,140,21,***,41,*****
940,60.255,25.043,17.4,193811241200,200,28,***,46,*****
941,60.255,25.043,17.4,193811241800,200,21,***,48,*****
942,60.255,25.043,17.4,193811250600,230,21,***,45,*****
943,60.255,25.043,17.4,193811251200,270,15,***,45,*****
944,60.255,25.043,17.4,193811251800,270,10,***,41,*****
945,60.255,25.043,17.4,193811260600,230,6,***,43,*****
946,60.255,25.043,17.4,193811261200,180,10,***,43,*****
947,60.255,25.043,17.4,193811261800,180,21,***,45,*****
948,60.255,25.043,17.4,193811270600,200,15,***,45,*****
949,60.255,25.043,17.4,193811271200,200,28,***,46,*****
950,60.255,25.043,17.4,193811271800,230,15,***,45,*****
951,60.255,25.043,17.4,193811280600,200,15,***,45,*****
952,60.255,25.043,17.4,193811281200,200,15,***,45,*****
953,60.255,25.043,17.4,193811281800,180,10,***,43,*****
954,60.255,25.043,17.4,193811290600,200,15,***,43,*****
955,60.255,25.043,17.4,193811291200,160,10,***,46,*****
956,60.255,25.043,17.4,193811291800,180,15,***,41,*****
957,60.255,25.043,17.4,193811300600,160,15,***,39,*****
958,60.255,25.043,17.4,193811301200,140,15,***,****,*****
959,60.255,25.043,17.4,193811301800,160,21,***,39,*****
960,60.255,25.043,17.4,193812010600,160,21,***,41,*****
961,60.255,25.043,17.4,193812011200,160,21,***,41,*****
962,60.255,25.043,17.4,193812011800,160,15,***,43,*****
963,60.255,25.043,17.4,193812020600,180,2,***,45,*****
964,60.255,25.043,17.4,193812021800,160,6,***,45,*****
965,60.255,25.043,17.4,193812030600,200,10,***,45,*****
966,60.255,25.043,17.4,193812031200,200,10,***,45,*****
967,60.255,25.043,17.4,193812031800,160,15,***,45,*****
968,60.255,25.043,17.4,193812040600,***,0,***,41,*****
969,60.255,25.043,17.4,193812041200,230,2,***,41,*****
970,60.255,25.043,17.4,193812041800,230,2,***,41,*****
971,60.255,25.043,17.4,193812050600,050,2,***,37,*****
972,60.255,25.043,17.4,193812051200,050,2,***,36,*****
973,60.255,25.043,17.4,193812051800,050,2,***,39,*****
974,60.255,25.043,17.4,193812060600,140,6,***,39,*****
975,60.255,25.043,17.4,193812061200,180,10,***,39,*****
976,60.255,25.043,17.4,193812061800,200,6,***,39,*****
977,60.255,25.043,17.4,193812071200,250,2,***,41,*****
978,60.255,25.043,17.4,193812071800,230,6,***,39,*****
979,60.255,25.043,17.4,193812080600,230,10,***,45,*****
980,60.255,25.043,17.4,193812090600,180,10,***,41,*****
981,60.255,25.043,17.4,193812091200,180,15,***,41,*****
982,60.255,25.043,17.4,193812091800,160,15,***,39,*****
983,60.255,25.043,17.4,193812100600,180,28,***,37,*****
984,60.255,25.043,17.4,193812101200,180,15,***,39,*****
985,60.255,25.043,17.4,193812101800,200,15,***,36,*****
986,60.255,25.043,17.4,193812110600,180,15,***,36,*****
987,60.255,25.043,17.4,193812111200,140,10,***,36,*****
988,60.255,25.043,17.4,193812111800,160,15,***,34,*****
989,60.255,25.043,17.4,193812120600,290,6,***,36,*****
990,60.255,25.043,17.4,193812121200,200,10,***,36,*****
991,60.255,25.043,17.4,193812121800,230,6,***,36,*****
992,60.255,25.043,17.4,193812130600,200,2,***,37,*****
993,60.255,25.043,17.4,193812131200,140,6,***,36,*****
994,60.255,25.043,17.4,193812131800,160,6,***,36,*****
995,60.255,25.043,17.4,193812140600,050,6,***,34,*****
996,60.255,25.043,17.4,193812141200,050,6,***,36,*****
997,60.255,25.043,17.4,193812141800,050,6,***,36,*****
998,60.255,25.043,17.4,193812150600,110,21,***,28,*****
999,60.255,25.043,17.4,193812151200,110,15,***,25,*****
1000,60.255,25.043,17.4,193812151800,110,10,***,23,*****
1001,60.255,25.043,17.4,193812160600,140,10,***,23,*****
1002,60.255,25.043,17.4,193812161200,140,10,***,23,*****
1003,60.255,25.043,17.4,193812161800,140,10,***,21,*****
1004,60.255,25.043,17.4,193812170600,160,6,***,23,*****
1005,60.255,25.043,17.4,193812171200,140,10,***,21,*****
1006,60.255,25.043,17.4,193812171800,140,10,***,21,*****
1007,60.255,25.043,17.4,193812180600,020,2,***,18,*****
1008,60.255,25.043,17.4,193812181200,140,6,***,5,*****
1009,60.255,25.043,17.4,193812181800,140,10,***,19,*****
1010,60.255,25.043,17.4,193812190600,140,10,***,21,*****
1011,60.255,25.043,17.4,193812191200,140,15,***,19,*****
1012,60.255,25.043,17.4,193812191800,050,10,***,14,*****
1013,60.255,25.043,17.4,193812200600,050,10,***,14,*****
1014,60.255,25.043,17.4,193812201200,090,15,***,23,*****
1015,60.255,25.043,17.4,193812201800,070,15,***,16,*****
1016,60.255,25.043,17.4,193812210600,110,15,***,23,*****
1017,60.255,25.043,17.4,193812211200,140,10,***,23,*****
1018,60.255,25.043,17.4,193812211800,160,15,***,25,*****
1019,60.255,25.043,17.4,193812220600,050,10,***,16,*****
1020,60.255,25.043,17.4,193812221200,140,15,***,23,*****
1021,60.255,25.043,17.4,193812221800,050,10,***,19,*****
1022,60.255,25.043,17.4,193812230600,160,15,***,21,*****
1023,60.255,25.043,17.4,193812231800,070,15,***,16,*****
1024,60.255,25.043,17.4,193812240600,050,15,***,12,*****
1025,60.255,25.043,17.4,193812241200,050,15,***,14,*****
1026,60.255,25.043,17.4,193812241800,050,15,***,12,*****
1027,60.255,25.043,17.4,193812250600,050,21,***,12,*****
1028,60.255,25.043,17.4,193812251200,070,15,***,14,*****
1029,60.255,25.043,17.4,193812251800,070,15,***,12,*****
1030,60.255,25.043,17.4,193812261200,070,10,***,19,*****
1031,60.255,25.043,17.4,193812261800,050,6,***,21,*****
1032,60.255,25.043,17.4,193812270600,160,10,***,23,*****
1033,60.255,25.043,17.4,193812271200,140,10,***,23,*****
1034,60.255,25.043,17.4,193812271800,140,15,***,23,*****
1035,60.255,25.043,17.4,193812280600,160,15,***,25,*****
1036,60.255,25.043,17.4,193812281200,140,15,***,25,*****
1037,60.255,25.043,17.4,193812281800,160,15,***,23,*****
1038,60.255,25.043,17.4,193812291200,160,10,***,23,*****
1039,60.255,25.043,17.4,193812291800,160,10,***,****,*****
1040,60.255,25.043,17.4,193812300600,140,10,***,25,*****
1041,60.255,25.043,17.4,193812301200,140,10,***,23,*****
1042,60.255,25.043,17.4,193812301800,140,10,***,21,*****
1043,60.255,25.043,17.4,193812310600,140,10,***,21,*****
1044,60.255,25.043,17.4,193812311200,140,10,***,25,*****
1045,60.255,25.043,17.4,193812311800,090,10,***,25,*****
