,Lat,Lon,Ele,YR--MODAHRMN,DIR,SPD,GUS,TEMP,ALT
0,60.255,25.043,17.4,193901010600,110,10,***,25,*****
1,60.255,25.043,17.4,193901011800,140,10,***,30,*****
2,60.255,25.043,17.4,193901020600,110,6,***,30,*****
3,60.255,25.043,17.4,193901021200,090,6,***,30,*****
4,60.255,25.043,17.4,193901021800,110,6,***,28,*****
5,60.255,25.043,17.4,193901030600,140,10,***,25,*****
6,60.255,25.043,17.4,193901031200,140,6,***,25,*****
7,60.255,25.043,17.4,193901031800,140,6,***,27,*****
8,60.255,25.043,17.4,193901040600,110,10,***,28,*****
9,60.255,25.043,17.4,193901041200,140,6,***,27,*****
10,60.255,25.043,17.4,193901041800,140,6,***,25,*****
11,60.255,25.043,17.4,193901050600,050,6,***,19,*****
12,60.255,25.043,17.4,193901051200,290,6,***,23,*****
13,60.255,25.043,17.4,193901051800,290,2,***,21,*****
14,60.255,25.043,17.4,193901060600,320,2,***,19,*****
15,60.255,25.043,17.4,193901061200,290,6,***,12,*****
16,60.255,25.043,17.4,193901061800,340,6,***,12,*****
17,60.255,25.043,17.4,193901070600,020,6,***,-6,*****
18,60.255,25.043,17.4,193901071200,020,6,***,1,*****
19,60.255,25.043,17.4,193901071800,020,6,***,-2,*****
20,60.255,25.043,17.4,193901080600,360,2,***,-4,*****
21,60.255,25.043,17.4,193901081200,360,2,***,1,*****
22,60.255,25.043,17.4,193901081800,020,2,***,-2,*****
23,60.255,25.043,17.4,193901090600,070,2,***,-8,*****
24,60.255,25.043,17.4,193901091200,070,2,***,7,*****
25,60.255,25.043,17.4,193901091800,070,6,***,7,*****
26,60.255,25.043,17.4,193901100600,070,10,***,12,*****
27,60.255,25.043,17.4,193901101200,050,10,***,9,*****
28,60.255,25.043,17.4,193901110600,050,10,***,1,*****
29,60.255,25.043,17.4,193901111200,050,6,***,5,*****
30,60.255,25.043,17.4,193901111800,050,6,***,-2,*****
31,60.255,25.043,17.4,193901120600,***,0,***,5,*****
32,60.255,25.043,17.4,193901121200,140,2,***,10,*****
33,60.255,25.043,17.4,193901121800,070,6,***,12,*****
34,60.255,25.043,17.4,193901130600,140,6,***,19,*****
35,60.255,25.043,17.4,193901131200,110,2,***,25,*****
36,60.255,25.043,17.4,193901131800,110,6,***,25,*****
37,60.255,25.043,17.4,193901140600,160,2,***,30,*****
38,60.255,25.043,17.4,193901141200,090,6,***,30,*****
39,60.255,25.043,17.4,193901141800,090,2,***,28,*****
40,60.255,25.043,17.4,193901150600,320,10,***,28,*****
41,60.255,25.043,17.4,193901151200,290,2,***,28,*****
42,60.255,25.043,17.4,193901151800,320,2,***,27,*****
43,60.255,25.043,17.4,193901160600,140,10,***,32,*****
44,60.255,25.043,17.4,193901161200,140,10,***,36,*****
45,60.255,25.043,17.4,193901161800,140,15,***,36,*****
46,60.255,25.043,17.4,193901170600,230,10,***,37,*****
47,60.255,25.043,17.4,193901171200,230,15,***,37,*****
48,60.255,25.043,17.4,193901171800,230,10,***,36,*****
49,60.255,25.043,17.4,193901180600,340,10,***,34,*****
50,60.255,25.043,17.4,193901181200,320,6,***,32,*****
51,60.255,25.043,17.4,193901181800,320,10,***,27,*****
52,60.255,25.043,17.4,193901190600,320,10,***,21,*****
53,60.255,25.043,17.4,193901191200,270,6,***,27,*****
54,60.255,25.043,17.4,193901191800,270,6,***,25,*****
55,60.255,25.043,17.4,193901200600,320,2,***,21,*****
56,60.255,25.043,17.4,193901201200,320,6,***,21,*****
57,60.255,25.043,17.4,193901201800,320,2,***,16,*****
58,60.255,25.043,17.4,193901210600,160,10,***,27,*****
59,60.255,25.043,17.4,193901211200,140,10,***,28,*****
60,60.255,25.043,17.4,193901211800,140,10,***,28,*****
61,60.255,25.043,17.4,193901220600,110,6,***,32,*****
62,60.255,25.043,17.4,193901221200,140,6,***,32,*****
63,60.255,25.043,17.4,193901221800,140,6,***,28,*****
64,60.255,25.043,17.4,193901230600,160,10,***,32,*****
65,60.255,25.043,17.4,193901231200,140,10,***,32,*****
66,60.255,25.043,17.4,193901231800,***,***,***,32,*****
67,60.255,25.043,17.4,193901240600,140,6,***,34,*****
68,60.255,25.043,17.4,193901241200,140,6,***,34,*****
69,60.255,25.043,17.4,193901241800,140,6,***,34,*****
70,60.255,25.043,17.4,193901250600,140,6,***,34,*****
71,60.255,25.043,17.4,193901251800,110,2,***,34,*****
72,60.255,25.043,17.4,193901260600,140,10,***,30,*****
73,60.255,25.043,17.4,193901261200,070,6,***,27,*****
74,60.255,25.043,17.4,193901261800,090,15,***,27,*****
75,60.255,25.043,17.4,193901270600,070,10,***,21,*****
76,60.255,25.043,17.4,193901271200,050,10,***,25,*****
77,60.255,25.043,17.4,193901271800,050,10,***,23,*****
78,60.255,25.043,17.4,193901280600,050,6,***,19,*****
79,60.255,25.043,17.4,193901281200,050,6,***,21,*****
80,60.255,25.043,17.4,193901281800,050,2,***,21,*****
81,60.255,25.043,17.4,193901290600,230,10,***,27,*****
82,60.255,25.043,17.4,193901291200,050,10,***,30,*****
83,60.255,25.043,17.4,193901291800,320,10,***,32,*****
84,60.255,25.043,17.4,193901300600,020,6,***,18,*****
85,60.255,25.043,17.4,193901301200,320,6,***,27,*****
86,60.255,25.043,17.4,193901301800,320,6,***,21,*****
87,60.255,25.043,17.4,193901310600,020,6,***,25,*****
88,60.255,25.043,17.4,193901311200,360,6,***,25,*****
89,60.255,25.043,17.4,193901311800,270,10,***,23,*****
90,60.255,25.043,17.4,193902010600,290,15,***,34,*****
91,60.255,25.043,17.4,193902011200,290,10,***,36,*****
92,60.255,25.043,17.4,193902011800,340,15,***,32,*****
93,60.255,25.043,17.4,193902020600,250,15,***,21,*****
94,60.255,25.043,17.4,193902021200,340,15,***,****,*****
95,60.255,25.043,17.4,193902021800,290,10,***,19,*****
96,60.255,25.043,17.4,193902030600,340,2,***,18,*****
97,60.255,25.043,17.4,193902031200,270,10,***,30,*****
98,60.255,25.043,17.4,193902031800,250,10,***,28,*****
99,60.255,25.043,17.4,193902040600,290,6,***,30,*****
100,60.255,25.043,17.4,193902041200,290,6,***,34,*****
101,60.255,25.043,17.4,193902041800,180,6,***,32,*****
102,60.255,25.043,17.4,193902050600,270,15,***,34,*****
103,60.255,25.043,17.4,193902051200,320,10,***,37,*****
104,60.255,25.043,17.4,193902051800,270,10,***,36,*****
105,60.255,25.043,17.4,193902060600,270,15,***,37,*****
106,60.255,25.043,17.4,193902061200,270,10,***,41,*****
107,60.255,25.043,17.4,193902061800,250,15,***,37,*****
108,60.255,25.043,17.4,193902070600,320,15,***,36,*****
109,60.255,25.043,17.4,193902071200,230,15,***,45,*****
110,60.255,25.043,17.4,193902071800,200,15,***,45,*****
111,60.255,25.043,17.4,193902080600,230,15,***,46,*****
112,60.255,25.043,17.4,193902081200,290,10,***,37,*****
113,60.255,25.043,17.4,193902081800,290,10,***,39,*****
114,60.255,25.043,17.4,193902090600,320,10,***,36,*****
115,60.255,25.043,17.4,193902091200,230,6,***,37,*****
116,60.255,25.043,17.4,193902091800,140,6,***,34,*****
117,60.255,25.043,17.4,193902100600,200,10,***,36,*****
118,60.255,25.043,17.4,193902101200,360,21,***,36,*****
119,60.255,25.043,17.4,193902101800,360,15,***,30,*****
120,60.255,25.043,17.4,193902110600,250,6,***,27,*****
121,60.255,25.043,17.4,193902111200,180,10,***,34,*****
122,60.255,25.043,17.4,193902111800,320,10,***,36,*****
123,60.255,25.043,17.4,193902120600,140,10,***,34,*****
124,60.255,25.043,17.4,193902121200,250,10,***,37,*****
125,60.255,25.043,17.4,193902121800,250,10,***,37,*****
126,60.255,25.043,17.4,193902130600,230,6,***,37,*****
127,60.255,25.043,17.4,193902131200,360,21,***,27,*****
128,60.255,25.043,17.4,193902131800,340,21,***,23,*****
129,60.255,25.043,17.4,193902140600,360,15,***,16,*****
130,60.255,25.043,17.4,193902141200,360,10,***,25,*****
131,60.255,25.043,17.4,193902141800,250,6,***,25,*****
132,60.255,25.043,17.4,193902150600,230,28,***,34,*****
133,60.255,25.043,17.4,193902151200,230,10,***,37,*****
134,60.255,25.043,17.4,193902151800,250,15,***,36,*****
135,60.255,25.043,17.4,193902160600,250,10,***,36,*****
136,60.255,25.043,17.4,193902161200,250,10,***,39,*****
137,60.255,25.043,17.4,193902161800,320,21,***,39,*****
138,60.255,25.043,17.4,193902170600,230,6,***,34,*****
139,60.255,25.043,17.4,193902171200,230,15,***,37,*****
140,60.255,25.043,17.4,193902171800,250,10,***,34,*****
141,60.255,25.043,17.4,193902180600,180,10,***,36,*****
142,60.255,25.043,17.4,193902181200,140,10,***,36,*****
143,60.255,25.043,17.4,193902181800,140,10,***,34,*****
144,60.255,25.043,17.4,193902190600,140,6,***,36,*****
145,60.255,25.043,17.4,193902191200,140,6,***,36,*****
146,60.255,25.043,17.4,193902191800,230,6,***,34,*****
147,60.255,25.043,17.4,193902200600,140,6,***,36,*****
148,60.255,25.043,17.4,193902201200,140,6,***,36,*****
149,60.255,25.043,17.4,193902201800,090,6,***,34,*****
150,60.255,25.043,17.4,193902210600,110,10,***,32,*****
151,60.255,25.043,17.4,193902211200,070,6,***,34,*****
152,60.255,25.043,17.4,193902211800,090,6,***,32,*****
153,60.255,25.043,17.4,193902220600,140,15,***,32,*****
154,60.255,25.043,17.4,193902221200,110,10,***,32,*****
155,60.255,25.043,17.4,193902221800,140,10,***,34,*****
156,60.255,25.043,17.4,193902230600,160,10,***,34,*****
157,60.255,25.043,17.4,193902231200,160,10,***,34,*****
158,60.255,25.043,17.4,193902231800,160,10,***,34,*****
159,60.255,25.043,17.4,193902240600,140,10,***,32,*****
160,60.255,25.043,17.4,193902241200,110,6,***,32,*****
161,60.255,25.043,17.4,193902241800,160,6,***,32,*****
162,60.255,25.043,17.4,193902250600,140,10,***,27,*****
163,60.255,25.043,17.4,193902251200,140,10,***,28,*****
164,60.255,25.043,17.4,193902251800,140,10,***,30,*****
165,60.255,25.043,17.4,193902260600,200,15,***,36,*****
166,60.255,25.043,17.4,193902261200,200,15,***,34,*****
167,60.255,25.043,17.4,193902261800,180,15,***,34,*****
168,60.255,25.043,17.4,193902270600,200,15,***,37,*****
169,60.255,25.043,17.4,193902271200,200,10,***,37,*****
170,60.255,25.043,17.4,193902271800,180,10,***,36,*****
171,60.255,25.043,17.4,193902280600,250,6,***,34,*****
172,60.255,25.043,17.4,193902281200,230,6,***,36,*****
173,60.255,25.043,17.4,193902281800,230,6,***,36,*****
174,60.255,25.043,17.4,193903010600,180,10,***,36,*****
175,60.255,25.043,17.4,193903011200,230,6,***,36,*****
176,60.255,25.043,17.4,193903011800,200,6,***,34,*****
177,60.255,25.043,17.4,193903020600,050,2,***,32,*****
178,60.255,25.043,17.4,193903021200,110,6,***,32,*****
179,60.255,25.043,17.4,193903021800,090,2,***,30,*****
180,60.255,25.043,17.4,193903030600,090,2,***,23,*****
181,60.255,25.043,17.4,193903031200,270,6,***,34,*****
182,60.255,25.043,17.4,193903031800,160,6,***,32,*****
183,60.255,25.043,17.4,193903040600,200,10,***,34,*****
184,60.255,25.043,17.4,193903041200,230,15,***,32,*****
185,60.255,25.043,17.4,193903041800,230,15,***,34,*****
186,60.255,25.043,17.4,193903050600,270,15,***,34,*****
187,60.255,25.043,17.4,193903051200,270,6,***,37,*****
188,60.255,25.043,17.4,193903051800,250,10,***,32,*****
189,60.255,25.043,17.4,193903060600,140,6,***,34,*****
190,60.255,25.043,17.4,193903061200,140,6,***,36,*****
191,60.255,25.043,17.4,193903061800,160,10,***,36,*****
192,60.255,25.043,17.4,193903070600,200,10,***,36,*****
193,60.255,25.043,17.4,193903071200,180,10,***,36,*****
194,60.255,25.043,17.4,193903071800,140,6,***,36,*****
195,60.255,25.043,17.4,193903080600,140,6,***,34,*****
196,60.255,25.043,17.4,193903081200,140,6,***,36,*****
197,60.255,25.043,17.4,193903081800,090,6,***,34,*****
198,60.255,25.043,17.4,193903090600,050,10,***,32,*****
199,60.255,25.043,17.4,193903091200,070,6,***,32,*****
200,60.255,25.043,17.4,193903091800,020,10,***,32,*****
201,60.255,25.043,17.4,193903100600,020,10,***,28,*****
202,60.255,25.043,17.4,193903101200,020,10,***,30,*****
203,60.255,25.043,17.4,193903101800,020,10,***,30,*****
204,60.255,25.043,17.4,193903110600,050,10,***,30,*****
205,60.255,25.043,17.4,193903111200,070,6,***,34,*****
206,60.255,25.043,17.4,193903111800,070,6,***,30,*****
207,60.255,25.043,17.4,193903120600,050,6,***,21,*****
208,60.255,25.043,17.4,193903121200,140,6,***,28,*****
209,60.255,25.043,17.4,193903121800,180,6,***,27,*****
210,60.255,25.043,17.4,193903130600,270,2,***,28,*****
211,60.255,25.043,17.4,193903131200,200,10,***,34,*****
212,60.255,25.043,17.4,193903131800,200,10,***,32,*****
213,60.255,25.043,17.4,193903140600,160,10,***,32,*****
214,60.255,25.043,17.4,193903141200,110,10,***,32,*****
215,60.255,25.043,17.4,193903141800,180,15,***,30,*****
216,60.255,25.043,17.4,193903150600,160,10,***,28,*****
217,60.255,25.043,17.4,193903151200,090,6,***,30,*****
218,60.255,25.043,17.4,193903151800,050,2,***,27,*****
219,60.255,25.043,17.4,193903160600,360,6,***,25,*****
220,60.255,25.043,17.4,193903161200,360,10,***,28,*****
221,60.255,25.043,17.4,193903161800,020,10,***,23,*****
222,60.255,25.043,17.4,193903170600,050,21,***,27,*****
223,60.255,25.043,17.4,193903171200,050,21,***,27,*****
224,60.255,25.043,17.4,193903171800,050,21,***,27,*****
225,60.255,25.043,17.4,193903180600,050,15,***,14,*****
226,60.255,25.043,17.4,193903181200,360,10,***,25,*****
227,60.255,25.043,17.4,193903181800,050,6,***,23,*****
228,60.255,25.043,17.4,193903190600,050,2,***,16,*****
229,60.255,25.043,17.4,193903191200,090,6,***,28,*****
230,60.255,25.043,17.4,193903191800,070,2,***,25,*****
231,60.255,25.043,17.4,193903200600,050,6,***,25,*****
232,60.255,25.043,17.4,193903201200,110,6,***,28,*****
233,60.255,25.043,17.4,193903201800,110,2,***,21,*****
234,60.255,25.043,17.4,193903210600,320,43,***,25,*****
235,60.255,25.043,17.4,193903211200,090,6,***,27,*****
236,60.255,25.043,17.4,193903211800,090,2,***,25,*****
237,60.255,25.043,17.4,193903220600,050,2,***,23,*****
238,60.255,25.043,17.4,193903221200,070,2,***,30,*****
239,60.255,25.043,17.4,193903221800,140,2,***,27,*****
240,60.255,25.043,17.4,193903230600,050,6,***,25,*****
241,60.255,25.043,17.4,193903231200,140,6,***,32,*****
242,60.255,25.043,17.4,193903231800,050,6,***,30,*****
243,60.255,25.043,17.4,193903240600,050,15,***,27,*****
244,60.255,25.043,17.4,193903241200,050,10,***,28,*****
245,60.255,25.043,17.4,193903241800,090,2,***,30,*****
246,60.255,25.043,17.4,193903250600,140,10,***,34,*****
247,60.255,25.043,17.4,193903251200,110,10,***,36,*****
248,60.255,25.043,17.4,193903251800,140,6,***,36,*****
249,60.255,25.043,17.4,193903260600,140,2,***,36,*****
250,60.255,25.043,17.4,193903261200,110,10,***,39,*****
251,60.255,25.043,17.4,193903261800,110,6,***,36,*****
252,60.255,25.043,17.4,193903270600,050,6,***,34,*****
253,60.255,25.043,17.4,193903271200,050,10,***,37,*****
254,60.255,25.043,17.4,193903271800,070,10,***,37,*****
255,60.255,25.043,17.4,193903280600,090,10,***,32,*****
256,60.255,25.043,17.4,193903281200,110,10,***,36,*****
257,60.255,25.043,17.4,193903281800,***,10,***,32,*****
258,60.255,25.043,17.4,193903290600,050,10,***,32,*****
259,60.255,25.043,17.4,193903291200,050,10,***,39,*****
260,60.255,25.043,17.4,193903291800,050,10,***,36,*****
261,60.255,25.043,17.4,193903300600,050,10,***,28,*****
262,60.255,25.043,17.4,193903301200,050,10,***,36,*****
263,60.255,25.043,17.4,193903301800,050,10,***,32,*****
264,60.255,25.043,17.4,193903310600,020,10,***,****,*****
265,60.255,25.043,17.4,193903311200,360,10,***,28,*****
266,60.255,25.043,17.4,193903311800,020,6,***,27,*****
267,60.255,25.043,17.4,193904010600,360,6,***,23,*****
268,60.255,25.043,17.4,193904011200,360,15,***,28,*****
269,60.255,25.043,17.4,193904011800,360,6,***,27,*****
270,60.255,25.043,17.4,193904020600,020,10,***,23,*****
271,60.255,25.043,17.4,193904021200,360,6,***,27,*****
272,60.255,25.043,17.4,193904021800,230,6,***,25,*****
273,60.255,25.043,17.4,193904030600,140,10,***,28,*****
274,60.255,25.043,17.4,193904031200,140,6,***,30,*****
275,60.255,25.043,17.4,193904031800,140,6,***,32,*****
276,60.255,25.043,17.4,193904040600,140,6,***,36,*****
277,60.255,25.043,17.4,193904041200,090,15,***,36,*****
278,60.255,25.043,17.4,193904041800,140,10,***,34,*****
279,60.255,25.043,17.4,193904050600,110,15,***,32,*****
280,60.255,25.043,17.4,193904051200,090,15,***,32,*****
281,60.255,25.043,17.4,193904051800,140,15,***,34,*****
282,60.255,25.043,17.4,193904060600,090,2,***,34,*****
283,60.255,25.043,17.4,193904061200,180,6,***,39,*****
284,60.255,25.043,17.4,193904061800,020,2,***,36,*****
285,60.255,25.043,17.4,193904070600,230,10,***,34,*****
286,60.255,25.043,17.4,193904071200,270,15,***,39,*****
287,60.255,25.043,17.4,193904071800,320,15,***,37,*****
288,60.255,25.043,17.4,193904080600,290,10,***,43,*****
289,60.255,25.043,17.4,193904081200,340,15,***,48,*****
290,60.255,25.043,17.4,193904081800,230,6,***,39,*****
291,60.255,25.043,17.4,193904090600,070,6,***,39,*****
292,60.255,25.043,17.4,193904091200,140,6,***,41,*****
293,60.255,25.043,17.4,193904091800,140,10,***,36,*****
294,60.255,25.043,17.4,193904100600,020,10,***,32,*****
295,60.255,25.043,17.4,193904101200,050,10,***,39,*****
296,60.255,25.043,17.4,193904101800,050,6,***,36,*****
297,60.255,25.043,17.4,193904110600,320,6,***,37,*****
298,60.255,25.043,17.4,193904111200,200,10,***,37,*****
299,60.255,25.043,17.4,193904111800,250,10,***,37,*****
300,60.255,25.043,17.4,193904120600,020,15,***,34,*****
301,60.255,25.043,17.4,193904121200,050,15,***,39,*****
302,60.255,25.043,17.4,193904130600,140,6,***,36,*****
303,60.255,25.043,17.4,193904131200,200,6,***,37,*****
304,60.255,25.043,17.4,193904131800,140,6,***,32,*****
305,60.255,25.043,17.4,193904140600,160,10,***,36,*****
306,60.255,25.043,17.4,193904141800,230,10,***,41,*****
307,60.255,25.043,17.4,193904150600,250,6,***,41,*****
308,60.255,25.043,17.4,193904151200,200,6,***,45,*****
309,60.255,25.043,17.4,193904151800,250,6,***,41,*****
310,60.255,25.043,17.4,193904160600,230,6,***,39,*****
311,60.255,25.043,17.4,193904161200,230,10,***,41,*****
312,60.255,25.043,17.4,193904161800,270,6,***,41,*****
313,60.255,25.043,17.4,193904170600,230,2,***,39,*****
314,60.255,25.043,17.4,193904171200,200,6,***,48,*****
315,60.255,25.043,17.4,193904180600,320,10,***,46,*****
316,60.255,25.043,17.4,193904181200,320,15,***,48,*****
317,60.255,25.043,17.4,193904181800,320,10,***,41,*****
318,60.255,25.043,17.4,193904190600,360,21,***,37,*****
319,60.255,25.043,17.4,193904191200,340,15,***,48,*****
320,60.255,25.043,17.4,193904191800,270,10,***,43,*****
321,60.255,25.043,17.4,193904200600,270,2,***,46,*****
322,60.255,25.043,17.4,193904201200,270,15,***,52,*****
323,60.255,25.043,17.4,193904201800,270,10,***,46,*****
324,60.255,25.043,17.4,193904210600,090,6,***,41,*****
325,60.255,25.043,17.4,193904211200,090,6,***,41,*****
326,60.255,25.043,17.4,193904211800,230,6,***,41,*****
327,60.255,25.043,17.4,193904220600,360,10,***,41,*****
328,60.255,25.043,17.4,193904221200,230,10,***,45,*****
329,60.255,25.043,17.4,193904221800,270,6,***,46,*****
330,60.255,25.043,17.4,193904230600,140,10,***,39,*****
331,60.255,25.043,17.4,193904231200,140,6,***,43,*****
332,60.255,25.043,17.4,193904231800,140,10,***,41,*****
333,60.255,25.043,17.4,193904240600,180,21,***,37,*****
334,60.255,25.043,17.4,193904241200,200,15,***,41,*****
335,60.255,25.043,17.4,193904241800,230,15,***,41,*****
336,60.255,25.043,17.4,193904250600,180,10,***,39,*****
337,60.255,25.043,17.4,193904251200,140,10,***,39,*****
338,60.255,25.043,17.4,193904251800,230,6,***,46,*****
339,60.255,25.043,17.4,193904260600,140,15,***,45,*****
340,60.255,25.043,17.4,193904261200,140,10,***,45,*****
341,60.255,25.043,17.4,193904261800,230,10,***,43,*****
342,60.255,25.043,17.4,193904270600,290,15,***,45,*****
343,60.255,25.043,17.4,193904271200,230,10,***,43,*****
344,60.255,25.043,17.4,193904271800,180,6,***,41,*****
345,60.255,25.043,17.4,193904280600,320,10,***,41,*****
346,60.255,25.043,17.4,193904281200,320,15,***,50,*****
347,60.255,25.043,17.4,193904281800,360,10,***,45,*****
348,60.255,25.043,17.4,193904290600,250,6,***,48,*****
349,60.255,25.043,17.4,193904291200,180,10,***,46,*****
350,60.255,25.043,17.4,193904291800,250,10,***,45,*****
351,60.255,25.043,17.4,193904300600,230,10,***,48,*****
352,60.255,25.043,17.4,193904301200,230,10,***,48,*****
353,60.255,25.043,17.4,193904301800,320,10,***,52,*****
354,60.255,25.043,17.4,193905010600,050,10,***,45,*****
355,60.255,25.043,17.4,193905011200,180,10,***,46,*****
356,60.255,25.043,17.4,193905011800,230,6,***,41,*****
357,60.255,25.043,17.4,193905020600,070,2,***,45,*****
358,60.255,25.043,17.4,193905021200,160,10,***,45,*****
359,60.255,25.043,17.4,193905030600,270,15,***,43,*****
360,60.255,25.043,17.4,193905031200,270,21,***,41,*****
361,60.255,25.043,17.4,193905031800,320,10,***,37,*****
362,60.255,25.043,17.4,193905040600,360,15,***,39,*****
363,60.255,25.043,17.4,193905041200,360,15,***,46,*****
364,60.255,25.043,17.4,193905041800,020,10,***,43,*****
365,60.255,25.043,17.4,193905050600,360,10,***,39,*****
366,60.255,25.043,17.4,193905051200,180,10,***,45,*****
367,60.255,25.043,17.4,193905051800,230,6,***,41,*****
368,60.255,25.043,17.4,193905060600,140,6,***,45,*****
369,60.255,25.043,17.4,193905061200,140,6,***,48,*****
370,60.255,25.043,17.4,193905061800,090,6,***,46,*****
371,60.255,25.043,17.4,193905070600,050,15,***,46,*****
372,60.255,25.043,17.4,193905071200,140,10,***,46,*****
373,60.255,25.043,17.4,193905071800,140,6,***,36,*****
374,60.255,25.043,17.4,193905080600,020,10,***,37,*****
375,60.255,25.043,17.4,193905081200,050,6,***,45,*****
376,60.255,25.043,17.4,193905081800,200,6,***,41,*****
377,60.255,25.043,17.4,193905090600,020,10,***,46,*****
378,60.255,25.043,17.4,193905091200,200,10,***,48,*****
379,60.255,25.043,17.4,193905091800,230,6,***,45,*****
380,60.255,25.043,17.4,193905100600,050,2,***,46,*****
381,60.255,25.043,17.4,193905101200,200,10,***,50,*****
382,60.255,25.043,17.4,193905101800,180,6,***,45,*****
383,60.255,25.043,17.4,193905110600,090,6,***,50,*****
384,60.255,25.043,17.4,193905111200,140,10,***,48,*****
385,60.255,25.043,17.4,193905111800,140,6,***,45,*****
386,60.255,25.043,17.4,193905120600,140,10,***,48,*****
387,60.255,25.043,17.4,193905121200,140,10,***,46,*****
388,60.255,25.043,17.4,193905121800,230,6,***,45,*****
389,60.255,25.043,17.4,193905130600,270,10,***,54,*****
390,60.255,25.043,17.4,193905131200,230,15,***,52,*****
391,60.255,25.043,17.4,193905131800,230,6,***,52,*****
392,60.255,25.043,17.4,193905140600,250,6,***,55,*****
393,60.255,25.043,17.4,193905141200,180,10,***,55,*****
394,60.255,25.043,17.4,193905141800,200,6,***,54,*****
395,60.255,25.043,17.4,193905150600,140,6,***,55,*****
396,60.255,25.043,17.4,193905151200,160,10,***,57,*****
397,60.255,25.043,17.4,193905151800,180,6,***,54,*****
398,60.255,25.043,17.4,193905160600,090,10,***,59,*****
399,60.255,25.043,17.4,193905161200,090,6,***,64,*****
400,60.255,25.043,17.4,193905161800,090,6,***,57,*****
401,60.255,25.043,17.4,193905170600,090,6,***,63,*****
402,60.255,25.043,17.4,193905171200,180,10,***,61,*****
403,60.255,25.043,17.4,193905171800,340,15,***,63,*****
404,60.255,25.043,17.4,193905180600,340,15,***,57,*****
405,60.255,25.043,17.4,193905181200,230,15,***,75,*****
406,60.255,25.043,17.4,193905181800,140,2,***,73,*****
407,60.255,25.043,17.4,193905190600,160,6,***,50,*****
408,60.255,25.043,17.4,193905200600,090,10,***,54,*****
409,60.255,25.043,17.4,193905201200,090,6,***,57,*****
410,60.255,25.043,17.4,193905201800,250,6,***,57,*****
411,60.255,25.043,17.4,193905210600,200,6,***,55,*****
412,60.255,25.043,17.4,193905211200,180,15,***,57,*****
413,60.255,25.043,17.4,193905211800,200,6,***,52,*****
414,60.255,25.043,17.4,193905220600,200,6,***,55,*****
415,60.255,25.043,17.4,193905221200,180,15,***,61,*****
416,60.255,25.043,17.4,193905221800,320,15,***,39,*****
417,60.255,25.043,17.4,193905230600,360,10,***,61,*****
418,60.255,25.043,17.4,193905231200,320,2,***,54,*****
419,60.255,25.043,17.4,193905240600,090,10,***,61,*****
420,60.255,25.043,17.4,193905241200,090,6,***,61,*****
421,60.255,25.043,17.4,193905241800,090,6,***,55,*****
422,60.255,25.043,17.4,193905250600,090,10,***,54,*****
423,60.255,25.043,17.4,193905251200,090,10,***,61,*****
424,60.255,25.043,17.4,193905251800,090,10,***,55,*****
425,60.255,25.043,17.4,193905260600,070,2,***,52,*****
426,60.255,25.043,17.4,193905261200,050,6,***,52,*****
427,60.255,25.043,17.4,193905261800,050,6,***,52,*****
428,60.255,25.043,17.4,193905270600,020,6,***,57,*****
429,60.255,25.043,17.4,193905271200,200,10,***,63,*****
430,60.255,25.043,17.4,193905271800,250,6,***,59,*****
431,60.255,25.043,17.4,193905280600,050,15,***,57,*****
432,60.255,25.043,17.4,193905281200,020,15,***,54,*****
433,60.255,25.043,17.4,193905281800,340,34,***,54,*****
434,60.255,25.043,17.4,193905290600,020,28,***,52,*****
435,60.255,25.043,17.4,193905291200,020,21,***,59,*****
436,60.255,25.043,17.4,193905291800,360,10,***,57,*****
437,60.255,25.043,17.4,193905300600,320,6,***,54,*****
438,60.255,25.043,17.4,193905301200,180,10,***,59,*****
439,60.255,25.043,17.4,193905301800,290,10,***,61,*****
440,60.255,25.043,17.4,193905310600,180,10,***,55,*****
441,60.255,25.043,17.4,193905311200,230,15,***,61,*****
442,60.255,25.043,17.4,193905311800,320,15,***,64,*****
443,60.255,25.043,17.4,193906010600,320,10,***,50,*****
444,60.255,25.043,17.4,193906011200,360,10,***,52,*****
445,60.255,25.043,17.4,193906020600,270,10,***,55,*****
446,60.255,25.043,17.4,193906021200,360,15,***,59,*****
447,60.255,25.043,17.4,193906021800,320,10,***,54,*****
448,60.255,25.043,17.4,193906030600,360,15,***,50,*****
449,60.255,25.043,17.4,193906031200,020,21,***,57,*****
450,60.255,25.043,17.4,193906031800,360,15,***,52,*****
451,60.255,25.043,17.4,193906040600,050,6,***,54,*****
452,60.255,25.043,17.4,193906041200,200,10,***,50,*****
453,60.255,25.043,17.4,193906041800,320,15,***,50,*****
454,60.255,25.043,17.4,193906050600,020,10,***,52,*****
455,60.255,25.043,17.4,193906051200,230,10,***,55,*****
456,60.255,25.043,17.4,193906051800,270,15,***,52,*****
457,60.255,25.043,17.4,193906060600,320,15,***,59,*****
458,60.255,25.043,17.4,193906061200,320,15,***,70,*****
459,60.255,25.043,17.4,193906061800,320,15,***,59,*****
460,60.255,25.043,17.4,193906070600,200,10,***,57,*****
461,60.255,25.043,17.4,193906071200,230,15,***,64,*****
462,60.255,25.043,17.4,193906071800,050,43,***,****,*****
463,60.255,25.043,17.4,193906080600,290,10,***,57,*****
464,60.255,25.043,17.4,193906081200,090,6,***,54,*****
465,60.255,25.043,17.4,193906081800,050,6,***,54,*****
466,60.255,25.043,17.4,193906090600,360,15,***,52,*****
467,60.255,25.043,17.4,193906091800,320,15,***,59,*****
468,60.255,25.043,17.4,193906100600,180,10,***,55,*****
469,60.255,25.043,17.4,193906101200,230,15,***,55,*****
470,60.255,25.043,17.4,193906101800,230,10,***,52,*****
471,60.255,25.043,17.4,193906110600,200,10,***,52,*****
472,60.255,25.043,17.4,193906111200,200,6,***,64,*****
473,60.255,25.043,17.4,193906111800,180,6,***,59,*****
474,60.255,25.043,17.4,193906120600,140,15,***,59,*****
475,60.255,25.043,17.4,193906121200,140,6,***,66,*****
476,60.255,25.043,17.4,193906121800,140,6,***,63,*****
477,60.255,25.043,17.4,193906130600,160,6,***,63,*****
478,60.255,25.043,17.4,193906131800,110,6,***,63,*****
479,60.255,25.043,17.4,193906140600,140,2,***,64,*****
480,60.255,25.043,17.4,193906141200,140,6,***,72,*****
481,60.255,25.043,17.4,193906141800,340,10,***,66,*****
482,60.255,25.043,17.4,193906150600,320,6,***,66,*****
483,60.255,25.043,17.4,193906151200,200,10,***,66,*****
484,60.255,25.043,17.4,193906151800,230,10,***,64,*****
485,60.255,25.043,17.4,193906160600,320,10,***,66,*****
486,60.255,25.043,17.4,193906161200,***,***,***,72,*****
487,60.255,25.043,17.4,193906161800,180,10,***,68,*****
488,60.255,25.043,17.4,193906170600,110,10,***,70,*****
489,60.255,25.043,17.4,193906171200,***,***,***,64,*****
490,60.255,25.043,17.4,193906171800,090,6,***,****,*****
491,60.255,25.043,17.4,193906181200,***,***,***,77,*****
492,60.255,25.043,17.4,193906181800,090,15,***,73,*****
493,60.255,25.043,17.4,193906190600,090,15,***,72,*****
494,60.255,25.043,17.4,193906191200,230,15,***,75,*****
495,60.255,25.043,17.4,193906191800,230,15,***,70,*****
496,60.255,25.043,17.4,193906200600,070,6,***,73,*****
497,60.255,25.043,17.4,193906201200,140,6,***,79,*****
498,60.255,25.043,17.4,193906201800,090,6,***,****,*****
499,60.255,25.043,17.4,193906210600,110,2,***,81,*****
500,60.255,25.043,17.4,193906211200,230,10,***,79,*****
501,60.255,25.043,17.4,193906211800,250,10,***,75,*****
502,60.255,25.043,17.4,193906220600,020,10,***,59,*****
503,60.255,25.043,17.4,193906221200,360,15,***,63,*****
504,60.255,25.043,17.4,193906221800,020,15,***,57,*****
505,60.255,25.043,17.4,193906230600,360,10,***,55,*****
506,60.255,25.043,17.4,193906231200,020,10,***,55,*****
507,60.255,25.043,17.4,193906231800,050,6,***,55,*****
508,60.255,25.043,17.4,193906240600,070,6,***,72,*****
509,60.255,25.043,17.4,193906241200,160,10,***,59,*****
510,60.255,25.043,17.4,193906250600,110,10,***,63,*****
511,60.255,25.043,17.4,193906251200,110,6,***,63,*****
512,60.255,25.043,17.4,193906251800,140,15,***,64,*****
513,60.255,25.043,17.4,193906260600,270,10,***,57,*****
514,60.255,25.043,17.4,193906261200,***,6,***,46,*****
515,60.255,25.043,17.4,193906261800,020,6,***,61,*****
516,60.255,25.043,17.4,193906270600,140,6,***,64,*****
517,60.255,25.043,17.4,193906271800,360,6,***,61,*****
518,60.255,25.043,17.4,193906280600,250,10,***,63,*****
519,60.255,25.043,17.4,193906281200,320,6,***,63,*****
520,60.255,25.043,17.4,193906281800,200,2,***,63,*****
521,60.255,25.043,17.4,193906290600,270,6,***,64,*****
522,60.255,25.043,17.4,193906291800,200,6,***,63,*****
523,60.255,25.043,17.4,193906300600,110,6,***,61,*****
524,60.255,25.043,17.4,193906301800,140,6,***,63,*****
525,60.255,25.043,17.4,193907010600,140,2,***,66,*****
526,60.255,25.043,17.4,193907011800,090,10,***,66,*****
527,60.255,25.043,17.4,193907020600,140,15,***,68,*****
528,60.255,25.043,17.4,193907021800,250,10,***,63,*****
529,60.255,25.043,17.4,193907030600,230,10,***,66,*****
530,60.255,25.043,17.4,193907031200,230,15,***,66,*****
531,60.255,25.043,17.4,193907031800,250,10,***,63,*****
532,60.255,25.043,17.4,193907040600,180,6,***,64,*****
533,60.255,25.043,17.4,193907041200,180,6,***,70,*****
534,60.255,25.043,17.4,193907041800,230,6,***,63,*****
535,60.255,25.043,17.4,193907050600,020,10,***,68,*****
536,60.255,25.043,17.4,193907051200,290,10,***,75,*****
537,60.255,25.043,17.4,193907051800,200,10,***,68,*****
538,60.255,25.043,17.4,193907060600,320,6,***,75,*****
539,60.255,25.043,17.4,193907061200,180,10,***,72,*****
540,60.255,25.043,17.4,193907061800,230,10,***,68,*****
541,60.255,25.043,17.4,193907070600,180,10,***,72,*****
542,60.255,25.043,17.4,193907071200,200,10,***,57,*****
543,60.255,25.043,17.4,193907071800,200,6,***,66,*****
544,60.255,25.043,17.4,193907080600,200,6,***,66,*****
545,60.255,25.043,17.4,193907081200,230,10,***,68,*****
546,60.255,25.043,17.4,193907081800,250,10,***,63,*****
547,60.255,25.043,17.4,193907090600,140,10,***,63,*****
548,60.255,25.043,17.4,193907100600,230,10,***,64,*****
549,60.255,25.043,17.4,193907101200,230,15,***,68,*****
550,60.255,25.043,17.4,193907101800,250,6,***,64,*****
551,60.255,25.043,17.4,193907110600,140,10,***,64,*****
552,60.255,25.043,17.4,193907111200,140,6,***,63,*****
553,60.255,25.043,17.4,193907111800,140,6,***,61,*****
554,60.255,25.043,17.4,193907120600,180,10,***,61,*****
555,60.255,25.043,17.4,193907121200,180,10,***,64,*****
556,60.255,25.043,17.4,193907121800,270,10,***,63,*****
557,60.255,25.043,17.4,193907130600,180,6,***,64,*****
558,60.255,25.043,17.4,193907131200,200,10,***,68,*****
559,60.255,25.043,17.4,193907131800,200,10,***,63,*****
560,60.255,25.043,17.4,193907140600,180,10,***,61,*****
561,60.255,25.043,17.4,193907141200,140,15,***,59,*****
562,60.255,25.043,17.4,193907141800,180,2,***,61,*****
563,60.255,25.043,17.4,193907150600,230,6,***,61,*****
564,60.255,25.043,17.4,193907151200,140,6,***,63,*****
565,60.255,25.043,17.4,193907151800,110,2,***,61,*****
566,60.255,25.043,17.4,193907160600,090,6,***,66,*****
567,60.255,25.043,17.4,193907161800,090,10,***,66,*****
568,60.255,25.043,17.4,193907170600,230,10,***,70,*****
569,60.255,25.043,17.4,193907171800,090,15,***,72,*****
570,60.255,25.043,17.4,193907180600,230,2,***,64,*****
571,60.255,25.043,17.4,193907181200,230,10,***,68,*****
572,60.255,25.043,17.4,193907181800,250,10,***,66,*****
573,60.255,25.043,17.4,193907190600,250,6,***,68,*****
574,60.255,25.043,17.4,193907191200,180,10,***,70,*****
575,60.255,25.043,17.4,193907191800,230,6,***,68,*****
576,60.255,25.043,17.4,193907200600,320,2,***,75,*****
577,60.255,25.043,17.4,193907201200,180,6,***,77,*****
578,60.255,25.043,17.4,193907201800,230,2,***,70,*****
579,60.255,25.043,17.4,193907210600,090,2,***,72,*****
580,60.255,25.043,17.4,193907211200,050,***,***,66,*****
581,60.255,25.043,17.4,193907211800,090,6,***,66,*****
582,60.255,25.043,17.4,193907220600,110,10,***,72,*****
583,60.255,25.043,17.4,193907221200,090,10,***,75,*****
584,60.255,25.043,17.4,193907221800,090,6,***,68,*****
585,60.255,25.043,17.4,193907230600,090,6,***,66,*****
586,60.255,25.043,17.4,193907231200,110,10,***,68,*****
587,60.255,25.043,17.4,193907231800,090,15,***,****,*****
588,60.255,25.043,17.4,193907240600,320,10,***,70,*****
589,60.255,25.043,17.4,193907250600,360,6,***,61,*****
590,60.255,25.043,17.4,193907251200,320,6,***,68,*****
591,60.255,25.043,17.4,193907251800,290,2,***,****,*****
592,60.255,25.043,17.4,193907260600,050,10,***,61,*****
593,60.255,25.043,17.4,193907261200,090,10,***,68,*****
594,60.255,25.043,17.4,193907261800,050,6,***,66,*****
595,60.255,25.043,17.4,193907270600,050,10,***,64,*****
596,60.255,25.043,17.4,193907271200,360,10,***,72,*****
597,60.255,25.043,17.4,193907280600,020,10,***,66,*****
598,60.255,25.043,17.4,193907281200,340,10,***,75,*****
599,60.255,25.043,17.4,193907290600,320,15,***,66,*****
600,60.255,25.043,17.4,193907291200,320,15,***,75,*****
601,60.255,25.043,17.4,193907291800,360,6,***,72,*****
602,60.255,25.043,17.4,193907300600,270,2,***,64,*****
603,60.255,25.043,17.4,193907301200,250,10,***,68,*****
604,60.255,25.043,17.4,193907301800,250,6,***,68,*****
605,60.255,25.043,17.4,193907310600,200,6,***,68,*****
