,Lat,Lon,Ele,YR--MODAHRMN,DIR,SPD,GUS,TEMP,ALT
0,60.514,22.263,49.1,195201010000,230,21,***,39,*****
1,60.514,22.263,49.1,195201011200,250,16,***,39,*****
2,60.514,22.263,49.1,195201011800,230,14,***,36,*****
3,60.514,22.263,49.1,195201020000,270,13,***,36,*****
4,60.514,22.263,49.1,195201020600,200,7,***,36,*****
5,60.514,22.263,49.1,195201021200,090,16,***,34,*****
6,60.514,22.263,49.1,195201021800,070,11,***,32,*****
7,60.514,22.263,49.1,195201030000,320,7,***,30,*****
8,60.514,22.263,49.1,195201030600,250,5,***,27,*****
9,60.514,22.263,49.1,195201031200,250,7,***,30,*****
10,60.514,22.263,49.1,195201031800,290,11,***,32,*****
11,60.514,22.263,49.1,195201040600,270,11,***,30,*****
12,60.514,22.263,49.1,195201041200,250,9,***,30,*****
13,60.514,22.263,49.1,195201041800,250,7,***,28,*****
14,60.514,22.263,49.1,195201050600,120,5,***,25,*****
15,60.514,22.263,49.1,195201051200,040,7,***,27,*****
16,60.514,22.263,49.1,195201051800,360,7,***,25,*****
17,60.514,22.263,49.1,195201060000,320,5,***,21,*****
18,60.514,22.263,49.1,195201060600,140,5,***,18,*****
19,60.514,22.263,49.1,195201061200,230,14,***,32,*****
20,60.514,22.263,49.1,195201061800,230,11,***,34,*****
21,60.514,22.263,49.1,195201070000,240,11,***,37,*****
22,60.514,22.263,49.1,195201070600,220,11,***,39,*****
23,60.514,22.263,49.1,195201071200,250,5,***,41,*****
24,60.514,22.263,49.1,195201071800,320,14,***,41,*****
25,60.514,22.263,49.1,195201080000,300,16,***,36,*****
26,60.514,22.263,49.1,195201080600,230,11,***,36,*****
27,60.514,22.263,49.1,195201081200,250,9,***,36,*****
28,60.514,22.263,49.1,195201081800,210,9,***,36,*****
29,60.514,22.263,49.1,195201090000,210,11,***,37,*****
30,60.514,22.263,49.1,195201090600,210,16,***,39,*****
31,60.514,22.263,49.1,195201091200,220,23,***,41,*****
32,60.514,22.263,49.1,195201091800,200,16,***,39,*****
33,60.514,22.263,49.1,195201100600,220,25,***,37,*****
34,60.514,22.263,49.1,195201101200,200,9,***,34,*****
35,60.514,22.263,49.1,195201101800,180,7,***,32,*****
36,60.514,22.263,49.1,195201110000,180,7,***,34,*****
37,60.514,22.263,49.1,195201110600,160,9,***,32,*****
38,60.514,22.263,49.1,195201111200,140,18,***,34,*****
39,60.514,22.263,49.1,195201111800,130,11,***,34,*****
40,60.514,22.263,49.1,195201120000,060,11,***,30,*****
41,60.514,22.263,49.1,195201120600,030,11,***,30,*****
42,60.514,22.263,49.1,195201121200,260,14,***,28,*****
43,60.514,22.263,49.1,195201121800,350,14,***,28,*****
44,60.514,22.263,49.1,195201130000,320,11,***,25,*****
45,60.514,22.263,49.1,195201130600,340,11,***,28,*****
46,60.514,22.263,49.1,195201131200,320,9,***,30,*****
47,60.514,22.263,49.1,195201131800,310,7,***,25,*****
48,60.514,22.263,49.1,195201140000,270,9,***,19,*****
49,60.514,22.263,49.1,195201140600,320,5,***,23,*****
50,60.514,22.263,49.1,195201141200,110,5,***,27,*****
51,60.514,22.263,49.1,195201141800,120,9,***,27,*****
52,60.514,22.263,49.1,195201150000,120,7,***,30,*****
53,60.514,22.263,49.1,195201150600,180,7,***,32,*****
54,60.514,22.263,49.1,195201151200,180,11,***,34,*****
55,60.514,22.263,49.1,195201151800,160,16,***,32,*****
56,60.514,22.263,49.1,195201160000,200,23,***,39,*****
57,60.514,22.263,49.1,195201160600,250,14,***,34,*****
58,60.514,22.263,49.1,195201161200,290,18,***,34,*****
59,60.514,22.263,49.1,195201161800,300,21,***,30,*****
60,60.514,22.263,49.1,195201170000,300,14,***,32,*****
61,60.514,22.263,49.1,195201170600,240,9,***,32,*****
62,60.514,22.263,49.1,195201171200,250,7,***,32,*****
63,60.514,22.263,49.1,195201171800,180,5,***,23,*****
64,60.514,22.263,49.1,195201180000,140,5,***,28,*****
65,60.514,22.263,49.1,195201180600,100,7,***,28,*****
66,60.514,22.263,49.1,195201181200,090,9,***,30,*****
67,60.514,22.263,49.1,195201181800,070,14,***,28,*****
68,60.514,22.263,49.1,195201190000,070,14,***,28,*****
69,60.514,22.263,49.1,195201190600,090,14,***,****,*****
70,60.514,22.263,49.1,195201191200,070,9,***,30,*****
71,60.514,22.263,49.1,195201191800,070,11,***,28,*****
72,60.514,22.263,49.1,195201200600,040,14,***,25,*****
73,60.514,22.263,49.1,195201201200,020,11,***,21,*****
74,60.514,22.263,49.1,195201201800,020,9,***,19,*****
75,60.514,22.263,49.1,195201211200,360,5,***,18,*****
76,60.514,22.263,49.1,195201211800,020,5,***,10,*****
77,60.514,22.263,49.1,195201220000,070,5,***,12,*****
78,60.514,22.263,49.1,195201220600,250,2,***,7,*****
79,60.514,22.263,49.1,195201221200,270,9,***,28,*****
80,60.514,22.263,49.1,195201221800,250,9,***,25,*****
81,60.514,22.263,49.1,195201230000,270,9,***,19,*****
82,60.514,22.263,49.1,195201230600,250,5,***,25,*****
83,60.514,22.263,49.1,195201231200,240,11,***,25,*****
84,60.514,22.263,49.1,195201231800,230,11,***,25,*****
85,60.514,22.263,49.1,195201240000,250,16,***,27,*****
86,60.514,22.263,49.1,195201241800,230,11,***,27,*****
87,60.514,22.263,49.1,195201250600,160,7,***,32,*****
88,60.514,22.263,49.1,195201251200,170,9,***,30,*****
89,60.514,22.263,49.1,195201251800,180,5,***,28,*****
90,60.514,22.263,49.1,195201260000,160,5,***,30,*****
91,60.514,22.263,49.1,195201260600,140,7,***,30,*****
92,60.514,22.263,49.1,195201261200,120,7,***,30,*****
93,60.514,22.263,49.1,195201261800,130,5,***,30,*****
94,60.514,22.263,49.1,195201270600,110,11,***,30,*****
95,60.514,22.263,49.1,195201271200,090,7,***,30,*****
96,60.514,22.263,49.1,195201271800,090,9,***,25,*****
97,60.514,22.263,49.1,195201280000,090,7,***,23,*****
98,60.514,22.263,49.1,195201280600,040,7,***,21,*****
99,60.514,22.263,49.1,195201281200,090,2,***,18,*****
100,60.514,22.263,49.1,195201281800,020,2,***,19,*****
101,60.514,22.263,49.1,195201290000,230,5,***,21,*****
102,60.514,22.263,49.1,195201290600,320,7,***,21,*****
103,60.514,22.263,49.1,195201291200,320,9,***,25,*****
104,60.514,22.263,49.1,195201291800,290,5,***,25,*****
105,60.514,22.263,49.1,195201300000,270,5,***,27,*****
106,60.514,22.263,49.1,195201300600,250,5,***,25,*****
107,60.514,22.263,49.1,195201301200,230,7,***,23,*****
108,60.514,22.263,49.1,195201301800,040,9,***,****,*****
109,60.514,22.263,49.1,195201311200,090,2,***,28,*****
110,60.514,22.263,49.1,195201311800,130,9,***,30,*****
111,60.514,22.263,49.1,195202010000,160,11,***,32,*****
112,60.514,22.263,49.1,195202010600,160,11,***,32,*****
113,60.514,22.263,49.1,195202011200,140,14,***,28,*****
114,60.514,22.263,49.1,195202011800,210,18,***,28,*****
115,60.514,22.263,49.1,195202020000,140,14,***,32,*****
116,60.514,22.263,49.1,195202020600,140,8,***,34,*****
117,60.514,22.263,49.1,195202021200,160,11,***,34,*****
118,60.514,22.263,49.1,195202021800,140,9,***,34,*****
119,60.514,22.263,49.1,195202030000,160,9,***,30,*****
120,60.514,22.263,49.1,195202031200,140,7,***,32,*****
121,60.514,22.263,49.1,195202040600,090,2,***,27,*****
122,60.514,22.263,49.1,195202041200,130,2,***,28,*****
123,60.514,22.263,49.1,195202041800,140,2,***,28,*****
124,60.514,22.263,49.1,195202050000,110,5,***,27,*****
125,60.514,22.263,49.1,195202050600,160,2,***,27,*****
126,60.514,22.263,49.1,195202051200,360,2,***,28,*****
127,60.514,22.263,49.1,195202051800,350,2,***,28,*****
128,60.514,22.263,49.1,195202060000,360,7,***,27,*****
129,60.514,22.263,49.1,195202060600,***,0,***,27,*****
130,60.514,22.263,49.1,195202061200,200,11,***,30,*****
131,60.514,22.263,49.1,195202070000,160,11,***,32,*****
132,60.514,22.263,49.1,195202070600,230,9,***,34,*****
133,60.514,22.263,49.1,195202071200,230,11,***,34,*****
134,60.514,22.263,49.1,195202071800,230,17,***,36,*****
135,60.514,22.263,49.1,195202080000,160,5,***,30,*****
136,60.514,22.263,49.1,195202080600,140,7,***,32,*****
137,60.514,22.263,49.1,195202081200,160,5,***,34,*****
138,60.514,22.263,49.1,195202081800,160,2,***,32,*****
139,60.514,22.263,49.1,195202090000,340,5,***,30,*****
140,60.514,22.263,49.1,195202090600,360,7,***,14,*****
141,60.514,22.263,49.1,195202091200,360,7,***,21,*****
142,60.514,22.263,49.1,195202091800,360,5,***,25,*****
143,60.514,22.263,49.1,195202100000,180,2,***,27,*****
144,60.514,22.263,49.1,195202100600,180,2,***,25,*****
145,60.514,22.263,49.1,195202101200,220,7,***,30,*****
146,60.514,22.263,49.1,195202101800,230,7,***,27,*****
147,60.514,22.263,49.1,195202110000,280,3,***,27,*****
148,60.514,22.263,49.1,195202110600,110,2,***,27,*****
149,60.514,22.263,49.1,195202111200,140,7,***,28,*****
150,60.514,22.263,49.1,195202111800,120,9,***,27,*****
151,60.514,22.263,49.1,195202120000,070,7,***,25,*****
152,60.514,22.263,49.1,195202120600,020,9,***,19,*****
153,60.514,22.263,49.1,195202121200,360,9,***,23,*****
154,60.514,22.263,49.1,195202121800,320,9,***,14,*****
155,60.514,22.263,49.1,195202130000,330,7,***,19,*****
156,60.514,22.263,49.1,195202130600,***,0,***,16,*****
157,60.514,22.263,49.1,195202131800,140,2,***,16,*****
158,60.514,22.263,49.1,195202140600,040,2,***,3,*****
159,60.514,22.263,49.1,195202141200,***,0,***,14,*****
160,60.514,22.263,49.1,195202141800,120,5,***,5,*****
161,60.514,22.263,49.1,195202150000,140,5,***,7,*****
162,60.514,22.263,49.1,195202150600,160,11,***,30,*****
163,60.514,22.263,49.1,195202151200,140,11,***,27,*****
164,60.514,22.263,49.1,195202151800,140,9,***,21,*****
165,60.514,22.263,49.1,195202160000,140,7,***,21,*****
166,60.514,22.263,49.1,195202160600,150,14,***,25,*****
167,60.514,22.263,49.1,195202161200,160,16,***,32,*****
168,60.514,22.263,49.1,195202161800,160,16,***,34,*****
169,60.514,22.263,49.1,195202170000,160,14,***,32,*****
170,60.514,22.263,49.1,195202170600,140,9,***,32,*****
171,60.514,22.263,49.1,195202171200,290,22,***,32,*****
172,60.514,22.263,49.1,195202171800,250,2,***,30,*****
173,60.514,22.263,49.1,195202180000,***,0,***,****,*****
174,60.514,22.263,49.1,195202180600,140,5,***,25,*****
175,60.514,22.263,49.1,195202181200,***,0,***,28,*****
176,60.514,22.263,49.1,195202181800,180,5,***,27,*****
177,60.514,22.263,49.1,195202190600,120,9,***,27,*****
178,60.514,22.263,49.1,195202191200,130,11,***,28,*****
179,60.514,22.263,49.1,195202191800,140,9,***,27,*****
180,60.514,22.263,49.1,195202200000,140,5,***,27,*****
181,60.514,22.263,49.1,195202200600,220,11,***,28,*****
182,60.514,22.263,49.1,195202201200,180,11,***,32,*****
183,60.514,22.263,49.1,195202201800,280,16,***,32,*****
184,60.514,22.263,49.1,195202210000,200,18,***,34,*****
185,60.514,22.263,49.1,195202210600,230,7,***,34,*****
186,60.514,22.263,49.1,195202211200,320,7,***,34,*****
187,60.514,22.263,49.1,195202211800,280,14,***,30,*****
188,60.514,22.263,49.1,195202220000,320,5,***,27,*****
189,60.514,22.263,49.1,195202220600,360,5,***,23,*****
190,60.514,22.263,49.1,195202221200,320,7,***,28,*****
191,60.514,22.263,49.1,195202221800,360,2,***,27,*****
192,60.514,22.263,49.1,195202230000,020,2,***,23,*****
193,60.514,22.263,49.1,195202230600,***,0,***,23,*****
194,60.514,22.263,49.1,195202231200,040,7,***,27,*****
195,60.514,22.263,49.1,195202231800,020,5,***,21,*****
196,60.514,22.263,49.1,195202240000,360,2,***,16,*****
197,60.514,22.263,49.1,195202240600,360,1,***,16,*****
198,60.514,22.263,49.1,195202241200,280,2,***,25,*****
199,60.514,22.263,49.1,195202241800,040,2,***,19,*****
200,60.514,22.263,49.1,195202250000,***,0,***,7,*****
201,60.514,22.263,49.1,195202250600,040,1,***,10,*****
202,60.514,22.263,49.1,195202251200,***,0,***,19,*****
203,60.514,22.263,49.1,195202251800,***,0,***,12,*****
204,60.514,22.263,49.1,195202260000,120,5,***,19,*****
205,60.514,22.263,49.1,195202260600,140,9,***,25,*****
206,60.514,22.263,49.1,195202261200,140,9,***,30,*****
207,60.514,22.263,49.1,195202261800,140,9,***,27,*****
208,60.514,22.263,49.1,195202270000,120,9,***,23,*****
209,60.514,22.263,49.1,195202270600,130,5,***,18,*****
210,60.514,22.263,49.1,195202271200,140,5,***,18,*****
211,60.514,22.263,49.1,195202271800,140,5,***,19,*****
212,60.514,22.263,49.1,195202280000,140,9,***,19,*****
213,60.514,22.263,49.1,195202280600,140,7,***,21,*****
214,60.514,22.263,49.1,195202281200,160,11,***,25,*****
215,60.514,22.263,49.1,195202281800,140,7,***,27,*****
216,60.514,22.263,49.1,195202290600,360,5,***,25,*****
217,60.514,22.263,49.1,195202291200,140,2,***,28,*****
218,60.514,22.263,49.1,195202291800,140,7,***,28,*****
219,60.514,22.263,49.1,195203010600,290,9,***,27,*****
220,60.514,22.263,49.1,195203011200,320,14,***,28,*****
221,60.514,22.263,49.1,195203011800,***,***,***,25,*****
222,60.514,22.263,49.1,195203020000,330,11,***,21,*****
223,60.514,22.263,49.1,195203020600,340,7,***,16,*****
224,60.514,22.263,49.1,195203021200,320,7,***,21,*****
225,60.514,22.263,49.1,195203021800,320,9,***,16,*****
226,60.514,22.263,49.1,195203030000,360,2,***,3,*****
227,60.514,22.263,49.1,195203030600,040,2,***,0,*****
228,60.514,22.263,49.1,195203031200,140,14,***,25,*****
229,60.514,22.263,49.1,195203031800,140,11,***,21,*****
230,60.514,22.263,49.1,195203040600,110,9,***,16,*****
231,60.514,22.263,49.1,195203041200,130,11,***,28,*****
232,60.514,22.263,49.1,195203041800,120,5,***,16,*****
233,60.514,22.263,49.1,195203050000,090,5,***,10,*****
234,60.514,22.263,49.1,195203050600,090,5,***,21,*****
235,60.514,22.263,49.1,195203051200,110,11,***,28,*****
236,60.514,22.263,49.1,195203051800,120,7,***,19,*****
237,60.514,22.263,49.1,195203060600,120,2,***,3,*****
238,60.514,22.263,49.1,195203061200,160,9,***,30,*****
239,60.514,22.263,49.1,195203061800,160,5,***,19,*****
240,60.514,22.263,49.1,195203070000,180,7,***,3,*****
241,60.514,22.263,49.1,195203070600,280,5,***,1,*****
242,60.514,22.263,49.1,195203071200,230,11,***,34,*****
243,60.514,22.263,49.1,195203071800,220,5,***,25,*****
244,60.514,22.263,49.1,195203080000,180,2,***,1,*****
245,60.514,22.263,49.1,195203080600,180,2,***,0,*****
246,60.514,22.263,49.1,195203081200,200,16,***,30,*****
247,60.514,22.263,49.1,195203081800,210,14,***,30,*****
248,60.514,22.263,49.1,195203090000,230,11,***,28,*****
249,60.514,22.263,49.1,195203090600,230,9,***,27,*****
250,60.514,22.263,49.1,195203091200,230,18,***,34,*****
251,60.514,22.263,49.1,195203091800,230,5,***,30,*****
252,60.514,22.263,49.1,195203100600,180,5,***,14,*****
253,60.514,22.263,49.1,195203101200,220,5,***,37,*****
254,60.514,22.263,49.1,195203101800,200,7,***,32,*****
255,60.514,22.263,49.1,195203110600,160,6,***,27,*****
256,60.514,22.263,49.1,195203111200,220,9,***,36,*****
257,60.514,22.263,49.1,195203111800,200,7,***,34,*****
258,60.514,22.263,49.1,195203120000,230,7,***,32,*****
259,60.514,22.263,49.1,195203120600,310,14,***,34,*****
260,60.514,22.263,49.1,195203121200,320,18,***,34,*****
261,60.514,22.263,49.1,195203121800,270,9,***,27,*****
262,60.514,22.263,49.1,195203130000,340,7,***,25,*****
263,60.514,22.263,49.1,195203130600,320,9,***,18,*****
264,60.514,22.263,49.1,195203131200,340,18,***,23,*****
265,60.514,22.263,49.1,195203140600,340,5,***,7,*****
266,60.514,22.263,49.1,195203141200,270,7,***,25,*****
267,60.514,22.263,49.1,195203141800,080,9,***,27,*****
268,60.514,22.263,49.1,195203150000,340,11,***,27,*****
269,60.514,22.263,49.1,195203150600,340,9,***,28,*****
270,60.514,22.263,49.1,195203151200,360,5,***,30,*****
271,60.514,22.263,49.1,195203151800,140,3,***,30,*****
272,60.514,22.263,49.1,195203160600,250,11,***,32,*****
273,60.514,22.263,49.1,195203161200,290,21,***,27,*****
274,60.514,22.263,49.1,195203161800,360,16,***,18,*****
275,60.514,22.263,49.1,195203170600,360,5,***,1,*****
276,60.514,22.263,49.1,195203171200,240,6,***,****,*****
277,60.514,22.263,49.1,195203171800,360,5,***,10,*****
278,60.514,22.263,49.1,195203180000,070,2,***,****,*****
279,60.514,22.263,49.1,195203180600,040,2,***,****,*****
280,60.514,22.263,49.1,195203181200,160,5,***,25,*****
281,60.514,22.263,49.1,195203181800,270,5,***,21,*****
282,60.514,22.263,49.1,195203190000,040,7,***,****,*****
283,60.514,22.263,49.1,195203190600,020,5,***,5,*****
284,60.514,22.263,49.1,195203191200,090,11,***,23,*****
285,60.514,22.263,49.1,195203191800,020,5,***,14,*****
286,60.514,22.263,49.1,195203200000,360,2,***,0,*****
287,60.514,22.263,49.1,195203200600,360,5,***,-2,*****
288,60.514,22.263,49.1,195203201800,070,3,***,16,*****
289,60.514,22.263,49.1,195203211800,040,5,***,9,*****
290,60.514,22.263,49.1,195203220000,020,5,***,-2,*****
291,60.514,22.263,49.1,195203221200,320,5,***,21,*****
292,60.514,22.263,49.1,195203221800,***,0,***,10,*****
293,60.514,22.263,49.1,195203230000,***,0,***,-2,*****
294,60.514,22.263,49.1,195203230600,240,2,***,-4,*****
295,60.514,22.263,49.1,195203231200,270,2,***,19,*****
296,60.514,22.263,49.1,195203231800,270,5,***,12,*****
297,60.514,22.263,49.1,195203240000,***,0,***,3,*****
298,60.514,22.263,49.1,195203240600,060,5,***,-2,*****
299,60.514,22.263,49.1,195203241200,070,5,***,19,*****
300,60.514,22.263,49.1,195203241800,020,5,***,10,*****
301,60.514,22.263,49.1,195203250600,360,9,***,5,*****
302,60.514,22.263,49.1,195203251200,040,14,***,16,*****
303,60.514,22.263,49.1,195203251800,020,5,***,7,*****
304,60.514,22.263,49.1,195203260600,***,0,***,10,*****
305,60.514,22.263,49.1,195203261200,020,16,***,12,*****
306,60.514,22.263,49.1,195203261800,360,9,***,5,*****
307,60.514,22.263,49.1,195203270000,320,5,***,-9,*****
308,60.514,22.263,49.1,195203270600,300,2,***,-11,*****
309,60.514,22.263,49.1,195203271200,360,9,***,19,*****
310,60.514,22.263,49.1,195203271800,360,5,***,12,*****
311,60.514,22.263,49.1,195203280000,340,5,***,23,*****
312,60.514,22.263,49.1,195203280600,340,5,***,-2,*****
313,60.514,22.263,49.1,195203281200,320,9,***,21,*****
314,60.514,22.263,49.1,195203281800,360,7,***,14,*****
315,60.514,22.263,49.1,195203290000,360,7,***,7,*****
316,60.514,22.263,49.1,195203290600,320,2,***,-2,*****
317,60.514,22.263,49.1,195203291200,300,9,***,21,*****
318,60.514,22.263,49.1,195203291800,300,7,***,18,*****
319,60.514,22.263,49.1,195203300600,140,2,***,7,*****
320,60.514,22.263,49.1,195203301200,240,7,***,36,*****
321,60.514,22.263,49.1,195203301800,230,5,***,27,*****
322,60.514,22.263,49.1,195203310000,180,2,***,16,*****
323,60.514,22.263,49.1,195203310600,180,2,***,9,*****
324,60.514,22.263,49.1,195203311200,240,7,***,34,*****
325,60.514,22.263,49.1,195203311800,230,2,***,27,*****
326,60.514,22.263,49.1,195204010000,***,0,***,19,*****
327,60.514,22.263,49.1,195204010600,060,7,***,27,*****
328,60.514,22.263,49.1,195204011200,070,16,***,32,*****
329,60.514,22.263,49.1,195204011800,060,18,***,25,*****
330,60.514,22.263,49.1,195204020000,020,18,***,25,*****
331,60.514,22.263,49.1,195204020600,340,11,***,****,*****
332,60.514,22.263,49.1,195204021200,200,18,***,27,*****
333,60.514,22.263,49.1,195204021800,***,***,***,21,*****
334,60.514,22.263,49.1,195204030000,270,7,***,19,*****
335,60.514,22.263,49.1,195204030600,230,5,***,21,*****
336,60.514,22.263,49.1,195204031200,190,18,***,32,*****
337,60.514,22.263,49.1,195204031800,270,5,***,30,*****
338,60.514,22.263,49.1,195204040000,270,10,***,****,*****
339,60.514,22.263,49.1,195204040600,270,9,***,23,*****
340,60.514,22.263,49.1,195204041200,280,14,***,36,*****
341,60.514,22.263,49.1,195204041800,230,9,***,30,*****
342,60.514,22.263,49.1,195204050600,230,5,***,32,*****
343,60.514,22.263,49.1,195204051200,220,5,***,45,*****
344,60.514,22.263,49.1,195204051800,180,2,***,36,*****
345,60.514,22.263,49.1,195204060000,140,2,***,23,*****
346,60.514,22.263,49.1,195204060600,090,2,***,25,*****
347,60.514,22.263,49.1,195204061200,140,5,***,41,*****
348,60.514,22.263,49.1,195204061800,160,5,***,34,*****
349,60.514,22.263,49.1,195204070000,160,2,***,32,*****
350,60.514,22.263,49.1,195204071200,160,11,***,****,*****
351,60.514,22.263,49.1,195204071800,160,11,***,39,*****
352,60.514,22.263,49.1,195204080000,160,16,***,39,*****
353,60.514,22.263,49.1,195204080600,180,16,***,37,*****
354,60.514,22.263,49.1,195204081200,230,11,***,39,*****
355,60.514,22.263,49.1,195204081800,280,5,***,36,*****
356,60.514,22.263,49.1,195204090600,200,7,***,36,*****
357,60.514,22.263,49.1,195204091200,220,7,***,43,*****
358,60.514,22.263,49.1,195204091800,270,2,***,37,*****
359,60.514,22.263,49.1,195204100600,***,0,***,34,*****
360,60.514,22.263,49.1,195204101200,220,9,***,48,*****
361,60.514,22.263,49.1,195204101800,190,5,***,39,*****
362,60.514,22.263,49.1,195204110000,160,2,***,30,*****
363,60.514,22.263,49.1,195204110600,200,7,***,36,*****
364,60.514,22.263,49.1,195204111200,220,7,***,48,*****
365,60.514,22.263,49.1,195204111800,220,7,***,34,*****
366,60.514,22.263,49.1,195204120000,200,5,***,32,*****
367,60.514,22.263,49.1,195204120600,180,7,***,34,*****
368,60.514,22.263,49.1,195204121200,200,9,***,45,*****
369,60.514,22.263,49.1,195204121800,180,7,***,37,*****
370,60.514,22.263,49.1,195204130000,230,2,***,34,*****
371,60.514,22.263,49.1,195204130600,250,5,***,41,*****
372,60.514,22.263,49.1,195204131200,270,14,***,52,*****
373,60.514,22.263,49.1,195204131800,270,5,***,45,*****
374,60.514,22.263,49.1,195204140000,140,2,***,30,*****
375,60.514,22.263,49.1,195204140600,140,2,***,34,*****
376,60.514,22.263,49.1,195204141200,230,9,***,54,*****
377,60.514,22.263,49.1,195204141800,250,5,***,46,*****
378,60.514,22.263,49.1,195204150000,160,7,***,36,*****
379,60.514,22.263,49.1,195204150600,180,5,***,41,*****
380,60.514,22.263,49.1,195204151200,250,14,***,54,*****
381,60.514,22.263,49.1,195204151800,270,7,***,48,*****
382,60.514,22.263,49.1,195204160000,310,9,***,39,*****
383,60.514,22.263,49.1,195204160600,290,14,***,39,*****
384,60.514,22.263,49.1,195204161200,320,34,***,45,*****
385,60.514,22.263,49.1,195204161800,320,23,***,43,*****
386,60.514,22.263,49.1,195204170000,320,18,***,36,*****
387,60.514,22.263,49.1,195204170600,320,14,***,37,*****
388,60.514,22.263,49.1,195204171200,300,16,***,41,*****
389,60.514,22.263,49.1,195204171800,270,9,***,36,*****
390,60.514,22.263,49.1,195204180000,290,3,***,32,*****
391,60.514,22.263,49.1,195204180600,270,3,***,30,*****
392,60.514,22.263,49.1,195204181200,250,14,***,41,*****
393,60.514,22.263,49.1,195204181800,320,14,***,39,*****
394,60.514,22.263,49.1,195204190000,230,5,***,37,*****
395,60.514,22.263,49.1,195204190600,020,11,***,37,*****
396,60.514,22.263,49.1,195204191200,040,11,***,41,*****
397,60.514,22.263,49.1,195204191800,360,3,***,36,*****
398,60.514,22.263,49.1,195204200000,320,3,***,28,*****
399,60.514,22.263,49.1,195204200600,***,***,***,36,*****
400,60.514,22.263,49.1,195204201200,200,7,***,39,*****
401,60.514,22.263,49.1,195204201800,160,9,***,37,*****
402,60.514,22.263,49.1,195204210000,140,11,***,36,*****
403,60.514,22.263,49.1,195204210600,180,11,***,39,*****
404,60.514,22.263,49.1,195204211200,150,5,***,41,*****
405,60.514,22.263,49.1,195204211800,160,5,***,39,*****
406,60.514,22.263,49.1,195204220000,***,0,***,36,*****
407,60.514,22.263,49.1,195204220600,140,2,***,34,*****
408,60.514,22.263,49.1,195204221200,130,7,***,50,*****
409,60.514,22.263,49.1,195204221800,140,9,***,50,*****
410,60.514,22.263,49.1,195204230000,110,9,***,45,*****
411,60.514,22.263,49.1,195204230600,230,2,***,45,*****
412,60.514,22.263,49.1,195204231200,230,11,***,57,*****
413,60.514,22.263,49.1,195204231800,200,2,***,45,*****
414,60.514,22.263,49.1,195204240000,130,2,***,39,*****
415,60.514,22.263,49.1,195204240600,120,5,***,41,*****
416,60.514,22.263,49.1,195204241200,220,7,***,50,*****
417,60.514,22.263,49.1,195204241800,230,1,***,45,*****
418,60.514,22.263,49.1,195204250000,320,2,***,43,*****
419,60.514,22.263,49.1,195204250600,250,3,***,45,*****
420,60.514,22.263,49.1,195204251200,220,9,***,55,*****
421,60.514,22.263,49.1,195204251800,270,5,***,52,*****
422,60.514,22.263,49.1,195204260000,***,0,***,37,*****
423,60.514,22.263,49.1,195204260600,060,5,***,46,*****
424,60.514,22.263,49.1,195204261200,040,9,***,61,*****
425,60.514,22.263,49.1,195204261800,360,7,***,55,*****
426,60.514,22.263,49.1,195204270000,360,5,***,46,*****
427,60.514,22.263,49.1,195204270600,070,7,***,48,*****
428,60.514,22.263,49.1,195204271200,090,14,***,59,*****
429,60.514,22.263,49.1,195204271800,***,0,***,59,*****
430,60.514,22.263,49.1,195204280000,070,7,***,45,*****
431,60.514,22.263,49.1,195204280600,070,11,***,54,*****
432,60.514,22.263,49.1,195204281800,140,2,***,63,*****
433,60.514,22.263,49.1,195204290000,090,2,***,43,*****
434,60.514,22.263,49.1,195204290600,090,2,***,54,*****
435,60.514,22.263,49.1,195204291200,110,2,***,75,*****
436,60.514,22.263,49.1,195204291800,040,2,***,59,*****
437,60.514,22.263,49.1,195204300000,070,14,***,57,*****
438,60.514,22.263,49.1,195204300600,120,14,***,57,*****
439,60.514,22.263,49.1,195204301200,200,11,***,48,*****
440,60.514,22.263,49.1,195204301800,160,7,***,43,*****
441,60.514,22.263,49.1,195205010000,140,5,***,39,*****
442,60.514,22.263,49.1,195205010600,120,5,***,39,*****
443,60.514,22.263,49.1,195205011200,160,5,***,50,*****
444,60.514,22.263,49.1,195205011800,070,5,***,46,*****
445,60.514,22.263,49.1,195205020000,070,8,***,39,*****
446,60.514,22.263,49.1,195205020600,020,14,***,39,*****
447,60.514,22.263,49.1,195205021200,020,16,***,52,*****
448,60.514,22.263,49.1,195205021800,340,11,***,46,*****
449,60.514,22.263,49.1,195205030000,340,11,***,39,*****
450,60.514,22.263,49.1,195205030600,320,11,***,43,*****
451,60.514,22.263,49.1,195205031200,320,18,***,48,*****
452,60.514,22.263,49.1,195205031800,320,14,***,43,*****
453,60.514,22.263,49.1,195205041200,220,7,***,52,*****
454,60.514,22.263,49.1,195205041800,200,2,***,48,*****
455,60.514,22.263,49.1,195205050600,070,9,***,46,*****
456,60.514,22.263,49.1,195205051200,110,11,***,63,*****
457,60.514,22.263,49.1,195205051800,110,14,***,55,*****
458,60.514,22.263,49.1,195205060000,090,11,***,43,*****
459,60.514,22.263,49.1,195205060600,090,16,***,50,*****
460,60.514,22.263,49.1,195205061200,090,18,***,66,*****
461,60.514,22.263,49.1,195205061800,090,14,***,63,*****
462,60.514,22.263,49.1,195205070000,060,11,***,46,*****
463,60.514,22.263,49.1,195205070600,070,14,***,46,*****
464,60.514,22.263,49.1,195205071200,120,14,***,61,*****
465,60.514,22.263,49.1,195205071800,140,5,***,50,*****
466,60.514,22.263,49.1,195205080000,060,6,***,32,*****
467,60.514,22.263,49.1,195205080600,120,9,***,39,*****
468,60.514,22.263,49.1,195205081200,180,5,***,50,*****
469,60.514,22.263,49.1,195205081800,300,9,***,46,*****
470,60.514,22.263,49.1,195205090000,270,2,***,41,*****
471,60.514,22.263,49.1,195205090600,***,2,***,43,*****
472,60.514,22.263,49.1,195205091200,230,11,***,52,*****
473,60.514,22.263,49.1,195205091800,230,7,***,46,*****
474,60.514,22.263,49.1,195205100000,180,2,***,34,*****
475,60.514,22.263,49.1,195205100600,230,5,***,46,*****
476,60.514,22.263,49.1,195205101200,220,9,***,57,*****
477,60.514,22.263,49.1,195205101800,220,9,***,52,*****
478,60.514,22.263,49.1,195205110000,070,2,***,32,*****
479,60.514,22.263,49.1,195205110600,***,0,***,50,*****
480,60.514,22.263,49.1,195205111200,230,7,***,64,*****
481,60.514,22.263,49.1,195205111800,230,7,***,55,*****
482,60.514,22.263,49.1,195205120000,140,2,***,34,*****
483,60.514,22.263,49.1,195205120600,180,5,***,50,*****
484,60.514,22.263,49.1,195205121200,220,5,***,61,*****
485,60.514,22.263,49.1,195205121800,230,5,***,57,*****
486,60.514,22.263,49.1,195205130000,180,5,***,45,*****
487,60.514,22.263,49.1,195205130600,200,2,***,50,*****
488,60.514,22.263,49.1,195205131200,250,7,***,55,*****
489,60.514,22.263,49.1,195205131800,340,11,***,48,*****
490,60.514,22.263,49.1,195205140000,340,5,***,37,*****
491,60.514,22.263,49.1,195205140600,360,14,***,43,*****
492,60.514,22.263,49.1,195205141200,020,11,***,54,*****
493,60.514,22.263,49.1,195205141800,320,11,***,43,*****
494,60.514,22.263,49.1,195205150000,320,14,***,36,*****
495,60.514,22.263,49.1,195205150600,360,16,***,37,*****
496,60.514,22.263,49.1,195205151200,320,21,***,48,*****
497,60.514,22.263,49.1,195205151800,320,11,***,43,*****
498,60.514,22.263,49.1,195205160000,320,5,***,****,*****
499,60.514,22.263,49.1,195205160600,***,0,***,39,*****
500,60.514,22.263,49.1,195205161200,230,5,***,43,*****
501,60.514,22.263,49.1,195205161800,320,14,***,45,*****
502,60.514,22.263,49.1,195205170000,290,2,***,30,*****
503,60.514,22.263,49.1,195205170600,340,5,***,43,*****
504,60.514,22.263,49.1,195205171200,320,18,***,48,*****
505,60.514,22.263,49.1,195205171800,320,7,***,46,*****
506,60.514,22.263,49.1,195205180600,020,11,***,37,*****
507,60.514,22.263,49.1,195205181200,040,14,***,39,*****
508,60.514,22.263,49.1,195205181800,340,5,***,37,*****
509,60.514,22.263,49.1,195205190000,340,5,***,32,*****
510,60.514,22.263,49.1,195205190600,020,16,***,34,*****
511,60.514,22.263,49.1,195205191200,040,21,***,41,*****
512,60.514,22.263,49.1,195205191800,040,21,***,45,*****
513,60.514,22.263,49.1,195205200000,020,16,***,36,*****
514,60.514,22.263,49.1,195205200600,040,11,***,41,*****
515,60.514,22.263,49.1,195205201200,020,7,***,54,*****
516,60.514,22.263,49.1,195205201800,360,11,***,52,*****
517,60.514,22.263,49.1,195205210000,360,5,***,32,*****
518,60.514,22.263,49.1,195205210600,070,5,***,48,*****
519,60.514,22.263,49.1,195205211200,040,11,***,57,*****
520,60.514,22.263,49.1,195205211800,070,7,***,57,*****
521,60.514,22.263,49.1,195205220000,360,2,***,36,*****
522,60.514,22.263,49.1,195205220600,040,5,***,54,*****
523,60.514,22.263,49.1,195205221200,020,5,***,61,*****
524,60.514,22.263,49.1,195205221800,340,14,***,59,*****
525,60.514,22.263,49.1,195205230000,180,2,***,46,*****
526,60.514,22.263,49.1,195205230600,130,2,***,48,*****
527,60.514,22.263,49.1,195205231200,230,9,***,55,*****
528,60.514,22.263,49.1,195205231800,230,2,***,52,*****
529,60.514,22.263,49.1,195205240000,180,5,***,46,*****
530,60.514,22.263,49.1,195205240600,200,7,***,48,*****
531,60.514,22.263,49.1,195205241200,240,9,***,52,*****
532,60.514,22.263,49.1,195205241800,230,2,***,52,*****
533,60.514,22.263,49.1,195205250000,290,5,***,41,*****
534,60.514,22.263,49.1,195205250600,200,2,***,50,*****
535,60.514,22.263,49.1,195205251200,220,11,***,59,*****
536,60.514,22.263,49.1,195205251800,200,5,***,52,*****
537,60.514,22.263,49.1,195205260000,***,0,***,41,*****
538,60.514,22.263,49.1,195205260600,270,7,***,48,*****
539,60.514,22.263,49.1,195205261200,290,14,***,55,*****
540,60.514,22.263,49.1,195205261800,320,18,***,43,*****
541,60.514,22.263,49.1,195205270000,320,11,***,43,*****
542,60.514,22.263,49.1,195205270600,340,16,***,46,*****
543,60.514,22.263,49.1,195205271200,320,21,***,46,*****
544,60.514,22.263,49.1,195205271800,320,16,***,45,*****
545,60.514,22.263,49.1,195205280000,270,7,***,43,*****
546,60.514,22.263,49.1,195205280600,190,2,***,50,*****
547,60.514,22.263,49.1,195205281200,160,11,***,59,*****
548,60.514,22.263,49.1,195205281800,160,9,***,50,*****
549,60.514,22.263,49.1,195205291200,180,11,***,55,*****
550,60.514,22.263,49.1,195205291800,180,5,***,54,*****
551,60.514,22.263,49.1,195205300000,180,5,***,48,*****
552,60.514,22.263,49.1,195205300600,140,2,***,46,*****
553,60.514,22.263,49.1,195205301200,220,11,***,50,*****
554,60.514,22.263,49.1,195205301800,160,11,***,46,*****
555,60.514,22.263,49.1,195205310000,200,9,***,45,*****
556,60.514,22.263,49.1,195205310600,180,11,***,48,*****
557,60.514,22.263,49.1,195205311200,160,11,***,50,*****
558,60.514,22.263,49.1,195205311800,180,11,***,48,*****
559,60.514,22.263,49.1,195206010600,230,5,***,52,*****
560,60.514,22.263,49.1,195206011200,220,11,***,59,*****
561,60.514,22.263,49.1,195206011800,230,7,***,57,*****
562,60.514,22.263,49.1,195206020000,***,0,***,41,*****
563,60.514,22.263,49.1,195206020600,140,2,***,54,*****
564,60.514,22.263,49.1,195206021200,160,9,***,66,*****
565,60.514,22.263,49.1,195206021800,180,11,***,63,*****
566,60.514,22.263,49.1,195206030000,220,7,***,50,*****
567,60.514,22.263,49.1,195206030600,220,5,***,55,*****
568,60.514,22.263,49.1,195206031200,220,16,***,61,*****
569,60.514,22.263,49.1,195206031800,230,11,***,55,*****
570,60.514,22.263,49.1,195206040000,230,5,***,48,*****
571,60.514,22.263,49.1,195206040600,320,5,***,54,*****
572,60.514,22.263,49.1,195206041200,290,16,***,57,*****
573,60.514,22.263,49.1,195206041800,300,14,***,54,*****
574,60.514,22.263,49.1,195206050000,240,9,***,46,*****
575,60.514,22.263,49.1,195206050600,300,13,***,54,*****
576,60.514,22.263,49.1,195206051200,290,16,***,57,*****
577,60.514,22.263,49.1,195206051800,270,7,***,57,*****
578,60.514,22.263,49.1,195206060000,360,2,***,41,*****
579,60.514,22.263,49.1,195206060600,120,5,***,52,*****
580,60.514,22.263,49.1,195206061200,190,5,***,63,*****
581,60.514,22.263,49.1,195206061800,180,9,***,57,*****
582,60.514,22.263,49.1,195206070000,180,5,***,48,*****
583,60.514,22.263,49.1,195206070600,140,11,***,61,*****
584,60.514,22.263,49.1,195206071200,160,23,***,68,*****
585,60.514,22.263,49.1,195206071800,160,14,***,66,*****
586,60.514,22.263,49.1,195206080000,160,18,***,57,*****
587,60.514,22.263,49.1,195206080600,180,5,***,50,*****
588,60.514,22.263,49.1,195206081200,200,11,***,59,*****
589,60.514,22.263,49.1,195206081800,230,7,***,****,*****
590,60.514,22.263,49.1,195206090600,230,7,***,54,*****
591,60.514,22.263,49.1,195206091200,220,11,***,55,*****
592,60.514,22.263,49.1,195206091800,190,7,***,52,*****
593,60.514,22.263,49.1,195206100000,140,5,***,46,*****
594,60.514,22.263,49.1,195206100600,140,8,***,50,*****
595,60.514,22.263,49.1,195206101200,140,7,***,50,*****
596,60.514,22.263,49.1,195206101800,340,5,***,50,*****
597,60.514,22.263,49.1,195206110000,320,5,***,36,*****
598,60.514,22.263,49.1,195206110600,040,7,***,54,*****
599,60.514,22.263,49.1,195206111200,320,2,***,63,*****
600,60.514,22.263,49.1,195206111800,340,7,***,54,*****
601,60.514,22.263,49.1,195206120600,320,1,***,55,*****
602,60.514,22.263,49.1,195206121200,230,14,***,66,*****
603,60.514,22.263,49.1,195206121800,270,11,***,63,*****
604,60.514,22.263,49.1,195206130000,290,11,***,45,*****
605,60.514,22.263,49.1,195206130600,***,0,***,59,*****
606,60.514,22.263,49.1,195206131200,240,11,***,70,*****
607,60.514,22.263,49.1,195206131800,270,11,***,66,*****
608,60.514,22.263,49.1,195206140000,***,0,***,45,*****
609,60.514,22.263,49.1,195206140600,***,0,***,57,*****
610,60.514,22.263,49.1,195206141200,200,9,***,63,*****
611,60.514,22.263,49.1,195206141800,160,7,***,57,*****
612,60.514,22.263,49.1,195206150000,***,0,***,50,*****
613,60.514,22.263,49.1,195206150600,140,9,***,59,*****
614,60.514,22.263,49.1,195206151800,160,5,***,57,*****
615,60.514,22.263,49.1,195206160600,230,9,***,55,*****
616,60.514,22.263,49.1,195206161200,210,14,***,54,*****
617,60.514,22.263,49.1,195206161800,180,2,***,54,*****
618,60.514,22.263,49.1,195206170000,110,2,***,45,*****
619,60.514,22.263,49.1,195206170600,180,2,***,52,*****
620,60.514,22.263,49.1,195206171200,250,14,***,61,*****
621,60.514,22.263,49.1,195206171800,270,9,***,59,*****
622,60.514,22.263,49.1,195206180000,***,0,***,48,*****
623,60.514,22.263,49.1,195206180600,230,2,***,59,*****
624,60.514,22.263,49.1,195206181200,200,11,***,46,*****
625,60.514,22.263,49.1,195206190000,120,2,***,45,*****
626,60.514,22.263,49.1,195206190600,090,5,***,59,*****
627,60.514,22.263,49.1,195206191200,120,11,***,72,*****
628,60.514,22.263,49.1,195206191800,160,9,***,61,*****
629,60.514,22.263,49.1,195206200000,200,5,***,55,*****
630,60.514,22.263,49.1,195206200600,230,9,***,57,*****
631,60.514,22.263,49.1,195206201200,220,11,***,59,*****
632,60.514,22.263,49.1,195206201800,220,14,***,57,*****
633,60.514,22.263,49.1,195206210600,180,7,***,54,*****
634,60.514,22.263,49.1,195206211200,160,7,***,61,*****
635,60.514,22.263,49.1,195206211800,160,7,***,57,*****
636,60.514,22.263,49.1,195206220000,140,5,***,54,*****
637,60.514,22.263,49.1,195206220600,090,5,***,52,*****
638,60.514,22.263,49.1,195206221200,200,5,***,55,*****
639,60.514,22.263,49.1,195206221800,270,5,***,52,*****
640,60.514,22.263,49.1,195206230000,220,5,***,50,*****
641,60.514,22.263,49.1,195206230600,250,9,***,54,*****
642,60.514,22.263,49.1,195206231200,220,11,***,57,*****
643,60.514,22.263,49.1,195206231800,140,2,***,57,*****
644,60.514,22.263,49.1,195206240000,070,2,***,50,*****
645,60.514,22.263,49.1,195206240600,***,0,***,55,*****
646,60.514,22.263,49.1,195206241200,250,14,***,61,*****
647,60.514,22.263,49.1,195206241800,230,9,***,54,*****
648,60.514,22.263,49.1,195206250000,250,9,***,54,*****
649,60.514,22.263,49.1,195206250600,270,9,***,55,*****
650,60.514,22.263,49.1,195206251200,250,14,***,57,*****
651,60.514,22.263,49.1,195206251800,270,7,***,61,*****
652,60.514,22.263,49.1,195206260000,200,7,***,54,*****
653,60.514,22.263,49.1,195206260600,230,7,***,59,*****
654,60.514,22.263,49.1,195206261200,240,14,***,64,*****
655,60.514,22.263,49.1,195206261800,270,9,***,61,*****
656,60.514,22.263,49.1,195206270000,290,5,***,43,*****
657,60.514,22.263,49.1,195206270600,360,2,***,57,*****
658,60.514,22.263,49.1,195206271200,250,9,***,70,*****
659,60.514,22.263,49.1,195206271800,250,7,***,70,*****
660,60.514,22.263,49.1,195206280000,***,0,***,46,*****
661,60.514,22.263,49.1,195206280600,180,2,***,64,*****
662,60.514,22.263,49.1,195206281200,250,11,***,73,*****
663,60.514,22.263,49.1,195206281800,250,9,***,68,*****
664,60.514,22.263,49.1,195206290000,***,0,***,48,*****
665,60.514,22.263,49.1,195206290600,140,2,***,64,*****
666,60.514,22.263,49.1,195206291800,200,9,***,63,*****
667,60.514,22.263,49.1,195206300000,180,7,***,59,*****
668,60.514,22.263,49.1,195206300600,200,2,***,63,*****
669,60.514,22.263,49.1,195206301200,230,9,***,68,*****
670,60.514,22.263,49.1,195206301800,180,5,***,59,*****
671,60.514,22.263,49.1,195207010000,290,5,***,52,*****
672,60.514,22.263,49.1,195207010600,020,5,***,55,*****
673,60.514,22.263,49.1,195207011200,270,16,***,68,*****
674,60.514,22.263,49.1,195207011800,320,16,***,64,*****
675,60.514,22.263,49.1,195207020000,290,7,***,48,*****
676,60.514,22.263,49.1,195207020600,330,7,***,63,*****
677,60.514,22.263,49.1,195207021200,270,16,***,70,*****
678,60.514,22.263,49.1,195207021800,220,2,***,70,*****
679,60.514,22.263,49.1,195207030000,160,2,***,57,*****
680,60.514,22.263,49.1,195207030600,180,14,***,66,*****
681,60.514,22.263,49.1,195207031200,200,14,***,70,*****
682,60.514,22.263,49.1,195207031800,290,11,***,68,*****
683,60.514,22.263,49.1,195207040600,360,7,***,61,*****
684,60.514,22.263,49.1,195207041200,290,9,***,70,*****
685,60.514,22.263,49.1,195207041800,320,1,***,63,*****
686,60.514,22.263,49.1,195207050000,320,5,***,48,*****
687,60.514,22.263,49.1,195207050600,340,9,***,55,*****
688,60.514,22.263,49.1,195207051200,320,16,***,66,*****
689,60.514,22.263,49.1,195207051800,320,16,***,57,*****
690,60.514,22.263,49.1,195207060000,320,5,***,46,*****
691,60.514,22.263,49.1,195207060600,***,0,***,59,*****
692,60.514,22.263,49.1,195207061200,290,14,***,68,*****
693,60.514,22.263,49.1,195207061800,320,11,***,64,*****
694,60.514,22.263,49.1,195207070000,320,2,***,52,*****
695,60.514,22.263,49.1,195207070600,360,7,***,61,*****
696,60.514,22.263,49.1,195207071200,360,11,***,75,*****
697,60.514,22.263,49.1,195207071800,040,9,***,73,*****
698,60.514,22.263,49.1,195207080000,***,0,***,50,*****
699,60.514,22.263,49.1,195207080600,040,7,***,64,*****
700,60.514,22.263,49.1,195207081200,050,6,***,75,*****
701,60.514,22.263,49.1,195207081800,070,5,***,****,*****
702,60.514,22.263,49.1,195207090000,***,0,***,50,*****
703,60.514,22.263,49.1,195207090600,***,0,***,70,*****
704,60.514,22.263,49.1,195207091200,250,5,***,79,*****
705,60.514,22.263,49.1,195207091800,270,9,***,75,*****
706,60.514,22.263,49.1,195207100000,***,0,***,54,*****
707,60.514,22.263,49.1,195207100600,230,5,***,70,*****
708,60.514,22.263,49.1,195207101200,210,11,***,77,*****
709,60.514,22.263,49.1,195207101800,200,5,***,72,*****
710,60.514,22.263,49.1,195207110000,180,2,***,63,*****
711,60.514,22.263,49.1,195207110600,230,7,***,68,*****
712,60.514,22.263,49.1,195207111200,230,11,***,75,*****
713,60.514,22.263,49.1,195207111800,230,11,***,70,*****
714,60.514,22.263,49.1,195207120000,210,5,***,63,*****
715,60.514,22.263,49.1,195207120600,180,2,***,68,*****
716,60.514,22.263,49.1,195207121200,200,14,***,75,*****
717,60.514,22.263,49.1,195207121800,080,9,***,73,*****
718,60.514,22.263,49.1,195207130000,140,11,***,68,*****
719,60.514,22.263,49.1,195207131200,220,18,***,64,*****
720,60.514,22.263,49.1,195207131800,220,9,***,63,*****
721,60.514,22.263,49.1,195207140000,180,11,***,55,*****
722,60.514,22.263,49.1,195207140600,160,9,***,59,*****
723,60.514,22.263,49.1,195207141200,200,16,***,64,*****
724,60.514,22.263,49.1,195207141800,230,11,***,59,*****
725,60.514,22.263,49.1,195207150000,230,11,***,57,*****
726,60.514,22.263,49.1,195207151200,210,18,***,63,*****
727,60.514,22.263,49.1,195207151800,230,11,***,61,*****
728,60.514,22.263,49.1,195207160000,200,7,***,59,*****
729,60.514,22.263,49.1,195207160600,230,11,***,61,*****
730,60.514,22.263,49.1,195207161200,200,14,***,63,*****
731,60.514,22.263,49.1,195207161800,230,9,***,61,*****
732,60.514,22.263,49.1,195207170000,210,9,***,57,*****
733,60.514,22.263,49.1,195207170600,230,9,***,61,*****
734,60.514,22.263,49.1,195207171200,180,11,***,63,*****
735,60.514,22.263,49.1,195207171800,180,9,***,55,*****
736,60.514,22.263,49.1,195207180000,140,5,***,54,*****
737,60.514,22.263,49.1,195207180600,180,9,***,59,*****
738,60.514,22.263,49.1,195207181800,200,11,***,59,*****
739,60.514,22.263,49.1,195207190000,200,7,***,55,*****
740,60.514,22.263,49.1,195207190600,090,5,***,55,*****
741,60.514,22.263,49.1,195207191200,360,11,***,54,*****
742,60.514,22.263,49.1,195207191800,320,5,***,55,*****
743,60.514,22.263,49.1,195207200000,320,2,***,52,*****
744,60.514,22.263,49.1,195207200600,***,0,***,57,*****
745,60.514,22.263,49.1,195207201200,210,14,***,66,*****
746,60.514,22.263,49.1,195207201800,180,5,***,59,*****
747,60.514,22.263,49.1,195207210000,090,2,***,55,*****
748,60.514,22.263,49.1,195207210600,340,7,***,55,*****
749,60.514,22.263,49.1,195207211200,290,14,***,57,*****
750,60.514,22.263,49.1,195207211800,320,14,***,59,*****
751,60.514,22.263,49.1,195207220000,290,11,***,55,*****
752,60.514,22.263,49.1,195207220600,290,11,***,59,*****
753,60.514,22.263,49.1,195207221200,230,9,***,61,*****
754,60.514,22.263,49.1,195207230000,070,5,***,52,*****
755,60.514,22.263,49.1,195207230600,200,30,***,54,*****
756,60.514,22.263,49.1,195207231200,360,14,***,63,*****
757,60.514,22.263,49.1,195207231800,340,2,***,57,*****
758,60.514,22.263,49.1,195207240000,340,11,***,54,*****
759,60.514,22.263,49.1,195207240600,360,14,***,54,*****
760,60.514,22.263,49.1,195207241200,340,14,***,61,*****
761,60.514,22.263,49.1,195207241800,340,11,***,57,*****
762,60.514,22.263,49.1,195207250000,320,7,***,54,*****
763,60.514,22.263,49.1,195207250600,300,5,***,57,*****
764,60.514,22.263,49.1,195207251200,270,17,***,61,*****
765,60.514,22.263,49.1,195207251800,270,7,***,54,*****
766,60.514,22.263,49.1,195207260000,270,9,***,55,*****
767,60.514,22.263,49.1,195207260600,300,5,***,55,*****
768,60.514,22.263,49.1,195207261200,320,11,***,61,*****
769,60.514,22.263,49.1,195207261800,320,9,***,59,*****
770,60.514,22.263,49.1,195207270000,320,5,***,52,*****
771,60.514,22.263,49.1,195207270600,360,2,***,59,*****
772,60.514,22.263,49.1,195207271200,290,2,***,61,*****
773,60.514,22.263,49.1,195207271800,270,2,***,63,*****
774,60.514,22.263,49.1,195207280000,320,2,***,52,*****
775,60.514,22.263,49.1,195207280600,140,2,***,59,*****
776,60.514,22.263,49.1,195207281200,230,7,***,66,*****
777,60.514,22.263,49.1,195207281800,***,0,***,63,*****
778,60.514,22.263,49.1,195207290000,***,0,***,48,*****
779,60.514,22.263,49.1,195207290600,***,0,***,61,*****
780,60.514,22.263,49.1,195207291200,120,7,***,66,*****
781,60.514,22.263,49.1,195207291800,090,11,***,66,*****
782,60.514,22.263,49.1,195207300000,090,11,***,61,*****
783,60.514,22.263,49.1,195207300600,140,9,***,66,*****
784,60.514,22.263,49.1,195207301200,210,7,***,68,*****
785,60.514,22.263,49.1,195207301800,270,5,***,61,*****
786,60.514,22.263,49.1,195207310000,220,7,***,55,*****
787,60.514,22.263,49.1,195207310600,180,5,***,59,*****
788,60.514,22.263,49.1,195207311200,200,14,***,64,*****
789,60.514,22.263,49.1,195207311800,180,5,***,61,*****
790,60.514,22.263,49.1,195208010000,230,9,***,59,*****
791,60.514,22.263,49.1,195208010600,200,5,***,61,*****
792,60.514,22.263,49.1,195208011200,200,7,***,68,*****
793,60.514,22.263,49.1,195208011800,230,7,***,64,*****
794,60.514,22.263,49.1,195208020000,***,0,***,52,*****
795,60.514,22.263,49.1,195208020600,160,2,***,59,*****
796,60.514,22.263,49.1,195208021200,210,7,***,70,*****
797,60.514,22.263,49.1,195208021800,220,7,***,66,*****
798,60.514,22.263,49.1,195208030000,180,2,***,57,*****
799,60.514,22.263,49.1,195208030600,***,0,***,61,*****
800,60.514,22.263,49.1,195208031200,220,7,***,72,*****
801,60.514,22.263,49.1,195208031800,200,2,***,66,*****
802,60.514,22.263,49.1,195208040000,180,5,***,57,*****
803,60.514,22.263,49.1,195208040600,140,2,***,61,*****
804,60.514,22.263,49.1,195208041200,140,7,***,64,*****
805,60.514,22.263,49.1,195208050000,200,7,***,61,*****
806,60.514,22.263,49.1,195208050600,120,2,***,63,*****
807,60.514,22.263,49.1,195208051200,230,9,***,70,*****
808,60.514,22.263,49.1,195208051800,230,7,***,63,*****
809,60.514,22.263,49.1,195208060000,180,5,***,59,*****
810,60.514,22.263,49.1,195208060600,160,7,***,59,*****
811,60.514,22.263,49.1,195208061200,160,11,***,61,*****
812,60.514,22.263,49.1,195208061800,220,11,***,63,*****
813,60.514,22.263,49.1,195208070000,250,9,***,59,*****
814,60.514,22.263,49.1,195208070600,270,11,***,61,*****
815,60.514,22.263,49.1,195208071200,290,9,***,64,*****
816,60.514,22.263,49.1,195208071800,320,7,***,57,*****
817,60.514,22.263,49.1,195208080000,***,0,***,43,*****
818,60.514,22.263,49.1,195208080600,040,2,***,52,*****
819,60.514,22.263,49.1,195208081200,090,7,***,61,*****
820,60.514,22.263,49.1,195208081800,070,1,***,57,*****
821,60.514,22.263,49.1,195208090000,***,0,***,48,*****
822,60.514,22.263,49.1,195208090600,360,2,***,52,*****
823,60.514,22.263,49.1,195208091200,070,2,***,61,*****
824,60.514,22.263,49.1,195208091800,020,5,***,61,*****
825,60.514,22.263,49.1,195208100000,340,2,***,57,*****
826,60.514,22.263,49.1,195208100600,***,0,***,59,*****
827,60.514,22.263,49.1,195208101200,200,2,***,68,*****
828,60.514,22.263,49.1,195208101800,250,2,***,64,*****
829,60.514,22.263,49.1,195208110000,070,11,***,59,*****
830,60.514,22.263,49.1,195208110600,040,18,***,57,*****
831,60.514,22.263,49.1,195208111200,110,14,***,57,*****
832,60.514,22.263,49.1,195208111800,150,2,***,61,*****
833,60.514,22.263,49.1,195208120000,140,2,***,57,*****
834,60.514,22.263,49.1,195208120600,140,5,***,61,*****
835,60.514,22.263,49.1,195208121200,230,11,***,70,*****
836,60.514,22.263,49.1,195208121800,180,7,***,63,*****
837,60.514,22.263,49.1,195208130000,180,5,***,59,*****
838,60.514,22.263,49.1,195208130600,220,11,***,63,*****
839,60.514,22.263,49.1,195208131200,270,14,***,66,*****
840,60.514,22.263,49.1,195208131800,230,11,***,63,*****
841,60.514,22.263,49.1,195208140000,250,9,***,63,*****
842,60.514,22.263,49.1,195208140600,270,9,***,61,*****
843,60.514,22.263,49.1,195208141200,250,14,***,64,*****
844,60.514,22.263,49.1,195208141800,270,5,***,57,*****
845,60.514,22.263,49.1,195208150000,***,0,***,54,*****
846,60.514,22.263,49.1,195208150600,360,1,***,57,*****
847,60.514,22.263,49.1,195208151200,230,11,***,66,*****
848,60.514,22.263,49.1,195208151800,270,7,***,57,*****
849,60.514,22.263,49.1,195208160000,290,14,***,46,*****
850,60.514,22.263,49.1,195208160600,360,2,***,54,*****
851,60.514,22.263,49.1,195208161200,300,5,***,61,*****
852,60.514,22.263,49.1,195208161800,330,9,***,59,*****
853,60.514,22.263,49.1,195208170000,***,0,***,39,*****
854,60.514,22.263,49.1,195208170600,090,7,***,52,*****
855,60.514,22.263,49.1,195208171200,060,7,***,63,*****
856,60.514,22.263,49.1,195208171800,050,2,***,59,*****
857,60.514,22.263,49.1,195208180000,020,7,***,46,*****
858,60.514,22.263,49.1,195208180600,040,9,***,52,*****
859,60.514,22.263,49.1,195208181200,090,11,***,61,*****
860,60.514,22.263,49.1,195208181800,070,5,***,57,*****
861,60.514,22.263,49.1,195208190000,360,5,***,43,*****
862,60.514,22.263,49.1,195208190600,360,5,***,52,*****
863,60.514,22.263,49.1,195208191200,020,2,***,63,*****
864,60.514,22.263,49.1,195208200000,320,5,***,46,*****
865,60.514,22.263,49.1,195208200600,320,1,***,52,*****
866,60.514,22.263,49.1,195208201200,320,7,***,63,*****
867,60.514,22.263,49.1,195208201800,360,2,***,57,*****
868,60.514,22.263,49.1,195208210000,020,2,***,41,*****
869,60.514,22.263,49.1,195208210600,020,2,***,50,*****
870,60.514,22.263,49.1,195208211200,360,2,***,64,*****
871,60.514,22.263,49.1,195208211800,340,2,***,57,*****
872,60.514,22.263,49.1,195208220000,***,0,***,50,*****
873,60.514,22.263,49.1,195208221200,270,9,***,66,*****
874,60.514,22.263,49.1,195208221800,310,7,***,55,*****
875,60.514,22.263,49.1,195208230000,270,5,***,41,*****
876,60.514,22.263,49.1,195208230600,210,9,***,59,*****
877,60.514,22.263,49.1,195208231200,220,18,***,64,*****
878,60.514,22.263,49.1,195208231800,230,16,***,61,*****
879,60.514,22.263,49.1,195208240000,270,11,***,55,*****
880,60.514,22.263,49.1,195208240600,290,11,***,57,*****
881,60.514,22.263,49.1,195208241200,290,18,***,57,*****
882,60.514,22.263,49.1,195208241800,300,16,***,55,*****
883,60.514,22.263,49.1,195208250000,300,11,***,52,*****
884,60.514,22.263,49.1,195208250600,270,7,***,52,*****
885,60.514,22.263,49.1,195208251200,250,7,***,61,*****
886,60.514,22.263,49.1,195208251800,180,14,***,57,*****
887,60.514,22.263,49.1,195208260000,240,16,***,57,*****
888,60.514,22.263,49.1,195208260600,270,21,***,48,*****
889,60.514,22.263,49.1,195208261200,290,23,***,52,*****
890,60.514,22.263,49.1,195208261800,290,14,***,54,*****
891,60.514,22.263,49.1,195208270000,250,5,***,46,*****
892,60.514,22.263,49.1,195208270600,160,2,***,46,*****
893,60.514,22.263,49.1,195208271200,210,7,***,54,*****
894,60.514,22.263,49.1,195208271800,160,5,***,52,*****
895,60.514,22.263,49.1,195208280000,110,5,***,54,*****
896,60.514,22.263,49.1,195208280600,180,5,***,55,*****
897,60.514,22.263,49.1,195208281200,260,9,***,55,*****
898,60.514,22.263,49.1,195208281800,290,11,***,50,*****
899,60.514,22.263,49.1,195208290000,270,9,***,48,*****
900,60.514,22.263,49.1,195208290600,290,9,***,48,*****
901,60.514,22.263,49.1,195208291200,340,16,***,55,*****
902,60.514,22.263,49.1,195208291800,320,16,***,54,*****
903,60.514,22.263,49.1,195208300000,310,11,***,52,*****
904,60.514,22.263,49.1,195208300600,340,9,***,52,*****
905,60.514,22.263,49.1,195208301200,320,14,***,59,*****
906,60.514,22.263,49.1,195208301800,320,9,***,52,*****
907,60.514,22.263,49.1,195208310000,290,5,***,45,*****
908,60.514,22.263,49.1,195208310600,320,5,***,48,*****
909,60.514,22.263,49.1,195208311200,250,7,***,61,*****
910,60.514,22.263,49.1,195208311800,230,5,***,52,*****
911,60.514,22.263,49.1,195209010000,***,0,***,52,*****
912,60.514,22.263,49.1,195209010600,180,11,***,57,*****
913,60.514,22.263,49.1,195209011200,190,11,***,57,*****
914,60.514,22.263,49.1,195209011800,200,7,***,57,*****
915,60.514,22.263,49.1,195209020000,250,7,***,55,*****
916,60.514,22.263,49.1,195209020600,220,11,***,55,*****
917,60.514,22.263,49.1,195209021200,220,11,***,61,*****
918,60.514,22.263,49.1,195209021800,220,14,***,55,*****
919,60.514,22.263,49.1,195209030000,230,14,***,55,*****
920,60.514,22.263,49.1,195209030600,230,14,***,55,*****
921,60.514,22.263,49.1,195209031200,220,16,***,57,*****
922,60.514,22.263,49.1,195209031800,220,11,***,54,*****
923,60.514,22.263,49.1,195209040000,160,2,***,48,*****
924,60.514,22.263,49.1,195209040600,160,3,***,54,*****
925,60.514,22.263,49.1,195209041800,***,0,***,50,*****
926,60.514,22.263,49.1,195209050000,***,0,***,43,*****
927,60.514,22.263,49.1,195209050600,270,7,***,50,*****
928,60.514,22.263,49.1,195209051200,270,11,***,55,*****
929,60.514,22.263,49.1,195209051800,240,2,***,50,*****
930,60.514,22.263,49.1,195209060000,***,0,***,41,*****
931,60.514,22.263,49.1,195209060600,***,0,***,48,*****
932,60.514,22.263,49.1,195209061200,160,7,***,59,*****
933,60.514,22.263,49.1,195209061800,090,7,***,54,*****
934,60.514,22.263,49.1,195209070000,040,14,***,50,*****
935,60.514,22.263,49.1,195209070600,160,9,***,54,*****
936,60.514,22.263,49.1,195209071200,270,21,***,52,*****
937,60.514,22.263,49.1,195209071800,270,16,***,50,*****
938,60.514,22.263,49.1,195209080000,***,0,***,39,*****
939,60.514,22.263,49.1,195209080600,***,0,***,41,*****
940,60.514,22.263,49.1,195209081200,040,5,***,59,*****
941,60.514,22.263,49.1,195209081800,020,2,***,54,*****
942,60.514,22.263,49.1,195209090000,360,7,***,48,*****
943,60.514,22.263,49.1,195209090600,360,9,***,48,*****
944,60.514,22.263,49.1,195209091200,360,16,***,55,*****
945,60.514,22.263,49.1,195209091800,330,7,***,52,*****
946,60.514,22.263,49.1,195209100000,320,2,***,48,*****
947,60.514,22.263,49.1,195209100600,340,5,***,50,*****
948,60.514,22.263,49.1,195209101200,360,7,***,61,*****
949,60.514,22.263,49.1,195209101800,320,5,***,52,*****
950,60.514,22.263,49.1,195209110000,***,0,***,43,*****
951,60.514,22.263,49.1,195209110600,070,5,***,46,*****
952,60.514,22.263,49.1,195209111200,020,9,***,57,*****
953,60.514,22.263,49.1,195209111800,020,11,***,52,*****
954,60.514,22.263,49.1,195209120000,020,11,***,48,*****
955,60.514,22.263,49.1,195209120600,020,9,***,45,*****
956,60.514,22.263,49.1,195209121200,040,9,***,52,*****
957,60.514,22.263,49.1,195209121800,360,5,***,45,*****
958,60.514,22.263,49.1,195209130000,***,0,***,34,*****
959,60.514,22.263,49.1,195209131200,240,5,***,54,*****
960,60.514,22.263,49.1,195209131800,320,5,***,46,*****
961,60.514,22.263,49.1,195209140000,340,9,***,39,*****
962,60.514,22.263,49.1,195209140600,320,6,***,43,*****
963,60.514,22.263,49.1,195209150000,***,0,***,32,*****
964,60.514,22.263,49.1,195209150600,340,2,***,34,*****
965,60.514,22.263,49.1,195209151200,340,11,***,54,*****
966,60.514,22.263,49.1,195209151800,320,7,***,43,*****
967,60.514,22.263,49.1,195209160000,***,0,***,32,*****
968,60.514,22.263,49.1,195209160600,220,9,***,50,*****
969,60.514,22.263,49.1,195209161200,240,14,***,54,*****
970,60.514,22.263,49.1,195209161800,250,7,***,50,*****
971,60.514,22.263,49.1,195209170000,200,5,***,52,*****
972,60.514,22.263,49.1,195209170600,200,11,***,52,*****
973,60.514,22.263,49.1,195209171200,220,23,***,54,*****
974,60.514,22.263,49.1,195209171800,230,16,***,54,*****
975,60.514,22.263,49.1,195209180000,230,16,***,54,*****
976,60.514,22.263,49.1,195209180600,230,14,***,****,*****
977,60.514,22.263,49.1,195209181200,230,14,***,54,*****
978,60.514,22.263,49.1,195209181800,220,7,***,48,*****
979,60.514,22.263,49.1,195209190600,180,2,***,39,*****
980,60.514,22.263,49.1,195209191200,180,5,***,54,*****
981,60.514,22.263,49.1,195209191800,320,2,***,43,*****
982,60.514,22.263,49.1,195209200000,***,0,***,34,*****
983,60.514,22.263,49.1,195209200600,120,2,***,39,*****
984,60.514,22.263,49.1,195209201200,180,2,***,52,*****
985,60.514,22.263,49.1,195209201800,320,5,***,41,*****
986,60.514,22.263,49.1,195209210000,320,5,***,30,*****
987,60.514,22.263,49.1,195209211200,280,11,***,50,*****
988,60.514,22.263,49.1,195209211800,***,0,***,37,*****
989,60.514,22.263,49.1,195209220000,090,2,***,37,*****
990,60.514,22.263,49.1,195209220600,070,14,***,39,*****
991,60.514,22.263,49.1,195209221200,020,28,***,37,*****
992,60.514,22.263,49.1,195209221800,020,21,***,36,*****
993,60.514,22.263,49.1,195209230000,350,11,***,39,*****
994,60.514,22.263,49.1,195209230600,320,14,***,37,*****
995,60.514,22.263,49.1,195209231200,320,14,***,46,*****
996,60.514,22.263,49.1,195209231800,300,11,***,43,*****
997,60.514,22.263,49.1,195209240000,270,2,***,30,*****
998,60.514,22.263,49.1,195209240600,270,5,***,36,*****
999,60.514,22.263,49.1,195209241200,290,14,***,48,*****
1000,60.514,22.263,49.1,195209241800,***,0,***,37,*****
1001,60.514,22.263,49.1,195209250000,***,0,***,28,*****
1002,60.514,22.263,49.1,195209250600,140,2,***,28,*****
1003,60.514,22.263,49.1,195209251200,140,7,***,45,*****
1004,60.514,22.263,49.1,195209251800,120,11,***,43,*****
1005,60.514,22.263,49.1,195209260000,160,7,***,43,*****
1006,60.514,22.263,49.1,195209260600,220,14,***,52,*****
1007,60.514,22.263,49.1,195209261200,240,11,***,55,*****
1008,60.514,22.263,49.1,195209261800,160,7,***,50,*****
1009,60.514,22.263,49.1,195209270000,180,7,***,50,*****
1010,60.514,22.263,49.1,195209270600,180,9,***,52,*****
1011,60.514,22.263,49.1,195209271200,180,7,***,54,*****
1012,60.514,22.263,49.1,195209271800,140,7,***,52,*****
1013,60.514,22.263,49.1,195209280000,160,9,***,50,*****
1014,60.514,22.263,49.1,195209280600,180,5,***,52,*****
1015,60.514,22.263,49.1,195209281200,180,9,***,54,*****
1016,60.514,22.263,49.1,195209281800,160,2,***,46,*****
1017,60.514,22.263,49.1,195209290000,***,0,***,43,*****
1018,60.514,22.263,49.1,195209290600,***,0,***,43,*****
1019,60.514,22.263,49.1,195209291200,250,2,***,48,*****
1020,60.514,22.263,49.1,195209291800,040,2,***,46,*****
1021,60.514,22.263,49.1,195209300000,***,0,***,39,*****
1022,60.514,22.263,49.1,195209300600,360,2,***,41,*****
1023,60.514,22.263,49.1,195209301200,330,11,***,48,*****
1024,60.514,22.263,49.1,195209301800,320,5,***,45,*****
1025,60.514,22.263,49.1,195210010000,360,2,***,41,*****
1026,60.514,22.263,49.1,195210010600,020,2,***,41,*****
1027,60.514,22.263,49.1,195210011200,020,2,***,43,*****
1028,60.514,22.263,49.1,195210011800,***,0,***,36,*****
1029,60.514,22.263,49.1,195210020000,***,0,***,28,*****
1030,60.514,22.263,49.1,195210020600,070,5,***,30,*****
1031,60.514,22.263,49.1,195210021200,090,14,***,46,*****
1032,60.514,22.263,49.1,195210021800,060,11,***,41,*****
1033,60.514,22.263,49.1,195210030000,060,11,***,39,*****
1034,60.514,22.263,49.1,195210030600,060,16,***,37,*****
1035,60.514,22.263,49.1,195210031200,040,16,***,36,*****
1036,60.514,22.263,49.1,195210031800,060,16,***,36,*****
1037,60.514,22.263,49.1,195210040000,060,14,***,34,*****
1038,60.514,22.263,49.1,195210040600,040,11,***,36,*****
1039,60.514,22.263,49.1,195210041800,060,5,***,37,*****
1040,60.514,22.263,49.1,195210050000,030,5,***,39,*****
1041,60.514,22.263,49.1,195210050600,040,5,***,39,*****
1042,60.514,22.263,49.1,195210051200,040,5,***,41,*****
1043,60.514,22.263,49.1,195210051800,040,2,***,39,*****
1044,60.514,22.263,49.1,195210060000,040,2,***,37,*****
1045,60.514,22.263,49.1,195210060600,360,2,***,36,*****
1046,60.514,22.263,49.1,195210061200,340,2,***,39,*****
1047,60.514,22.263,49.1,195210061800,***,0,***,37,*****
1048,60.514,22.263,49.1,195210070000,090,5,***,34,*****
1049,60.514,22.263,49.1,195210070600,070,11,***,36,*****
1050,60.514,22.263,49.1,195210071200,040,14,***,39,*****
1051,60.514,22.263,49.1,195210071800,040,14,***,37,*****
1052,60.514,22.263,49.1,195210080000,040,14,***,37,*****
1053,60.514,22.263,49.1,195210080600,020,7,***,39,*****
1054,60.514,22.263,49.1,195210081200,040,5,***,46,*****
1055,60.514,22.263,49.1,195210081800,340,5,***,43,*****
1056,60.514,22.263,49.1,195210090000,320,2,***,39,*****
1057,60.514,22.263,49.1,195210090600,270,5,***,41,*****
1058,60.514,22.263,49.1,195210091200,140,9,***,43,*****
1059,60.514,22.263,49.1,195210091800,250,9,***,43,*****
1060,60.514,22.263,49.1,195210100000,230,7,***,46,*****
1061,60.514,22.263,49.1,195210100600,230,11,***,43,*****
1062,60.514,22.263,49.1,195210101200,230,7,***,50,*****
1063,60.514,22.263,49.1,195210101800,320,2,***,37,*****
1064,60.514,22.263,49.1,195210110600,***,0,***,34,*****
1065,60.514,22.263,49.1,195210111200,020,7,***,41,*****
1066,60.514,22.263,49.1,195210111800,360,2,***,39,*****
1067,60.514,22.263,49.1,195210120600,340,2,***,36,*****
1068,60.514,22.263,49.1,195210121200,020,7,***,41,*****
1069,60.514,22.263,49.1,195210121800,020,2,***,39,*****
1070,60.514,22.263,49.1,195210130000,040,2,***,37,*****
1071,60.514,22.263,49.1,195210130600,040,2,***,37,*****
1072,60.514,22.263,49.1,195210131200,020,11,***,45,*****
1073,60.514,22.263,49.1,195210131800,040,16,***,37,*****
1074,60.514,22.263,49.1,195210140000,060,18,***,37,*****
1075,60.514,22.263,49.1,195210140600,070,30,***,36,*****
1076,60.514,22.263,49.1,195210141800,070,16,***,41,*****
1077,60.514,22.263,49.1,195210150000,090,23,***,41,*****
1078,60.514,22.263,49.1,195210150600,090,29,***,43,*****
1079,60.514,22.263,49.1,195210151200,090,14,***,43,*****
1080,60.514,22.263,49.1,195210151800,090,11,***,39,*****
1081,60.514,22.263,49.1,195210160000,070,11,***,39,*****
1082,60.514,22.263,49.1,195210160600,080,11,***,39,*****
1083,60.514,22.263,49.1,195210161200,070,11,***,41,*****
1084,60.514,22.263,49.1,195210161800,090,14,***,41,*****
1085,60.514,22.263,49.1,195210170000,070,7,***,39,*****
1086,60.514,22.263,49.1,195210170600,040,9,***,34,*****
1087,60.514,22.263,49.1,195210171200,040,11,***,36,*****
1088,60.514,22.263,49.1,195210171800,360,9,***,34,*****
1089,60.514,22.263,49.1,195210180000,360,5,***,32,*****
1090,60.514,22.263,49.1,195210180600,360,5,***,32,*****
1091,60.514,22.263,49.1,195210181200,020,11,***,36,*****
1092,60.514,22.263,49.1,195210181800,020,11,***,34,*****
1093,60.514,22.263,49.1,195210190000,020,9,***,36,*****
1094,60.514,22.263,49.1,195210190600,020,16,***,36,*****
1095,60.514,22.263,49.1,195210191200,040,11,***,41,*****
1096,60.514,22.263,49.1,195210191800,040,14,***,37,*****
1097,60.514,22.263,49.1,195210200000,040,16,***,37,*****
1098,60.514,22.263,49.1,195210200600,040,11,***,36,*****
1099,60.514,22.263,49.1,195210201200,020,11,***,36,*****
1100,60.514,22.263,49.1,195210201800,020,7,***,32,*****
1101,60.514,22.263,49.1,195210210000,040,7,***,32,*****
1102,60.514,22.263,49.1,195210210600,040,9,***,34,*****
1103,60.514,22.263,49.1,195210211200,040,5,***,34,*****
1104,60.514,22.263,49.1,195210211800,040,5,***,36,*****
1105,60.514,22.263,49.1,195210220000,040,2,***,34,*****
1106,60.514,22.263,49.1,195210220600,020,2,***,34,*****
1107,60.514,22.263,49.1,195210221200,040,5,***,34,*****
1108,60.514,22.263,49.1,195210221800,360,2,***,36,*****
1109,60.514,22.263,49.1,195210230000,020,2,***,32,*****
1110,60.514,22.263,49.1,195210230600,060,7,***,28,*****
1111,60.514,22.263,49.1,195210231200,020,5,***,30,*****
1112,60.514,22.263,49.1,195210231800,090,5,***,30,*****
1113,60.514,22.263,49.1,195210240000,070,2,***,30,*****
1114,60.514,22.263,49.1,195210240600,120,7,***,32,*****
1115,60.514,22.263,49.1,195210241200,090,14,***,34,*****
1116,60.514,22.263,49.1,195210241800,090,5,***,32,*****
1117,60.514,22.263,49.1,195210250000,090,2,***,32,*****
1118,60.514,22.263,49.1,195210250600,120,5,***,36,*****
1119,60.514,22.263,49.1,195210251200,100,9,***,41,*****
1120,60.514,22.263,49.1,195210251800,070,5,***,37,*****
1121,60.514,22.263,49.1,195210260000,040,2,***,37,*****
1122,60.514,22.263,49.1,195210260600,090,5,***,36,*****
1123,60.514,22.263,49.1,195210261200,090,5,***,34,*****
1124,60.514,22.263,49.1,195210261800,070,7,***,34,*****
1125,60.514,22.263,49.1,195210270600,070,9,***,34,*****
1126,60.514,22.263,49.1,195210271200,040,14,***,34,*****
1127,60.514,22.263,49.1,195210271800,090,7,***,32,*****
1128,60.514,22.263,49.1,195210280000,060,5,***,28,*****
1129,60.514,22.263,49.1,195210280600,090,5,***,30,*****
1130,60.514,22.263,49.1,195210281200,160,11,***,39,*****
1131,60.514,22.263,49.1,195210281800,160,11,***,37,*****
1132,60.514,22.263,49.1,195210290000,160,21,***,36,*****
1133,60.514,22.263,49.1,195210290600,120,18,***,34,*****
1134,60.514,22.263,49.1,195210291200,140,18,***,37,*****
1135,60.514,22.263,49.1,195210291800,120,7,***,39,*****
1136,60.514,22.263,49.1,195210300000,180,5,***,45,*****
1137,60.514,22.263,49.1,195210300600,160,2,***,45,*****
1138,60.514,22.263,49.1,195210301200,200,5,***,46,*****
1139,60.514,22.263,49.1,195210301800,230,7,***,45,*****
1140,60.514,22.263,49.1,195210310000,***,0,***,37,*****
1141,60.514,22.263,49.1,195210310600,140,2,***,39,*****
1142,60.514,22.263,49.1,195210311200,090,7,***,43,*****
1143,60.514,22.263,49.1,195210311800,120,9,***,39,*****
1144,60.514,22.263,49.1,195211010000,090,2,***,39,*****
1145,60.514,22.263,49.1,195211010600,020,2,***,39,*****
1146,60.514,22.263,49.1,195211011200,040,5,***,34,*****
1147,60.514,22.263,49.1,195211011800,140,14,***,30,*****
1148,60.514,22.263,49.1,195211020000,040,14,***,25,*****
1149,60.514,22.263,49.1,195211020600,040,14,***,21,*****
1150,60.514,22.263,49.1,195211021200,020,14,***,19,*****
1151,60.514,22.263,49.1,195211021800,040,7,***,18,*****
1152,60.514,22.263,49.1,195211030000,360,5,***,18,*****
1153,60.514,22.263,49.1,195211030600,020,7,***,19,*****
1154,60.514,22.263,49.1,195211031200,020,7,***,21,*****
1155,60.514,22.263,49.1,195211031800,020,5,***,23,*****
1156,60.514,22.263,49.1,195211040000,020,9,***,23,*****
1157,60.514,22.263,49.1,195211040600,020,5,***,23,*****
1158,60.514,22.263,49.1,195211041200,360,2,***,25,*****
1159,60.514,22.263,49.1,195211041800,020,2,***,25,*****
1160,60.514,22.263,49.1,195211050000,020,2,***,23,*****
1161,60.514,22.263,49.1,195211050600,100,9,***,23,*****
1162,60.514,22.263,49.1,195211051200,120,11,***,28,*****
1163,60.514,22.263,49.1,195211051800,120,14,***,34,*****
1164,60.514,22.263,49.1,195211060600,250,11,***,34,*****
1165,60.514,22.263,49.1,195211061200,270,7,***,****,*****
1166,60.514,22.263,49.1,195211061800,220,7,***,34,*****
1167,60.514,22.263,49.1,195211070000,330,7,***,32,*****
1168,60.514,22.263,49.1,195211070600,360,7,***,28,*****
1169,60.514,22.263,49.1,195211071200,340,7,***,28,*****
1170,60.514,22.263,49.1,195211071800,320,5,***,28,*****
1171,60.514,22.263,49.1,195211080000,270,2,***,25,*****
1172,60.514,22.263,49.1,195211080600,020,2,***,19,*****
1173,60.514,22.263,49.1,195211081200,***,0,***,32,*****
1174,60.514,22.263,49.1,195211081800,***,0,***,18,*****
1175,60.514,22.263,49.1,195211090000,***,0,***,10,*****
1176,60.514,22.263,49.1,195211090600,020,5,***,16,*****
1177,60.514,22.263,49.1,195211091200,360,11,***,28,*****
1178,60.514,22.263,49.1,195211091800,360,11,***,30,*****
1179,60.514,22.263,49.1,195211100000,090,2,***,32,*****
1180,60.514,22.263,49.1,195211100600,120,7,***,34,*****
1181,60.514,22.263,49.1,195211101200,180,9,***,36,*****
1182,60.514,22.263,49.1,195211101800,200,7,***,34,*****
1183,60.514,22.263,49.1,195211110600,120,11,***,36,*****
1184,60.514,22.263,49.1,195211111200,120,14,***,36,*****
1185,60.514,22.263,49.1,195211111800,110,11,***,36,*****
1186,60.514,22.263,49.1,195211120000,110,11,***,36,*****
1187,60.514,22.263,49.1,195211120600,100,14,***,34,*****
1188,60.514,22.263,49.1,195211121200,120,9,***,36,*****
1189,60.514,22.263,49.1,195211130000,040,7,***,34,*****
1190,60.514,22.263,49.1,195211130600,070,7,***,34,*****
1191,60.514,22.263,49.1,195211131200,090,11,***,36,*****
1192,60.514,22.263,49.1,195211131800,090,11,***,36,*****
1193,60.514,22.263,49.1,195211140000,090,14,***,34,*****
1194,60.514,22.263,49.1,195211140600,090,9,***,34,*****
1195,60.514,22.263,49.1,195211141200,090,7,***,34,*****
1196,60.514,22.263,49.1,195211141800,090,14,***,36,*****
1197,60.514,22.263,49.1,195211150000,120,14,***,30,*****
1198,60.514,22.263,49.1,195211150600,130,11,***,32,*****
1199,60.514,22.263,49.1,195211151200,120,11,***,34,*****
1200,60.514,22.263,49.1,195211151800,140,11,***,36,*****
1201,60.514,22.263,49.1,195211160000,090,9,***,32,*****
1202,60.514,22.263,49.1,195211160600,120,9,***,32,*****
1203,60.514,22.263,49.1,195211161200,090,9,***,34,*****
1204,60.514,22.263,49.1,195211161800,110,14,***,32,*****
1205,60.514,22.263,49.1,195211170000,120,11,***,32,*****
1206,60.514,22.263,49.1,195211170600,160,9,***,37,*****
1207,60.514,22.263,49.1,195211171200,160,7,***,37,*****
1208,60.514,22.263,49.1,195211171800,160,11,***,37,*****
1209,60.514,22.263,49.1,195211180000,180,9,***,37,*****
1210,60.514,22.263,49.1,195211180600,140,5,***,36,*****
1211,60.514,22.263,49.1,195211181200,***,0,***,34,*****
1212,60.514,22.263,49.1,195211181800,***,0,***,27,*****
1213,60.514,22.263,49.1,195211190000,***,0,***,23,*****
1214,60.514,22.263,49.1,195211190600,***,0,***,23,*****
1215,60.514,22.263,49.1,195211191200,***,0,***,27,*****
1216,60.514,22.263,49.1,195211191800,160,2,***,25,*****
1217,60.514,22.263,49.1,195211200000,***,0,***,27,*****
1218,60.514,22.263,49.1,195211200600,***,0,***,19,*****
1219,60.514,22.263,49.1,195211201200,220,2,***,30,*****
1220,60.514,22.263,49.1,195211201800,***,0,***,23,*****
1221,60.514,22.263,49.1,195211210000,***,0,***,28,*****
1222,60.514,22.263,49.1,195211210600,140,14,***,30,*****
1223,60.514,22.263,49.1,195211211200,130,11,***,30,*****
1224,60.514,22.263,49.1,195211211800,140,9,***,30,*****
1225,60.514,22.263,49.1,195211220000,140,***,***,32,*****
1226,60.514,22.263,49.1,195211221800,120,14,***,30,*****
1227,60.514,22.263,49.1,195211230000,120,9,***,34,*****
1228,60.514,22.263,49.1,195211230600,140,16,***,32,*****
1229,60.514,22.263,49.1,195211231200,140,9,***,34,*****
1230,60.514,22.263,49.1,195211231800,140,11,***,36,*****
1231,60.514,22.263,49.1,195211240600,120,14,***,32,*****
1232,60.514,22.263,49.1,195211241200,120,16,***,30,*****
1233,60.514,22.263,49.1,195211241800,120,16,***,28,*****
1234,60.514,22.263,49.1,195211250000,140,11,***,30,*****
1235,60.514,22.263,49.1,195211250600,100,11,***,32,*****
1236,60.514,22.263,49.1,195211251200,090,11,***,34,*****
1237,60.514,22.263,49.1,195211251800,090,14,***,32,*****
1238,60.514,22.263,49.1,195211260000,070,9,***,32,*****
1239,60.514,22.263,49.1,195211260600,070,7,***,32,*****
1240,60.514,22.263,49.1,195211261200,090,11,***,32,*****
1241,60.514,22.263,49.1,195211261800,070,9,***,28,*****
1242,60.514,22.263,49.1,195211270000,060,7,***,25,*****
1243,60.514,22.263,49.1,195211270600,040,5,***,25,*****
1244,60.514,22.263,49.1,195211271200,360,5,***,23,*****
1245,60.514,22.263,49.1,195211271800,200,5,***,27,*****
1246,60.514,22.263,49.1,195211280000,300,7,***,21,*****
1247,60.514,22.263,49.1,195211280600,320,5,***,7,*****
1248,60.514,22.263,49.1,195211281200,***,0,***,12,*****
1249,60.514,22.263,49.1,195211281800,***,0,***,12,*****
1250,60.514,22.263,49.1,195211290000,***,0,***,14,*****
1251,60.514,22.263,49.1,195211290600,***,0,***,7,*****
1252,60.514,22.263,49.1,195211291200,***,0,***,16,*****
1253,60.514,22.263,49.1,195211291800,***,0,***,3,*****
1254,60.514,22.263,49.1,195211300000,***,0,***,1,*****
1255,60.514,22.263,49.1,195211300600,***,0,***,5,*****
1256,60.514,22.263,49.1,195211301200,***,0,***,12,*****
1257,60.514,22.263,49.1,195211301800,***,0,***,7,*****
1258,60.514,22.263,49.1,195212010000,***,0,***,3,*****
1259,60.514,22.263,49.1,195212010600,***,0,***,7,*****
1260,60.514,22.263,49.1,195212011200,***,0,***,9,*****
1261,60.514,22.263,49.1,195212011800,***,0,***,14,*****
1262,60.514,22.263,49.1,195212020000,***,0,***,21,*****
1263,60.514,22.263,49.1,195212020600,160,2,***,28,*****
1264,60.514,22.263,49.1,195212021200,200,7,***,32,*****
1265,60.514,22.263,49.1,195212021800,160,2,***,32,*****
1266,60.514,22.263,49.1,195212030000,140,2,***,34,*****
1267,60.514,22.263,49.1,195212030600,320,2,***,32,*****
1268,60.514,22.263,49.1,195212031200,360,11,***,28,*****
1269,60.514,22.263,49.1,195212040000,320,5,***,12,*****
1270,60.514,22.263,49.1,195212040600,320,2,***,16,*****
1271,60.514,22.263,49.1,195212041200,270,2,***,27,*****
1272,60.514,22.263,49.1,195212041800,***,0,***,14,*****
1273,60.514,22.263,49.1,195212050000,320,2,***,12,*****
1274,60.514,22.263,49.1,195212050600,320,5,***,7,*****
1275,60.514,22.263,49.1,195212051200,320,5,***,16,*****
1276,60.514,22.263,49.1,195212051800,250,2,***,0,*****
1277,60.514,22.263,49.1,195212060000,230,16,***,32,*****
1278,60.514,22.263,49.1,195212060600,270,14,***,34,*****
1279,60.514,22.263,49.1,195212061200,290,14,***,36,*****
1280,60.514,22.263,49.1,195212061800,020,7,***,27,*****
1281,60.514,22.263,49.1,195212070000,***,0,***,1,*****
1282,60.514,22.263,49.1,195212070600,***,0,***,3,*****
1283,60.514,22.263,49.1,195212071200,290,5,***,9,*****
1284,60.514,22.263,49.1,195212071800,200,7,***,32,*****
1285,60.514,22.263,49.1,195212080000,270,11,***,34,*****
1286,60.514,22.263,49.1,195212080600,230,7,***,32,*****
1287,60.514,22.263,49.1,195212081800,320,7,***,21,*****
1288,60.514,22.263,49.1,195212090000,340,7,***,12,*****
1289,60.514,22.263,49.1,195212090600,***,0,***,7,*****
1290,60.514,22.263,49.1,195212091200,***,0,***,9,*****
1291,60.514,22.263,49.1,195212091800,120,5,***,12,*****
1292,60.514,22.263,49.1,195212100000,140,9,***,18,*****
1293,60.514,22.263,49.1,195212100600,180,16,***,34,*****
1294,60.514,22.263,49.1,195212101200,250,11,***,37,*****
1295,60.514,22.263,49.1,195212101800,250,11,***,37,*****
1296,60.514,22.263,49.1,195212110000,230,9,***,39,*****
1297,60.514,22.263,49.1,195212110600,230,14,***,37,*****
1298,60.514,22.263,49.1,195212111200,230,11,***,37,*****
1299,60.514,22.263,49.1,195212111800,220,16,***,37,*****
1300,60.514,22.263,49.1,195212120000,200,14,***,37,*****
1301,60.514,22.263,49.1,195212120600,230,5,***,36,*****
1302,60.514,22.263,49.1,195212121200,180,2,***,34,*****
1303,60.514,22.263,49.1,195212121800,180,2,***,34,*****
1304,60.514,22.263,49.1,195212130000,160,5,***,36,*****
1305,60.514,22.263,49.1,195212130600,160,7,***,36,*****
1306,60.514,22.263,49.1,195212131200,120,9,***,34,*****
1307,60.514,22.263,49.1,195212131800,140,9,***,34,*****
1308,60.514,22.263,49.1,195212140000,140,14,***,34,*****
1309,60.514,22.263,49.1,195212140600,120,16,***,34,*****
1310,60.514,22.263,49.1,195212141200,110,14,***,34,*****
1311,60.514,22.263,49.1,195212141800,140,14,***,34,*****
1312,60.514,22.263,49.1,195212150000,160,14,***,36,*****
1313,60.514,22.263,49.1,195212150600,200,9,***,32,*****
1314,60.514,22.263,49.1,195212151200,210,9,***,30,*****
1315,60.514,22.263,49.1,195212151800,250,2,***,27,*****
1316,60.514,22.263,49.1,195212160000,140,2,***,19,*****
1317,60.514,22.263,49.1,195212160600,360,5,***,25,*****
1318,60.514,22.263,49.1,195212161200,320,11,***,27,*****
1319,60.514,22.263,49.1,195212161800,250,7,***,28,*****
1320,60.514,22.263,49.1,195212170000,240,7,***,30,*****
1321,60.514,22.263,49.1,195212170600,***,0,***,23,*****
1322,60.514,22.263,49.1,195212171200,230,2,***,34,*****
1323,60.514,22.263,49.1,195212171800,140,5,***,32,*****
1324,60.514,22.263,49.1,195212180000,120,14,***,30,*****
1325,60.514,22.263,49.1,195212180600,060,9,***,28,*****
1326,60.514,22.263,49.1,195212181200,360,9,***,21,*****
1327,60.514,22.263,49.1,195212181800,360,9,***,18,*****
1328,60.514,22.263,49.1,195212190000,020,7,***,18,*****
1329,60.514,22.263,49.1,195212190600,040,2,***,18,*****
1330,60.514,22.263,49.1,195212191200,100,5,***,18,*****
1331,60.514,22.263,49.1,195212191800,040,2,***,21,*****
1332,60.514,22.263,49.1,195212200000,060,2,***,25,*****
1333,60.514,22.263,49.1,195212200600,090,2,***,19,*****
1334,60.514,22.263,49.1,195212201200,040,7,***,25,*****
1335,60.514,22.263,49.1,195212201800,020,11,***,25,*****
1336,60.514,22.263,49.1,195212210600,360,2,***,23,*****
1337,60.514,22.263,49.1,195212211200,140,2,***,25,*****
1338,60.514,22.263,49.1,195212211800,020,2,***,27,*****
1339,60.514,22.263,49.1,195212220000,360,5,***,27,*****
1340,60.514,22.263,49.1,195212220600,020,5,***,27,*****
1341,60.514,22.263,49.1,195212221200,040,2,***,28,*****
1342,60.514,22.263,49.1,195212221800,090,5,***,32,*****
1343,60.514,22.263,49.1,195212230000,130,7,***,32,*****
1344,60.514,22.263,49.1,195212230600,120,7,***,34,*****
1345,60.514,22.263,49.1,195212231200,140,7,***,34,*****
1346,60.514,22.263,49.1,195212231800,110,7,***,34,*****
1347,60.514,22.263,49.1,195212240000,110,5,***,32,*****
1348,60.514,22.263,49.1,195212240600,120,2,***,32,*****
1349,60.514,22.263,49.1,195212241200,220,2,***,34,*****
1350,60.514,22.263,49.1,195212241800,200,5,***,32,*****
1351,60.514,22.263,49.1,195212250000,160,9,***,34,*****
1352,60.514,22.263,49.1,195212251200,160,14,***,32,*****
1353,60.514,22.263,49.1,195212251800,230,7,***,34,*****
1354,60.514,22.263,49.1,195212260000,230,2,***,36,*****
1355,60.514,22.263,49.1,195212260600,200,2,***,36,*****
1356,60.514,22.263,49.1,195212261200,180,2,***,36,*****
1357,60.514,22.263,49.1,195212261800,180,2,***,36,*****
1358,60.514,22.263,49.1,195212270000,200,2,***,36,*****
1359,60.514,22.263,49.1,195212270600,***,0,***,34,*****
1360,60.514,22.263,49.1,195212271200,160,2,***,34,*****
1361,60.514,22.263,49.1,195212271800,180,2,***,36,*****
1362,60.514,22.263,49.1,195212280000,160,2,***,34,*****
1363,60.514,22.263,49.1,195212280600,160,7,***,32,*****
1364,60.514,22.263,49.1,195212281200,090,7,***,32,*****
1365,60.514,22.263,49.1,195212281800,110,11,***,32,*****
1366,60.514,22.263,49.1,195212290600,120,11,***,28,*****
1367,60.514,22.263,49.1,195212291200,090,11,***,27,*****
1368,60.514,22.263,49.1,195212291800,130,14,***,27,*****
1369,60.514,22.263,49.1,195212300000,090,16,***,27,*****
1370,60.514,22.263,49.1,195212300600,090,11,***,25,*****
1371,60.514,22.263,49.1,195212301200,090,7,***,25,*****
1372,60.514,22.263,49.1,195212301800,090,9,***,25,*****
1373,60.514,22.263,49.1,195212310000,090,11,***,27,*****
1374,60.514,22.263,49.1,195212310600,090,7,***,28,*****
1375,60.514,22.263,49.1,195212311200,090,9,***,28,*****
