,Lat,Lon,Ele,YR--MODAHRMN,DIR,SPD,GUS,TEMP,ALT
0,60.717,28.733,13.0,197101011200,290,5,***,14,*****
1,60.717,28.733,13.0,197101011500,320,5,***,14,*****
2,60.717,28.733,13.0,197101011800,320,7,***,14,*****
3,60.717,28.733,13.0,197101012100,320,7,***,12,*****
4,60.717,28.733,13.0,197101020000,320,9,***,****,*****
5,60.717,28.733,13.0,197101020300,360,9,***,10,*****
6,60.717,28.733,13.0,197101020600,320,7,***,5,*****
7,60.717,28.733,13.0,197101020900,320,5,***,7,*****
8,60.717,28.733,13.0,197101021200,340,5,***,5,*****
9,60.717,28.733,13.0,197101021500,320,2,***,0,*****
10,60.717,28.733,13.0,197101021800,***,0,***,-8,*****
11,60.717,28.733,13.0,197101022100,160,2,***,-11,*****
12,60.717,28.733,13.0,197101030000,160,2,***,-8,*****
13,60.717,28.733,13.0,197101030300,320,2,***,0,*****
14,60.717,28.733,13.0,197101030600,160,5,***,5,*****
15,60.717,28.733,13.0,197101030900,180,22,***,16,*****
16,60.717,28.733,13.0,197101031200,160,5,***,5,*****
17,60.717,28.733,13.0,197101031500,200,26,***,19,*****
18,60.717,28.733,13.0,197101031800,200,22,***,25,*****
19,60.717,28.733,13.0,197101032100,230,24,***,18,*****
20,60.717,28.733,13.0,197101040000,230,22,***,28,*****
21,60.717,28.733,13.0,197101040300,250,16,***,30,*****
22,60.717,28.733,13.0,197101040600,250,9,***,30,*****
23,60.717,28.733,13.0,197101040900,230,9,***,28,*****
24,60.717,28.733,13.0,197101041200,250,9,***,28,*****
25,60.717,28.733,13.0,197101041500,270,5,***,27,*****
26,60.717,28.733,13.0,197101042100,340,5,***,19,*****
27,60.717,28.733,13.0,197101050000,360,5,***,14,*****
28,60.717,28.733,13.0,197101050300,020,5,***,14,*****
29,60.717,28.733,13.0,197101050600,360,5,***,12,*****
30,60.717,28.733,13.0,197101050900,340,5,***,10,*****
31,60.717,28.733,13.0,197101051200,160,5,***,5,*****
32,60.717,28.733,13.0,197101051500,***,0,***,1,*****
33,60.717,28.733,13.0,197101051800,***,0,***,-4,*****
34,60.717,28.733,13.0,197101052100,***,0,***,-4,*****
35,60.717,28.733,13.0,197101060000,***,0,***,-8,*****
36,60.717,28.733,13.0,197101060300,***,0,***,-11,*****
37,60.717,28.733,13.0,197101060600,320,2,***,-17,*****
38,60.717,28.733,13.0,197101060900,***,0,***,-17,*****
39,60.717,28.733,13.0,197101061200,***,0,***,-9,*****
40,60.717,28.733,13.0,197101061500,200,2,***,-4,*****
41,60.717,28.733,13.0,197101061800,230,5,***,0,*****
42,60.717,28.733,13.0,197101062100,180,2,***,1,*****
43,60.717,28.733,13.0,197101070000,270,5,***,10,*****
44,60.717,28.733,13.0,197101070300,250,9,***,12,*****
45,60.717,28.733,13.0,197101070600,230,11,***,12,*****
46,60.717,28.733,13.0,197101070900,270,16,***,27,*****
47,60.717,28.733,13.0,197101071200,230,7,***,28,*****
48,60.717,28.733,13.0,197101071500,230,19,***,30,*****
49,60.717,28.733,13.0,197101071800,200,22,***,25,*****
50,60.717,28.733,13.0,197101072100,200,29,***,25,*****
51,60.717,28.733,13.0,197101080000,230,33,***,25,*****
52,60.717,28.733,13.0,197101080300,230,33,***,28,*****
53,60.717,28.733,13.0,197101080600,230,31,***,30,*****
54,60.717,28.733,13.0,197101080900,230,26,***,32,*****
55,60.717,28.733,13.0,197101081200,230,26,***,34,*****
56,60.717,28.733,13.0,197101081500,230,18,***,36,*****
57,60.717,28.733,13.0,197101081800,230,16,***,36,*****
58,60.717,28.733,13.0,197101082100,250,14,***,36,*****
59,60.717,28.733,13.0,197101090000,250,9,***,36,*****
60,60.717,28.733,13.0,197101090300,250,14,***,36,*****
61,60.717,28.733,13.0,197101090600,250,14,***,36,*****
62,60.717,28.733,13.0,197101090900,250,9,***,34,*****
63,60.717,28.733,13.0,197101091200,200,7,***,34,*****
64,60.717,28.733,13.0,197101091500,230,9,***,32,*****
65,60.717,28.733,13.0,197101091800,230,11,***,32,*****
66,60.717,28.733,13.0,197101092100,230,14,***,34,*****
67,60.717,28.733,13.0,197101100000,230,22,***,34,*****
68,60.717,28.733,13.0,197101100300,230,19,***,34,*****
69,60.717,28.733,13.0,197101100600,230,22,***,36,*****
70,60.717,28.733,13.0,197101100900,230,22,***,37,*****
71,60.717,28.733,13.0,197101101200,230,26,***,39,*****
72,60.717,28.733,13.0,197101101500,230,24,***,37,*****
73,60.717,28.733,13.0,197101101800,230,18,***,37,*****
74,60.717,28.733,13.0,197101102100,250,14,***,39,*****
75,60.717,28.733,13.0,197101110000,250,14,***,37,*****
76,60.717,28.733,13.0,197101110300,230,11,***,36,*****
77,60.717,28.733,13.0,197101110600,270,11,***,37,*****
78,60.717,28.733,13.0,197101110900,270,14,***,39,*****
79,60.717,28.733,13.0,197101111200,250,5,***,43,*****
80,60.717,28.733,13.0,197101111500,250,5,***,36,*****
81,60.717,28.733,13.0,197101111800,320,5,***,39,*****
82,60.717,28.733,13.0,197101112100,340,5,***,36,*****
83,60.717,28.733,13.0,197101120000,230,5,***,34,*****
84,60.717,28.733,13.0,197101120300,320,2,***,32,*****
85,60.717,28.733,13.0,197101120600,340,7,***,34,*****
86,60.717,28.733,13.0,197101120900,320,7,***,36,*****
87,60.717,28.733,13.0,197101121200,320,5,***,34,*****
88,60.717,28.733,13.0,197101121500,360,5,***,32,*****
89,60.717,28.733,13.0,197101121800,360,5,***,28,*****
90,60.717,28.733,13.0,197101122100,360,5,***,25,*****
91,60.717,28.733,13.0,197101130000,360,5,***,21,*****
92,60.717,28.733,13.0,197101130300,020,7,***,19,*****
93,60.717,28.733,13.0,197101130600,020,7,***,18,*****
94,60.717,28.733,13.0,197101130900,050,5,***,18,*****
95,60.717,28.733,13.0,197101131200,070,2,***,19,*****
96,60.717,28.733,13.0,197101131500,160,5,***,18,*****
97,60.717,28.733,13.0,197101131800,180,7,***,16,*****
98,60.717,28.733,13.0,197101132100,180,7,***,18,*****
99,60.717,28.733,13.0,197101140000,230,11,***,23,*****
100,60.717,28.733,13.0,197101140300,230,16,***,28,*****
101,60.717,28.733,13.0,197101140600,270,11,***,28,*****
102,60.717,28.733,13.0,197101140900,250,7,***,28,*****
103,60.717,28.733,13.0,197101141200,250,7,***,32,*****
104,60.717,28.733,13.0,197101141500,250,9,***,32,*****
105,60.717,28.733,13.0,197101141800,270,9,***,32,*****
106,60.717,28.733,13.0,197101142100,270,9,***,32,*****
107,60.717,28.733,13.0,197101150000,290,9,***,32,*****
108,60.717,28.733,13.0,197101150300,290,9,***,32,*****
109,60.717,28.733,13.0,197101150600,290,7,***,30,*****
110,60.717,28.733,13.0,197101150900,290,9,***,30,*****
111,60.717,28.733,13.0,197101151200,270,5,***,30,*****
112,60.717,28.733,13.0,197101151500,270,5,***,30,*****
113,60.717,28.733,13.0,197101151800,200,5,***,28,*****
114,60.717,28.733,13.0,197101152100,180,5,***,28,*****
115,60.717,28.733,13.0,197101160000,160,7,***,28,*****
116,60.717,28.733,13.0,197101160300,180,11,***,30,*****
117,60.717,28.733,13.0,197101160600,230,9,***,30,*****
118,60.717,28.733,13.0,197101160900,250,7,***,28,*****
119,60.717,28.733,13.0,197101161500,230,9,***,28,*****
120,60.717,28.733,13.0,197101161800,230,11,***,28,*****
121,60.717,28.733,13.0,197101162100,270,9,***,32,*****
122,60.717,28.733,13.0,197101170000,250,14,***,30,*****
123,60.717,28.733,13.0,197101170300,290,11,***,28,*****
124,60.717,28.733,13.0,197101170600,320,11,***,25,*****
125,60.717,28.733,13.0,197101170900,320,7,***,25,*****
126,60.717,28.733,13.0,197101171200,340,5,***,25,*****
127,60.717,28.733,13.0,197101171500,290,2,***,25,*****
128,60.717,28.733,13.0,197101171800,270,9,***,23,*****
129,60.717,28.733,13.0,197101172100,***,0,***,19,*****
130,60.717,28.733,13.0,197101180000,180,9,***,25,*****
131,60.717,28.733,13.0,197101180300,230,22,***,30,*****
132,60.717,28.733,13.0,197101180600,230,22,***,32,*****
133,60.717,28.733,13.0,197101180900,230,18,***,32,*****
134,60.717,28.733,13.0,197101181500,230,18,***,34,*****
135,60.717,28.733,13.0,197101190000,230,19,***,36,*****
136,60.717,28.733,13.0,197101190300,230,22,***,34,*****
137,60.717,28.733,13.0,197101190600,230,24,***,34,*****
138,60.717,28.733,13.0,197101190900,230,24,***,34,*****
139,60.717,28.733,13.0,197101191200,230,19,***,34,*****
140,60.717,28.733,13.0,197101191500,230,22,***,34,*****
141,60.717,28.733,13.0,197101191800,230,18,***,34,*****
142,60.717,28.733,13.0,197101192100,200,19,***,34,*****
143,60.717,28.733,13.0,197101200000,200,26,***,32,*****
144,60.717,28.733,13.0,197101200300,180,18,***,30,*****
145,60.717,28.733,13.0,197101200600,180,18,***,30,*****
146,60.717,28.733,13.0,197101200900,180,19,***,32,*****
147,60.717,28.733,13.0,197101201200,180,16,***,32,*****
148,60.717,28.733,13.0,197101201500,180,16,***,32,*****
149,60.717,28.733,13.0,197101201800,180,16,***,32,*****
150,60.717,28.733,13.0,197101202100,180,14,***,32,*****
151,60.717,28.733,13.0,197101210000,180,9,***,32,*****
152,60.717,28.733,13.0,197101210300,180,11,***,34,*****
153,60.717,28.733,13.0,197101210600,200,14,***,34,*****
154,60.717,28.733,13.0,197101210900,280,14,***,34,*****
155,60.717,28.733,13.0,197101211200,180,11,***,34,*****
156,60.717,28.733,13.0,197101211500,180,9,***,34,*****
157,60.717,28.733,13.0,197101211800,180,9,***,34,*****
158,60.717,28.733,13.0,197101212100,180,7,***,32,*****
159,60.717,28.733,13.0,197101220000,***,0,***,32,*****
160,60.717,28.733,13.0,197101220300,110,2,***,34,*****
161,60.717,28.733,13.0,197101220600,090,2,***,32,*****
162,60.717,28.733,13.0,197101220900,090,2,***,34,*****
163,60.717,28.733,13.0,197101221200,050,5,***,32,*****
164,60.717,28.733,13.0,197101221500,050,5,***,32,*****
165,60.717,28.733,13.0,197101221800,140,5,***,32,*****
166,60.717,28.733,13.0,197101222100,090,11,***,32,*****
167,60.717,28.733,13.0,197101230000,110,7,***,32,*****
168,60.717,28.733,13.0,197101230300,110,9,***,34,*****
169,60.717,28.733,13.0,197101230600,110,11,***,34,*****
170,60.717,28.733,13.0,197101230900,110,9,***,34,*****
171,60.717,28.733,13.0,197101231200,160,14,***,34,*****
172,60.717,28.733,13.0,197101231500,160,14,***,34,*****
173,60.717,28.733,13.0,197101231800,160,14,***,34,*****
174,60.717,28.733,13.0,197101232100,180,14,***,34,*****
175,60.717,28.733,13.0,197101240000,180,9,***,34,*****
176,60.717,28.733,13.0,197101240300,200,9,***,34,*****
177,60.717,28.733,13.0,197101240600,200,14,***,34,*****
178,60.717,28.733,13.0,197101240900,180,16,***,32,*****
179,60.717,28.733,13.0,197101241200,180,11,***,32,*****
180,60.717,28.733,13.0,197101241500,140,9,***,34,*****
181,60.717,28.733,13.0,197101241800,140,11,***,34,*****
182,60.717,28.733,13.0,197101242100,180,16,***,36,*****
183,60.717,28.733,13.0,197101250000,180,18,***,34,*****
184,60.717,28.733,13.0,197101250300,200,19,***,36,*****
185,60.717,28.733,13.0,197101250600,200,24,***,36,*****
186,60.717,28.733,13.0,197101250900,200,26,***,36,*****
187,60.717,28.733,13.0,197101251200,180,29,***,36,*****
188,60.717,28.733,13.0,197101251500,200,26,***,36,*****
189,60.717,28.733,13.0,197101251800,180,29,***,37,*****
190,60.717,28.733,13.0,197101252100,230,33,***,36,*****
191,60.717,28.733,13.0,197101260000,230,26,***,36,*****
192,60.717,28.733,13.0,197101260300,230,24,***,36,*****
193,60.717,28.733,13.0,197101260600,230,24,***,36,*****
194,60.717,28.733,13.0,197101260900,200,24,***,36,*****
195,60.717,28.733,13.0,197101261200,180,14,***,34,*****
196,60.717,28.733,13.0,197101261500,160,11,***,34,*****
197,60.717,28.733,13.0,197101261800,160,16,***,36,*****
198,60.717,28.733,13.0,197101262100,180,16,***,36,*****
199,60.717,28.733,13.0,197101270000,200,19,***,36,*****
200,60.717,28.733,13.0,197101270300,180,9,***,36,*****
201,60.717,28.733,13.0,197101270600,180,16,***,36,*****
202,60.717,28.733,13.0,197101270900,200,22,***,36,*****
203,60.717,28.733,13.0,197101271200,180,18,***,34,*****
204,60.717,28.733,13.0,197101271500,200,18,***,34,*****
205,60.717,28.733,13.0,197101271800,200,16,***,36,*****
206,60.717,28.733,13.0,197101272100,200,16,***,34,*****
207,60.717,28.733,13.0,197101280000,200,14,***,34,*****
208,60.717,28.733,13.0,197101280300,200,9,***,34,*****
209,60.717,28.733,13.0,197101280600,180,5,***,34,*****
210,60.717,28.733,13.0,197101280900,***,0,***,34,*****
211,60.717,28.733,13.0,197101281200,050,2,***,34,*****
212,60.717,28.733,13.0,197101281500,050,2,***,34,*****
213,60.717,28.733,13.0,197101281800,050,2,***,34,*****
214,60.717,28.733,13.0,197101282100,020,5,***,34,*****
215,60.717,28.733,13.0,197101290000,340,5,***,34,*****
216,60.717,28.733,13.0,197101290300,360,5,***,32,*****
217,60.717,28.733,13.0,197101290600,340,5,***,30,*****
218,60.717,28.733,13.0,197101290900,340,2,***,30,*****
219,60.717,28.733,13.0,197101291200,340,5,***,30,*****
220,60.717,28.733,13.0,197101291500,340,5,***,30,*****
221,60.717,28.733,13.0,197101291800,340,5,***,28,*****
222,60.717,28.733,13.0,197101292100,340,5,***,27,*****
223,60.717,28.733,13.0,197101300000,360,7,***,25,*****
224,60.717,28.733,13.0,197101300300,340,7,***,25,*****
225,60.717,28.733,13.0,197101300600,360,9,***,21,*****
226,60.717,28.733,13.0,197101300900,340,5,***,16,*****
227,60.717,28.733,13.0,197101301200,020,5,***,19,*****
228,60.717,28.733,13.0,197101301500,360,5,***,18,*****
229,60.717,28.733,13.0,197101301800,050,5,***,18,*****
230,60.717,28.733,13.0,197101302100,090,9,***,16,*****
231,60.717,28.733,13.0,197101310000,050,5,***,16,*****
232,60.717,28.733,13.0,197101310300,090,2,***,18,*****
233,60.717,28.733,13.0,197101310600,180,9,***,21,*****
234,60.717,28.733,13.0,197101310900,180,11,***,21,*****
235,60.717,28.733,13.0,197101311200,140,9,***,21,*****
236,60.717,28.733,13.0,197101311500,140,9,***,25,*****
237,60.717,28.733,13.0,197101311800,140,11,***,27,*****
238,60.717,28.733,13.0,197101312100,160,16,***,30,*****
239,60.717,28.733,13.0,197102010000,140,16,***,32,*****
240,60.717,28.733,13.0,197102010300,160,14,***,32,*****
241,60.717,28.733,13.0,197102010600,160,24,***,34,*****
242,60.717,28.733,13.0,197102010900,180,26,***,34,*****
243,60.717,28.733,13.0,197102011200,180,19,***,34,*****
244,60.717,28.733,13.0,197102011500,160,18,***,32,*****
245,60.717,28.733,13.0,197102011800,180,19,***,34,*****
246,60.717,28.733,13.0,197102012100,180,16,***,32,*****
247,60.717,28.733,13.0,197102020000,180,11,***,32,*****
248,60.717,28.733,13.0,197102020300,270,7,***,32,*****
249,60.717,28.733,13.0,197102020600,360,11,***,23,*****
250,60.717,28.733,13.0,197102020900,360,9,***,21,*****
251,60.717,28.733,13.0,197102021200,360,9,***,19,*****
252,60.717,28.733,13.0,197102021500,360,7,***,18,*****
253,60.717,28.733,13.0,197102021800,320,7,***,16,*****
254,60.717,28.733,13.0,197102022100,270,5,***,14,*****
255,60.717,28.733,13.0,197102030000,200,2,***,16,*****
256,60.717,28.733,13.0,197102030300,070,2,***,16,*****
257,60.717,28.733,13.0,197102030600,160,9,***,16,*****
258,60.717,28.733,13.0,197102030900,160,14,***,21,*****
259,60.717,28.733,13.0,197102031200,160,14,***,23,*****
260,60.717,28.733,13.0,197102031500,160,14,***,25,*****
261,60.717,28.733,13.0,197102031800,160,9,***,25,*****
262,60.717,28.733,13.0,197102032100,180,11,***,25,*****
263,60.717,28.733,13.0,197102040000,180,11,***,23,*****
264,60.717,28.733,13.0,197102040300,180,11,***,25,*****
265,60.717,28.733,13.0,197102040600,180,18,***,27,*****
266,60.717,28.733,13.0,197102040900,200,24,***,28,*****
267,60.717,28.733,13.0,197102041200,200,33,***,28,*****
268,60.717,28.733,13.0,197102041500,230,33,***,30,*****
269,60.717,28.733,13.0,197102041800,270,19,***,34,*****
270,60.717,28.733,13.0,197102042100,270,16,***,34,*****
271,60.717,28.733,13.0,197102050000,270,16,***,32,*****
272,60.717,28.733,13.0,197102050300,270,19,***,30,*****
273,60.717,28.733,13.0,197102050600,320,16,***,28,*****
274,60.717,28.733,13.0,197102050900,290,16,***,28,*****
275,60.717,28.733,13.0,197102051200,290,16,***,30,*****
276,60.717,28.733,13.0,197102051500,290,16,***,28,*****
277,60.717,28.733,13.0,197102051800,290,19,***,27,*****
278,60.717,28.733,13.0,197102052100,250,2,***,27,*****
279,60.717,28.733,13.0,197102060000,270,2,***,27,*****
280,60.717,28.733,13.0,197102060300,340,2,***,27,*****
281,60.717,28.733,13.0,197102060600,340,5,***,****,*****
282,60.717,28.733,13.0,197102060900,340,14,***,23,*****
283,60.717,28.733,13.0,197102061200,320,16,***,21,*****
284,60.717,28.733,13.0,197102061500,320,9,***,19,*****
285,60.717,28.733,13.0,197102061800,320,7,***,18,*****
286,60.717,28.733,13.0,197102062100,340,5,***,16,*****
287,60.717,28.733,13.0,197102070000,320,7,***,18,*****
288,60.717,28.733,13.0,197102070300,340,7,***,16,*****
289,60.717,28.733,13.0,197102070600,340,7,***,14,*****
290,60.717,28.733,13.0,197102070900,320,7,***,16,*****
291,60.717,28.733,13.0,197102071200,320,11,***,21,*****
292,60.717,28.733,13.0,197102071500,320,7,***,16,*****
293,60.717,28.733,13.0,197102071800,320,5,***,12,*****
294,60.717,28.733,13.0,197102072100,320,7,***,9,*****
295,60.717,28.733,13.0,197102080000,320,5,***,3,*****
296,60.717,28.733,13.0,197102080300,320,2,***,-2,*****
297,60.717,28.733,13.0,197102080600,320,7,***,5,*****
298,60.717,28.733,13.0,197102080900,320,9,***,9,*****
299,60.717,28.733,13.0,197102081200,320,11,***,14,*****
300,60.717,28.733,13.0,197102081500,320,9,***,12,*****
301,60.717,28.733,13.0,197102081800,360,11,***,12,*****
302,60.717,28.733,13.0,197102082100,340,9,***,7,*****
303,60.717,28.733,13.0,197102090000,320,7,***,5,*****
304,60.717,28.733,13.0,197102090300,340,5,***,3,*****
305,60.717,28.733,13.0,197102090600,340,7,***,3,*****
306,60.717,28.733,13.0,197102090900,360,9,***,7,*****
307,60.717,28.733,13.0,197102091200,340,5,***,9,*****
308,60.717,28.733,13.0,197102091500,360,5,***,7,*****
309,60.717,28.733,13.0,197102091800,320,2,***,-2,*****
310,60.717,28.733,13.0,197102092100,***,0,***,-6,*****
311,60.717,28.733,13.0,197102100000,320,2,***,-11,*****
312,60.717,28.733,13.0,197102100300,090,2,***,-11,*****
313,60.717,28.733,13.0,197102100600,050,2,***,-11,*****
314,60.717,28.733,13.0,197102100900,340,2,***,-6,*****
315,60.717,28.733,13.0,197102101200,180,2,***,12,*****
316,60.717,28.733,13.0,197102101500,180,9,***,16,*****
317,60.717,28.733,13.0,197102101800,180,11,***,14,*****
318,60.717,28.733,13.0,197102102100,180,11,***,18,*****
319,60.717,28.733,13.0,197102110000,180,11,***,18,*****
320,60.717,28.733,13.0,197102110300,180,11,***,19,*****
321,60.717,28.733,13.0,197102110600,110,2,***,19,*****
322,60.717,28.733,13.0,197102110900,140,2,***,21,*****
323,60.717,28.733,13.0,197102111200,140,5,***,23,*****
324,60.717,28.733,13.0,197102111500,140,7,***,25,*****
325,60.717,28.733,13.0,197102111800,160,7,***,23,*****
326,60.717,28.733,13.0,197102112100,140,11,***,23,*****
327,60.717,28.733,13.0,197102120000,140,11,***,23,*****
328,60.717,28.733,13.0,197102120300,140,9,***,23,*****
329,60.717,28.733,13.0,197102120600,160,9,***,21,*****
330,60.717,28.733,13.0,197102120900,160,11,***,23,*****
331,60.717,28.733,13.0,197102121200,160,14,***,16,*****
332,60.717,28.733,13.0,197102121500,160,11,***,27,*****
333,60.717,28.733,13.0,197102121800,160,11,***,27,*****
334,60.717,28.733,13.0,197102122100,140,7,***,25,*****
335,60.717,28.733,13.0,197102130000,140,14,***,25,*****
336,60.717,28.733,13.0,197102130300,140,7,***,25,*****
337,60.717,28.733,13.0,197102130600,140,14,***,25,*****
338,60.717,28.733,13.0,197102130900,160,11,***,27,*****
339,60.717,28.733,13.0,197102131200,140,14,***,27,*****
340,60.717,28.733,13.0,197102131500,140,11,***,27,*****
341,60.717,28.733,13.0,197102131800,140,14,***,25,*****
342,60.717,28.733,13.0,197102132100,140,11,***,25,*****
343,60.717,28.733,13.0,197102140000,140,14,***,25,*****
344,60.717,28.733,13.0,197102140300,140,19,***,23,*****
345,60.717,28.733,13.0,197102140600,140,16,***,23,*****
346,60.717,28.733,13.0,197102140900,160,18,***,23,*****
347,60.717,28.733,13.0,197102141200,140,16,***,25,*****
348,60.717,28.733,13.0,197102141500,140,16,***,25,*****
349,60.717,28.733,13.0,197102141800,140,16,***,25,*****
350,60.717,28.733,13.0,197102142100,140,16,***,23,*****
351,60.717,28.733,13.0,197102150000,140,16,***,18,*****
352,60.717,28.733,13.0,197102150300,140,14,***,16,*****
353,60.717,28.733,13.0,197102150600,110,11,***,14,*****
354,60.717,28.733,13.0,197102150900,110,7,***,16,*****
355,60.717,28.733,13.0,197102151200,110,9,***,18,*****
356,60.717,28.733,13.0,197102151500,090,9,***,18,*****
357,60.717,28.733,13.0,197102151800,090,9,***,18,*****
358,60.717,28.733,13.0,197102152100,090,9,***,14,*****
359,60.717,28.733,13.0,197102160000,090,9,***,12,*****
360,60.717,28.733,13.0,197102160300,090,9,***,10,*****
361,60.717,28.733,13.0,197102160600,090,5,***,10,*****
362,60.717,28.733,13.0,197102160900,090,9,***,14,*****
363,60.717,28.733,13.0,197102161200,090,9,***,18,*****
364,60.717,28.733,13.0,197102161500,090,7,***,19,*****
365,60.717,28.733,13.0,197102161800,090,7,***,19,*****
366,60.717,28.733,13.0,197102162100,090,7,***,18,*****
367,60.717,28.733,13.0,197102170000,090,5,***,12,*****
368,60.717,28.733,13.0,197102170300,050,2,***,12,*****
369,60.717,28.733,13.0,197102170600,090,5,***,12,*****
370,60.717,28.733,13.0,197102170900,090,5,***,16,*****
371,60.717,28.733,13.0,197102171200,090,9,***,18,*****
372,60.717,28.733,13.0,197102171500,070,5,***,19,*****
373,60.717,28.733,13.0,197102172100,070,5,***,19,*****
374,60.717,28.733,13.0,197102180000,090,5,***,19,*****
375,60.717,28.733,13.0,197102180300,090,5,***,19,*****
376,60.717,28.733,13.0,197102180600,090,7,***,18,*****
377,60.717,28.733,13.0,197102180900,070,5,***,18,*****
378,60.717,28.733,13.0,197102181200,090,5,***,25,*****
379,60.717,28.733,13.0,197102181500,070,5,***,23,*****
380,60.717,28.733,13.0,197102181800,090,9,***,19,*****
381,60.717,28.733,13.0,197102182100,070,7,***,18,*****
382,60.717,28.733,13.0,197102190000,090,7,***,12,*****
383,60.717,28.733,13.0,197102190300,070,7,***,7,*****
384,60.717,28.733,13.0,197102190600,050,2,***,3,*****
385,60.717,28.733,13.0,197102190900,070,2,***,7,*****
386,60.717,28.733,13.0,197102191200,020,5,***,16,*****
387,60.717,28.733,13.0,197102191500,090,2,***,14,*****
388,60.717,28.733,13.0,197102191800,050,2,***,10,*****
389,60.717,28.733,13.0,197102192100,050,5,***,14,*****
390,60.717,28.733,13.0,197102200000,***,0,***,1,*****
391,60.717,28.733,13.0,197102200300,***,0,***,14,*****
392,60.717,28.733,13.0,197102200600,***,0,***,-2,*****
393,60.717,28.733,13.0,197102200900,090,2,***,7,*****
394,60.717,28.733,13.0,197102201200,200,2,***,16,*****
395,60.717,28.733,13.0,197102201500,160,2,***,14,*****
396,60.717,28.733,13.0,197102201800,160,2,***,10,*****
397,60.717,28.733,13.0,197102202100,090,2,***,12,*****
398,60.717,28.733,13.0,197102210000,140,2,***,14,*****
399,60.717,28.733,13.0,197102210300,070,2,***,12,*****
400,60.717,28.733,13.0,197102210600,070,5,***,10,*****
401,60.717,28.733,13.0,197102210900,050,2,***,18,*****
402,60.717,28.733,13.0,197102211200,360,2,***,18,*****
403,60.717,28.733,13.0,197102211500,340,5,***,16,*****
404,60.717,28.733,13.0,197102211800,340,5,***,10,*****
405,60.717,28.733,13.0,197102212100,340,5,***,5,*****
406,60.717,28.733,13.0,197102220000,340,2,***,0,*****
407,60.717,28.733,13.0,197102220300,360,2,***,-6,*****
408,60.717,28.733,13.0,197102220600,320,2,***,-9,*****
409,60.717,28.733,13.0,197102220900,050,2,***,3,*****
410,60.717,28.733,13.0,197102221200,050,2,***,10,*****
411,60.717,28.733,13.0,197102221500,050,2,***,10,*****
412,60.717,28.733,13.0,197102221800,070,2,***,9,*****
413,60.717,28.733,13.0,197102222100,070,2,***,5,*****
414,60.717,28.733,13.0,197102230000,020,2,***,1,*****
415,60.717,28.733,13.0,197102230300,050,5,***,1,*****
416,60.717,28.733,13.0,197102230600,050,7,***,0,*****
417,60.717,28.733,13.0,197102230900,050,2,***,3,*****
418,60.717,28.733,13.0,197102231200,050,2,***,12,*****
419,60.717,28.733,13.0,197102231500,050,2,***,10,*****
420,60.717,28.733,13.0,197102232100,090,7,***,7,*****
421,60.717,28.733,13.0,197102240000,070,5,***,9,*****
422,60.717,28.733,13.0,197102240300,360,2,***,10,*****
423,60.717,28.733,13.0,197102240600,050,2,***,9,*****
424,60.717,28.733,13.0,197102240900,160,5,***,12,*****
425,60.717,28.733,13.0,197102241200,180,7,***,18,*****
426,60.717,28.733,13.0,197102241500,140,11,***,21,*****
427,60.717,28.733,13.0,197102241800,160,18,***,23,*****
428,60.717,28.733,13.0,197102242100,160,18,***,25,*****
429,60.717,28.733,13.0,197102250000,180,18,***,28,*****
430,60.717,28.733,13.0,197102250300,180,18,***,30,*****
431,60.717,28.733,13.0,197102250600,200,16,***,30,*****
432,60.717,28.733,13.0,197102250900,320,7,***,25,*****
433,60.717,28.733,13.0,197102251200,290,5,***,23,*****
434,60.717,28.733,13.0,197102251500,270,2,***,21,*****
435,60.717,28.733,13.0,197102251800,200,5,***,18,*****
436,60.717,28.733,13.0,197102252100,200,7,***,14,*****
437,60.717,28.733,13.0,197102260000,290,2,***,14,*****
438,60.717,28.733,13.0,197102260300,050,11,***,21,*****
439,60.717,28.733,13.0,197102260600,070,16,***,18,*****
440,60.717,28.733,13.0,197102260900,050,16,***,14,*****
441,60.717,28.733,13.0,197102261200,050,16,***,14,*****
442,60.717,28.733,13.0,197102261500,050,18,***,10,*****
443,60.717,28.733,13.0,197102261800,050,16,***,9,*****
444,60.717,28.733,13.0,197102262100,020,16,***,9,*****
445,60.717,28.733,13.0,197102270000,050,16,***,7,*****
446,60.717,28.733,13.0,197102270300,050,16,***,7,*****
447,60.717,28.733,13.0,197102270600,050,16,***,3,*****
448,60.717,28.733,13.0,197102270900,050,14,***,7,*****
449,60.717,28.733,13.0,197102271200,050,11,***,7,*****
450,60.717,28.733,13.0,197102271500,050,9,***,5,*****
451,60.717,28.733,13.0,197102271800,050,11,***,3,*****
452,60.717,28.733,13.0,197102272100,050,9,***,1,*****
453,60.717,28.733,13.0,197102280000,050,11,***,0,*****
454,60.717,28.733,13.0,197102280300,050,11,***,21,*****
455,60.717,28.733,13.0,197102280600,050,14,***,3,*****
456,60.717,28.733,13.0,197102280900,070,14,***,7,*****
457,60.717,28.733,13.0,197102281200,050,16,***,7,*****
458,60.717,28.733,13.0,197102281500,070,16,***,7,*****
459,60.717,28.733,13.0,197102281800,050,16,***,7,*****
460,60.717,28.733,13.0,197102282100,090,16,***,7,*****
461,60.717,28.733,13.0,197103010000,090,14,***,3,*****
462,60.717,28.733,13.0,197103010300,070,11,***,3,*****
463,60.717,28.733,13.0,197103010600,090,16,***,3,*****
464,60.717,28.733,13.0,197103010900,050,16,***,3,*****
465,60.717,28.733,13.0,197103011200,050,11,***,7,*****
466,60.717,28.733,13.0,197103011500,070,11,***,7,*****
467,60.717,28.733,13.0,197103011800,070,14,***,5,*****
468,60.717,28.733,13.0,197103012100,090,14,***,3,*****
469,60.717,28.733,13.0,197103020000,070,14,***,3,*****
470,60.717,28.733,13.0,197103020300,070,11,***,1,*****
471,60.717,28.733,13.0,197103020600,090,14,***,0,*****
472,60.717,28.733,13.0,197103020900,070,11,***,5,*****
473,60.717,28.733,13.0,197103021200,070,14,***,9,*****
474,60.717,28.733,13.0,197103021500,070,14,***,7,*****
475,60.717,28.733,13.0,197103022100,050,9,***,3,*****
476,60.717,28.733,13.0,197103030000,050,7,***,0,*****
477,60.717,28.733,13.0,197103030300,020,5,***,-4,*****
478,60.717,28.733,13.0,197103030600,020,5,***,-4,*****
479,60.717,28.733,13.0,197103030900,050,7,***,3,*****
480,60.717,28.733,13.0,197103031200,050,11,***,9,*****
481,60.717,28.733,13.0,197103031500,050,9,***,7,*****
482,60.717,28.733,13.0,197103031800,050,5,***,1,*****
483,60.717,28.733,13.0,197103032100,050,7,***,0,*****
484,60.717,28.733,13.0,197103040000,070,7,***,-2,*****
485,60.717,28.733,13.0,197103040300,050,9,***,-4,*****
486,60.717,28.733,13.0,197103040900,050,11,***,5,*****
487,60.717,28.733,13.0,197103041200,050,11,***,10,*****
488,60.717,28.733,13.0,197103041500,070,14,***,12,*****
489,60.717,28.733,13.0,197103041800,070,14,***,14,*****
490,60.717,28.733,13.0,197103042100,050,11,***,14,*****
491,60.717,28.733,13.0,197103050000,050,11,***,14,*****
492,60.717,28.733,13.0,197103050300,050,7,***,12,*****
493,60.717,28.733,13.0,197103050600,050,9,***,10,*****
494,60.717,28.733,13.0,197103050900,090,9,***,18,*****
495,60.717,28.733,13.0,197103051200,090,7,***,21,*****
496,60.717,28.733,13.0,197103051500,050,7,***,19,*****
497,60.717,28.733,13.0,197103051800,070,5,***,12,*****
498,60.717,28.733,13.0,197103052100,050,2,***,7,*****
499,60.717,28.733,13.0,197103060000,360,2,***,-2,*****
500,60.717,28.733,13.0,197103060300,***,0,***,-6,*****
501,60.717,28.733,13.0,197103060600,***,0,***,-8,*****
502,60.717,28.733,13.0,197103060900,140,2,***,****,*****
503,60.717,28.733,13.0,197103061200,230,9,***,21,*****
504,60.717,28.733,13.0,197103061500,230,14,***,19,*****
505,60.717,28.733,13.0,197103061800,230,14,***,21,*****
506,60.717,28.733,13.0,197103062100,230,14,***,19,*****
507,60.717,28.733,13.0,197103070000,230,18,***,21,*****
508,60.717,28.733,13.0,197103070300,230,18,***,23,*****
509,60.717,28.733,13.0,197103070600,230,22,***,23,*****
510,60.717,28.733,13.0,197103070900,230,19,***,25,*****
511,60.717,28.733,13.0,197103071200,230,22,***,25,*****
512,60.717,28.733,13.0,197103071500,230,22,***,28,*****
513,60.717,28.733,13.0,197103071800,230,22,***,28,*****
514,60.717,28.733,13.0,197103072100,230,7,***,28,*****
515,60.717,28.733,13.0,197103080000,340,9,***,28,*****
516,60.717,28.733,13.0,197103080300,320,7,***,23,*****
517,60.717,28.733,13.0,197103080600,320,9,***,19,*****
518,60.717,28.733,13.0,197103080900,320,9,***,23,*****
519,60.717,28.733,13.0,197103081200,290,11,***,28,*****
520,60.717,28.733,13.0,197103081500,290,11,***,27,*****
521,60.717,28.733,13.0,197103081800,270,7,***,18,*****
522,60.717,28.733,13.0,197103082100,180,5,***,7,*****
523,60.717,28.733,13.0,197103090000,180,7,***,9,*****
524,60.717,28.733,13.0,197103090300,180,14,***,21,*****
525,60.717,28.733,13.0,197103090600,200,31,***,25,*****
526,60.717,28.733,13.0,197103090900,200,36,***,25,*****
527,60.717,28.733,13.0,197103091200,200,33,***,27,*****
528,60.717,28.733,13.0,197103091500,230,24,***,30,*****
529,60.717,28.733,13.0,197103091800,320,2,***,27,*****
530,60.717,28.733,13.0,197103092100,320,5,***,21,*****
531,60.717,28.733,13.0,197103100000,320,5,***,14,*****
532,60.717,28.733,13.0,197103100300,360,5,***,12,*****
533,60.717,28.733,13.0,197103100600,360,5,***,12,*****
534,60.717,28.733,13.0,197103100900,020,5,***,18,*****
535,60.717,28.733,13.0,197103101200,360,7,***,21,*****
536,60.717,28.733,13.0,197103101500,360,7,***,19,*****
537,60.717,28.733,13.0,197103101800,340,5,***,16,*****
538,60.717,28.733,13.0,197103110600,320,5,***,-4,*****
539,60.717,28.733,13.0,197103111200,320,7,***,23,*****
540,60.717,28.733,13.0,197103111500,320,7,***,21,*****
541,60.717,28.733,13.0,197103111800,320,5,***,12,*****
542,60.717,28.733,13.0,197103112100,320,5,***,1,*****
543,60.717,28.733,13.0,197103120000,***,0,***,-4,*****
544,60.717,28.733,13.0,197103120300,290,5,***,-6,*****
545,60.717,28.733,13.0,197103120600,320,5,***,1,*****
546,60.717,28.733,13.0,197103120900,290,9,***,14,*****
547,60.717,28.733,13.0,197103121200,320,11,***,23,*****
548,60.717,28.733,13.0,197103121500,320,9,***,23,*****
549,60.717,28.733,13.0,197103121800,320,5,***,18,*****
550,60.717,28.733,13.0,197103122100,290,5,***,14,*****
551,60.717,28.733,13.0,197103130000,290,7,***,14,*****
552,60.717,28.733,13.0,197103130300,320,5,***,12,*****
553,60.717,28.733,13.0,197103130600,290,5,***,9,*****
554,60.717,28.733,13.0,197103130900,270,2,***,3,*****
555,60.717,28.733,13.0,197103131200,180,5,***,16,*****
556,60.717,28.733,13.0,197103131500,180,5,***,9,*****
557,60.717,28.733,13.0,197103131800,***,0,***,5,*****
558,60.717,28.733,13.0,197103132100,***,0,***,1,*****
559,60.717,28.733,13.0,197103140000,***,0,***,-6,*****
560,60.717,28.733,13.0,197103140300,***,0,***,-6,*****
561,60.717,28.733,13.0,197103140600,***,0,***,-2,*****
562,60.717,28.733,13.0,197103140900,***,0,***,12,*****
563,60.717,28.733,13.0,197103141200,200,7,***,23,*****
564,60.717,28.733,13.0,197103141500,200,7,***,19,*****
565,60.717,28.733,13.0,197103141800,180,7,***,21,*****
566,60.717,28.733,13.0,197103142100,200,11,***,23,*****
567,60.717,28.733,13.0,197103150000,200,7,***,25,*****
568,60.717,28.733,13.0,197103150300,360,2,***,25,*****
569,60.717,28.733,13.0,197103150600,360,5,***,21,*****
570,60.717,28.733,13.0,197103150900,020,5,***,18,*****
571,60.717,28.733,13.0,197103151200,320,5,***,25,*****
572,60.717,28.733,13.0,197103151500,250,2,***,25,*****
573,60.717,28.733,13.0,197103151800,140,2,***,16,*****
574,60.717,28.733,13.0,197103152100,110,5,***,18,*****
575,60.717,28.733,13.0,197103160000,090,5,***,21,*****
576,60.717,28.733,13.0,197103160300,140,7,***,21,*****
577,60.717,28.733,13.0,197103160600,140,11,***,19,*****
578,60.717,28.733,13.0,197103160900,140,7,***,30,*****
579,60.717,28.733,13.0,197103161200,140,11,***,32,*****
580,60.717,28.733,13.0,197103161500,140,9,***,32,*****
581,60.717,28.733,13.0,197103161800,140,9,***,28,*****
582,60.717,28.733,13.0,197103162100,160,7,***,28,*****
583,60.717,28.733,13.0,197103170000,140,9,***,28,*****
584,60.717,28.733,13.0,197103170300,160,9,***,30,*****
585,60.717,28.733,13.0,197103170600,180,14,***,30,*****
586,60.717,28.733,13.0,197103170900,200,16,***,32,*****
587,60.717,28.733,13.0,197103171200,200,14,***,34,*****
588,60.717,28.733,13.0,197103171500,200,14,***,34,*****
589,60.717,28.733,13.0,197103171800,230,11,***,34,*****
590,60.717,28.733,13.0,197103172100,180,9,***,34,*****
591,60.717,28.733,13.0,197103180000,180,11,***,34,*****
592,60.717,28.733,13.0,197103180300,180,11,***,34,*****
593,60.717,28.733,13.0,197103180600,180,11,***,34,*****
594,60.717,28.733,13.0,197103180900,160,9,***,34,*****
595,60.717,28.733,13.0,197103181200,140,11,***,37,*****
596,60.717,28.733,13.0,197103181500,140,9,***,32,*****
597,60.717,28.733,13.0,197103181800,230,14,***,32,*****
598,60.717,28.733,13.0,197103182100,230,9,***,34,*****
599,60.717,28.733,13.0,197103190000,250,9,***,34,*****
600,60.717,28.733,13.0,197103190300,250,9,***,34,*****
601,60.717,28.733,13.0,197103190600,250,7,***,34,*****
602,60.717,28.733,13.0,197103190900,180,9,***,34,*****
603,60.717,28.733,13.0,197103191200,200,9,***,34,*****
604,60.717,28.733,13.0,197103191500,180,7,***,34,*****
605,60.717,28.733,13.0,197103191800,090,7,***,34,*****
606,60.717,28.733,13.0,197103192100,090,7,***,34,*****
607,60.717,28.733,13.0,197103200000,090,7,***,34,*****
608,60.717,28.733,13.0,197103200600,140,5,***,34,*****
609,60.717,28.733,13.0,197103200900,140,5,***,34,*****
610,60.717,28.733,13.0,197103201200,140,2,***,34,*****
611,60.717,28.733,13.0,197103201500,180,5,***,34,*****
612,60.717,28.733,13.0,197103201800,***,0,***,34,*****
613,60.717,28.733,13.0,197103202100,***,0,***,34,*****
614,60.717,28.733,13.0,197103210000,***,0,***,34,*****
615,60.717,28.733,13.0,197103210300,020,5,***,34,*****
616,60.717,28.733,13.0,197103210600,090,7,***,34,*****
617,60.717,28.733,13.0,197103210900,050,7,***,34,*****
618,60.717,28.733,13.0,197103211200,070,7,***,34,*****
619,60.717,28.733,13.0,197103211500,050,7,***,32,*****
620,60.717,28.733,13.0,197103211800,050,7,***,32,*****
621,60.717,28.733,13.0,197103212100,090,7,***,30,*****
622,60.717,28.733,13.0,197103220000,070,7,***,28,*****
623,60.717,28.733,13.0,197103220300,070,7,***,27,*****
624,60.717,28.733,13.0,197103220600,090,7,***,28,*****
625,60.717,28.733,13.0,197103220900,090,7,***,32,*****
626,60.717,28.733,13.0,197103221200,110,7,***,34,*****
627,60.717,28.733,13.0,197103221500,090,7,***,34,*****
628,60.717,28.733,13.0,197103221800,090,7,***,32,*****
629,60.717,28.733,13.0,197103222100,050,7,***,32,*****
630,60.717,28.733,13.0,197103230000,070,7,***,32,*****
631,60.717,28.733,13.0,197103231800,360,18,***,19,*****
632,60.717,28.733,13.0,197103240000,360,16,***,16,*****
633,60.717,28.733,13.0,197103240300,340,7,***,12,*****
634,60.717,28.733,13.0,197103240600,340,11,***,12,*****
635,60.717,28.733,13.0,197103240900,340,11,***,19,*****
636,60.717,28.733,13.0,197103241200,320,11,***,23,*****
637,60.717,28.733,13.0,197103241500,270,9,***,25,*****
638,60.717,28.733,13.0,197103241800,200,7,***,10,*****
639,60.717,28.733,13.0,197103242100,180,7,***,10,*****
640,60.717,28.733,13.0,197103250000,180,9,***,12,*****
641,60.717,28.733,13.0,197103250300,180,11,***,16,*****
642,60.717,28.733,13.0,197103250600,180,14,***,21,*****
643,60.717,28.733,13.0,197103250900,180,26,***,27,*****
644,60.717,28.733,13.0,197103251200,180,31,***,28,*****
645,60.717,28.733,13.0,197103251500,180,24,***,28,*****
646,60.717,28.733,13.0,197103251800,180,24,***,28,*****
647,60.717,28.733,13.0,197103252100,180,2,***,32,*****
648,60.717,28.733,13.0,197103260000,200,22,***,32,*****
649,60.717,28.733,13.0,197103260300,200,14,***,32,*****
650,60.717,28.733,13.0,197103260600,200,11,***,32,*****
651,60.717,28.733,13.0,197103260900,200,9,***,34,*****
652,60.717,28.733,13.0,197103261200,230,7,***,34,*****
653,60.717,28.733,13.0,197103261500,180,7,***,32,*****
654,60.717,28.733,13.0,197103261800,200,9,***,32,*****
655,60.717,28.733,13.0,197103262100,230,5,***,32,*****
656,60.717,28.733,13.0,197103270300,200,2,***,32,*****
657,60.717,28.733,13.0,197103270600,180,5,***,32,*****
658,60.717,28.733,13.0,197103270900,180,7,***,34,*****
659,60.717,28.733,13.0,197103271200,230,2,***,36,*****
660,60.717,28.733,13.0,197103271500,050,2,***,36,*****
661,60.717,28.733,13.0,197103271800,090,2,***,36,*****
662,60.717,28.733,13.0,197103272100,090,2,***,36,*****
663,60.717,28.733,13.0,197103280000,070,2,***,34,*****
664,60.717,28.733,13.0,197103280300,050,7,***,34,*****
665,60.717,28.733,13.0,197103280600,070,5,***,34,*****
666,60.717,28.733,13.0,197103280900,070,5,***,37,*****
667,60.717,28.733,13.0,197103281200,050,5,***,43,*****
668,60.717,28.733,13.0,197103281500,050,7,***,39,*****
669,60.717,28.733,13.0,197103281800,020,5,***,36,*****
670,60.717,28.733,13.0,197103282100,050,5,***,34,*****
671,60.717,28.733,13.0,197103290000,050,5,***,34,*****
672,60.717,28.733,13.0,197103290300,020,5,***,34,*****
673,60.717,28.733,13.0,197103290600,070,7,***,34,*****
674,60.717,28.733,13.0,197103290900,070,5,***,36,*****
675,60.717,28.733,13.0,197103291200,070,5,***,37,*****
676,60.717,28.733,13.0,197103291500,050,2,***,39,*****
677,60.717,28.733,13.0,197103291800,090,5,***,36,*****
678,60.717,28.733,13.0,197103292100,020,2,***,32,*****
679,60.717,28.733,13.0,197103300000,360,2,***,28,*****
680,60.717,28.733,13.0,197103300300,020,2,***,30,*****
681,60.717,28.733,13.0,197103300600,050,5,***,32,*****
682,60.717,28.733,13.0,197103300900,070,5,***,36,*****
683,60.717,28.733,13.0,197103301200,020,5,***,37,*****
684,60.717,28.733,13.0,197103301500,020,2,***,39,*****
685,60.717,28.733,13.0,197103301800,050,2,***,36,*****
686,60.717,28.733,13.0,197103302100,***,0,***,28,*****
687,60.717,28.733,13.0,197103310000,***,0,***,23,*****
688,60.717,28.733,13.0,197103310300,***,0,***,21,*****
689,60.717,28.733,13.0,197103310600,230,2,***,25,*****
690,60.717,28.733,13.0,197103310900,200,5,***,28,*****
691,60.717,28.733,13.0,197103311200,200,9,***,28,*****
692,60.717,28.733,13.0,197103311500,200,9,***,28,*****
693,60.717,28.733,13.0,197103311800,230,9,***,28,*****
694,60.717,28.733,13.0,197103312100,200,9,***,28,*****
695,60.717,28.733,13.0,197104010000,200,9,***,27,*****
696,60.717,28.733,13.0,197104010300,200,9,***,28,*****
697,60.717,28.733,13.0,197104010600,230,9,***,30,*****
698,60.717,28.733,13.0,197104010900,200,9,***,32,*****
699,60.717,28.733,13.0,197104011200,180,9,***,36,*****
700,60.717,28.733,13.0,197104011500,160,7,***,34,*****
701,60.717,28.733,13.0,197104011800,***,0,***,32,*****
702,60.717,28.733,13.0,197104012100,050,5,***,32,*****
703,60.717,28.733,13.0,197104020000,050,5,***,32,*****
704,60.717,28.733,13.0,197104020300,070,5,***,32,*****
705,60.717,28.733,13.0,197104020600,090,7,***,32,*****
706,60.717,28.733,13.0,197104020900,090,9,***,37,*****
707,60.717,28.733,13.0,197104021200,090,9,***,41,*****
708,60.717,28.733,13.0,197104021500,090,9,***,41,*****
709,60.717,28.733,13.0,197104021800,090,9,***,37,*****
710,60.717,28.733,13.0,197104022100,090,5,***,34,*****
711,60.717,28.733,13.0,197104030000,140,7,***,32,*****
712,60.717,28.733,13.0,197104030300,160,5,***,32,*****
713,60.717,28.733,13.0,197104030600,140,5,***,34,*****
714,60.717,28.733,13.0,197104030900,200,14,***,39,*****
715,60.717,28.733,13.0,197104031200,200,11,***,39,*****
716,60.717,28.733,13.0,197104031500,200,7,***,39,*****
717,60.717,28.733,13.0,197104031800,160,5,***,37,*****
718,60.717,28.733,13.0,197104032100,160,5,***,36,*****
719,60.717,28.733,13.0,197104040000,160,2,***,37,*****
720,60.717,28.733,13.0,197104040300,***,0,***,37,*****
721,60.717,28.733,13.0,197104040600,070,2,***,36,*****
722,60.717,28.733,13.0,197104040900,340,5,***,39,*****
723,60.717,28.733,13.0,197104041200,360,5,***,39,*****
724,60.717,28.733,13.0,197104041500,050,5,***,39,*****
725,60.717,28.733,13.0,197104041800,360,5,***,37,*****
726,60.717,28.733,13.0,197104042100,360,5,***,36,*****
727,60.717,28.733,13.0,197104050000,360,7,***,32,*****
728,60.717,28.733,13.0,197104050300,360,7,***,30,*****
729,60.717,28.733,13.0,197104050600,020,9,***,30,*****
730,60.717,28.733,13.0,197104050900,050,9,***,34,*****
731,60.717,28.733,13.0,197104051200,020,7,***,37,*****
732,60.717,28.733,13.0,197104051500,360,9,***,37,*****
733,60.717,28.733,13.0,197104051800,360,5,***,32,*****
734,60.717,28.733,13.0,197104052100,360,5,***,28,*****
735,60.717,28.733,13.0,197104060000,360,5,***,28,*****
736,60.717,28.733,13.0,197104060300,050,2,***,25,*****
737,60.717,28.733,13.0,197104060600,050,5,***,30,*****
738,60.717,28.733,13.0,197104061200,050,7,***,41,*****
739,60.717,28.733,13.0,197104061500,090,7,***,41,*****
740,60.717,28.733,13.0,197104061800,070,5,***,32,*****
741,60.717,28.733,13.0,197104062100,050,5,***,28,*****
742,60.717,28.733,13.0,197104070000,070,9,***,27,*****
743,60.717,28.733,13.0,197104070300,090,16,***,30,*****
744,60.717,28.733,13.0,197104070600,090,11,***,30,*****
745,60.717,28.733,13.0,197104070900,110,11,***,37,*****
746,60.717,28.733,13.0,197104071200,110,9,***,43,*****
747,60.717,28.733,13.0,197104071500,140,11,***,39,*****
748,60.717,28.733,13.0,197104071800,090,7,***,37,*****
749,60.717,28.733,13.0,197104072100,140,5,***,34,*****
750,60.717,28.733,13.0,197104080000,090,2,***,32,*****
751,60.717,28.733,13.0,197104080300,140,9,***,30,*****
752,60.717,28.733,13.0,197104080600,140,7,***,34,*****
753,60.717,28.733,13.0,197104080900,200,7,***,39,*****
754,60.717,28.733,13.0,197104081200,230,7,***,43,*****
755,60.717,28.733,13.0,197104081500,160,2,***,46,*****
756,60.717,28.733,13.0,197104081800,160,2,***,43,*****
757,60.717,28.733,13.0,197104082100,160,5,***,41,*****
758,60.717,28.733,13.0,197104090000,140,5,***,39,*****
759,60.717,28.733,13.0,197104090300,160,5,***,36,*****
760,60.717,28.733,13.0,197104090600,180,5,***,37,*****
761,60.717,28.733,13.0,197104090900,230,9,***,41,*****
762,60.717,28.733,13.0,197104091200,230,7,***,43,*****
763,60.717,28.733,13.0,197104091500,140,2,***,45,*****
764,60.717,28.733,13.0,197104091800,200,7,***,41,*****
765,60.717,28.733,13.0,197104092100,200,5,***,37,*****
766,60.717,28.733,13.0,197104100000,200,7,***,36,*****
767,60.717,28.733,13.0,197104100300,200,7,***,36,*****
768,60.717,28.733,13.0,197104100600,180,5,***,36,*****
769,60.717,28.733,13.0,197104100900,180,7,***,36,*****
770,60.717,28.733,13.0,197104101200,***,0,***,36,*****
771,60.717,28.733,13.0,197104101500,360,2,***,39,*****
772,60.717,28.733,13.0,197104101800,360,5,***,37,*****
773,60.717,28.733,13.0,197104102100,360,5,***,36,*****
774,60.717,28.733,13.0,197104110000,340,2,***,32,*****
775,60.717,28.733,13.0,197104110300,320,7,***,28,*****
776,60.717,28.733,13.0,197104110600,020,2,***,32,*****
777,60.717,28.733,13.0,197104110900,180,5,***,39,*****
778,60.717,28.733,13.0,197104111200,200,11,***,37,*****
779,60.717,28.733,13.0,197104111500,200,18,***,34,*****
780,60.717,28.733,13.0,197104111800,200,11,***,32,*****
781,60.717,28.733,13.0,197104112100,230,11,***,32,*****
782,60.717,28.733,13.0,197104120000,230,16,***,32,*****
783,60.717,28.733,13.0,197104120300,230,11,***,34,*****
784,60.717,28.733,13.0,197104120600,270,9,***,36,*****
785,60.717,28.733,13.0,197104120900,270,11,***,41,*****
786,60.717,28.733,13.0,197104121200,290,9,***,41,*****
787,60.717,28.733,13.0,197104121500,320,11,***,39,*****
788,60.717,28.733,13.0,197104121800,340,7,***,37,*****
789,60.717,28.733,13.0,197104122100,320,7,***,34,*****
790,60.717,28.733,13.0,197104130000,290,9,***,34,*****
791,60.717,28.733,13.0,197104130300,320,9,***,34,*****
792,60.717,28.733,13.0,197104130600,320,9,***,32,*****
793,60.717,28.733,13.0,197104130900,340,14,***,36,*****
794,60.717,28.733,13.0,197104131200,320,11,***,37,*****
795,60.717,28.733,13.0,197104131500,320,14,***,37,*****
796,60.717,28.733,13.0,197104131800,320,11,***,36,*****
797,60.717,28.733,13.0,197104132100,340,9,***,34,*****
798,60.717,28.733,13.0,197104140000,340,9,***,32,*****
799,60.717,28.733,13.0,197104140300,360,7,***,30,*****
800,60.717,28.733,13.0,197104140600,340,9,***,32,*****
801,60.717,28.733,13.0,197104140900,340,9,***,36,*****
802,60.717,28.733,13.0,197104141200,340,14,***,37,*****
803,60.717,28.733,13.0,197104141500,340,11,***,37,*****
804,60.717,28.733,13.0,197104141800,340,5,***,32,*****
805,60.717,28.733,13.0,197104142100,320,5,***,30,*****
806,60.717,28.733,13.0,197104150000,340,5,***,28,*****
807,60.717,28.733,13.0,197104150300,340,5,***,27,*****
808,60.717,28.733,13.0,197104150600,340,7,***,28,*****
809,60.717,28.733,13.0,197104150900,340,7,***,32,*****
810,60.717,28.733,13.0,197104151200,020,7,***,36,*****
811,60.717,28.733,13.0,197104151500,290,7,***,36,*****
812,60.717,28.733,13.0,197104151800,200,2,***,28,*****
813,60.717,28.733,13.0,197104152100,***,0,***,25,*****
814,60.717,28.733,13.0,197104160000,***,0,***,23,*****
815,60.717,28.733,13.0,197104160300,***,0,***,21,*****
816,60.717,28.733,13.0,197104160600,***,0,***,27,*****
817,60.717,28.733,13.0,197104160900,230,7,***,36,*****
818,60.717,28.733,13.0,197104161200,200,11,***,37,*****
819,60.717,28.733,13.0,197104161500,180,7,***,36,*****
820,60.717,28.733,13.0,197104161800,140,9,***,36,*****
821,60.717,28.733,13.0,197104162100,180,7,***,34,*****
822,60.717,28.733,13.0,197104170000,140,9,***,34,*****
823,60.717,28.733,13.0,197104170300,140,7,***,34,*****
824,60.717,28.733,13.0,197104170600,140,7,***,36,*****
825,60.717,28.733,13.0,197104170900,200,5,***,43,*****
826,60.717,28.733,13.0,197104171200,180,11,***,45,*****
827,60.717,28.733,13.0,197104171500,160,16,***,46,*****
828,60.717,28.733,13.0,197104171800,110,9,***,46,*****
829,60.717,28.733,13.0,197104172100,140,14,***,41,*****
830,60.717,28.733,13.0,197104180000,140,11,***,41,*****
831,60.717,28.733,13.0,197104180300,140,7,***,39,*****
832,60.717,28.733,13.0,197104180600,180,9,***,37,*****
833,60.717,28.733,13.0,197104180900,200,9,***,39,*****
834,60.717,28.733,13.0,197104181200,200,5,***,36,*****
835,60.717,28.733,13.0,197104181500,180,7,***,37,*****
836,60.717,28.733,13.0,197104181800,180,9,***,36,*****
837,60.717,28.733,13.0,197104182100,180,7,***,34,*****
838,60.717,28.733,13.0,197104190000,180,16,***,32,*****
839,60.717,28.733,13.0,197104190300,180,19,***,36,*****
840,60.717,28.733,13.0,197104190600,230,19,***,36,*****
841,60.717,28.733,13.0,197104190900,230,22,***,39,*****
842,60.717,28.733,13.0,197104191200,200,2,***,41,*****
843,60.717,28.733,13.0,197104191500,230,19,***,41,*****
844,60.717,28.733,13.0,197104191800,230,16,***,39,*****
845,60.717,28.733,13.0,197104192100,230,9,***,34,*****
846,60.717,28.733,13.0,197104200000,230,14,***,36,*****
847,60.717,28.733,13.0,197104200300,230,14,***,36,*****
848,60.717,28.733,13.0,197104200600,230,16,***,37,*****
849,60.717,28.733,13.0,197104200900,230,22,***,41,*****
850,60.717,28.733,13.0,197104201200,280,22,***,39,*****
851,60.717,28.733,13.0,197104201500,230,19,***,39,*****
852,60.717,28.733,13.0,197104201800,200,11,***,37,*****
853,60.717,28.733,13.0,197104202100,200,7,***,34,*****
854,60.717,28.733,13.0,197104210000,180,5,***,32,*****
855,60.717,28.733,13.0,197104210300,180,7,***,32,*****
856,60.717,28.733,13.0,197104210600,180,5,***,34,*****
857,60.717,28.733,13.0,197104210900,180,5,***,41,*****
858,60.717,28.733,13.0,197104211200,160,5,***,43,*****
859,60.717,28.733,13.0,197104211500,340,7,***,45,*****
860,60.717,28.733,13.0,197104211800,360,7,***,37,*****
861,60.717,28.733,13.0,197104212100,360,7,***,34,*****
862,60.717,28.733,13.0,197104220000,360,5,***,32,*****
863,60.717,28.733,13.0,197104220300,360,7,***,34,*****
864,60.717,28.733,13.0,197104220600,360,9,***,32,*****
865,60.717,28.733,13.0,197104220900,360,7,***,32,*****
866,60.717,28.733,13.0,197104221200,360,7,***,32,*****
867,60.717,28.733,13.0,197104221500,360,9,***,32,*****
868,60.717,28.733,13.0,197104221800,360,5,***,30,*****
869,60.717,28.733,13.0,197104222100,360,5,***,27,*****
870,60.717,28.733,13.0,197104230000,360,5,***,23,*****
871,60.717,28.733,13.0,197104230300,360,5,***,21,*****
872,60.717,28.733,13.0,197104230600,360,5,***,28,*****
873,60.717,28.733,13.0,197104230900,360,16,***,32,*****
874,60.717,28.733,13.0,197104231200,360,7,***,36,*****
875,60.717,28.733,13.0,197104231500,360,9,***,36,*****
876,60.717,28.733,13.0,197104231800,320,5,***,32,*****
877,60.717,28.733,13.0,197104232100,320,2,***,27,*****
878,60.717,28.733,13.0,197104240000,320,2,***,23,*****
879,60.717,28.733,13.0,197104240300,320,5,***,23,*****
880,60.717,28.733,13.0,197104240600,290,2,***,30,*****
881,60.717,28.733,13.0,197104240900,050,5,***,37,*****
882,60.717,28.733,13.0,197104241200,340,5,***,37,*****
883,60.717,28.733,13.0,197104241500,200,9,***,36,*****
884,60.717,28.733,13.0,197104241800,180,5,***,32,*****
885,60.717,28.733,13.0,197104242100,290,2,***,30,*****
886,60.717,28.733,13.0,197104250000,290,2,***,28,*****
887,60.717,28.733,13.0,197104250300,360,5,***,27,*****
888,60.717,28.733,13.0,197104250600,050,9,***,28,*****
889,60.717,28.733,13.0,197104250900,050,11,***,28,*****
890,60.717,28.733,13.0,197104251200,070,11,***,28,*****
891,60.717,28.733,13.0,197104251500,090,11,***,32,*****
892,60.717,28.733,13.0,197104251800,070,9,***,28,*****
893,60.717,28.733,13.0,197104252100,050,7,***,25,*****
894,60.717,28.733,13.0,197104260000,050,7,***,23,*****
895,60.717,28.733,13.0,197104260600,050,9,***,25,*****
896,60.717,28.733,13.0,197104260900,050,11,***,30,*****
897,60.717,28.733,13.0,197104261200,050,9,***,34,*****
898,60.717,28.733,13.0,197104261500,050,7,***,34,*****
899,60.717,28.733,13.0,197104261800,050,7,***,30,*****
900,60.717,28.733,13.0,197104262100,020,7,***,27,*****
901,60.717,28.733,13.0,197104270000,020,5,***,25,*****
902,60.717,28.733,13.0,197104270300,340,2,***,21,*****
903,60.717,28.733,13.0,197104270600,360,5,***,28,*****
904,60.717,28.733,13.0,197104270900,020,7,***,34,*****
905,60.717,28.733,13.0,197104271200,340,9,***,36,*****
906,60.717,28.733,13.0,197104271500,020,5,***,39,*****
907,60.717,28.733,13.0,197104271800,250,7,***,34,*****
908,60.717,28.733,13.0,197104272100,***,0,***,28,*****
909,60.717,28.733,13.0,197104280000,230,2,***,28,*****
910,60.717,28.733,13.0,197104280300,***,0,***,28,*****
911,60.717,28.733,13.0,197104280600,***,0,***,30,*****
912,60.717,28.733,13.0,197104280900,200,9,***,36,*****
913,60.717,28.733,13.0,197104281200,200,11,***,37,*****
914,60.717,28.733,13.0,197104281500,200,14,***,36,*****
915,60.717,28.733,13.0,197104281800,230,9,***,34,*****
916,60.717,28.733,13.0,197104282100,180,2,***,30,*****
917,60.717,28.733,13.0,197104290000,***,0,***,28,*****
918,60.717,28.733,13.0,197104290300,***,0,***,28,*****
919,60.717,28.733,13.0,197104290600,160,2,***,32,*****
920,60.717,28.733,13.0,197104290900,180,9,***,39,*****
921,60.717,28.733,13.0,197104291200,360,9,***,37,*****
922,60.717,28.733,13.0,197104291500,020,5,***,39,*****
923,60.717,28.733,13.0,197104291800,360,2,***,36,*****
924,60.717,28.733,13.0,197104292100,050,5,***,30,*****
925,60.717,28.733,13.0,197104300000,360,2,***,30,*****
926,60.717,28.733,13.0,197104300300,***,0,***,30,*****
927,60.717,28.733,13.0,197104300600,050,5,***,32,*****
928,60.717,28.733,13.0,197104300900,110,7,***,36,*****
929,60.717,28.733,13.0,197104301200,200,5,***,37,*****
930,60.717,28.733,13.0,197104301500,360,5,***,41,*****
931,60.717,28.733,13.0,197104301800,340,7,***,37,*****
932,60.717,28.733,13.0,197104302100,360,5,***,32,*****
933,60.717,28.733,13.0,197105010000,360,5,***,28,*****
934,60.717,28.733,13.0,197105010300,360,5,***,27,*****
935,60.717,28.733,13.0,197105010600,340,5,***,36,*****
936,60.717,28.733,13.0,197105010900,360,7,***,41,*****
937,60.717,28.733,13.0,197105011200,290,7,***,43,*****
938,60.717,28.733,13.0,197105011500,200,11,***,39,*****
939,60.717,28.733,13.0,197105011800,250,9,***,39,*****
940,60.717,28.733,13.0,197105012100,250,2,***,34,*****
941,60.717,28.733,13.0,197105020000,200,2,***,34,*****
942,60.717,28.733,13.0,197105020300,200,9,***,34,*****
943,60.717,28.733,13.0,197105020600,230,19,***,37,*****
944,60.717,28.733,13.0,197105020900,230,22,***,39,*****
945,60.717,28.733,13.0,197105021200,230,19,***,43,*****
946,60.717,28.733,13.0,197105021500,230,19,***,45,*****
947,60.717,28.733,13.0,197105021800,250,22,***,43,*****
948,60.717,28.733,13.0,197105022100,250,18,***,43,*****
949,60.717,28.733,13.0,197105030000,230,14,***,39,*****
950,60.717,28.733,13.0,197105030300,230,9,***,39,*****
951,60.717,28.733,13.0,197105030600,200,11,***,39,*****
952,60.717,28.733,13.0,197105030900,180,14,***,37,*****
953,60.717,28.733,13.0,197105031200,180,9,***,39,*****
954,60.717,28.733,13.0,197105031500,200,14,***,37,*****
955,60.717,28.733,13.0,197105031800,200,11,***,37,*****
956,60.717,28.733,13.0,197105032100,180,5,***,37,*****
957,60.717,28.733,13.0,197105040000,320,2,***,37,*****
958,60.717,28.733,13.0,197105040300,360,2,***,37,*****
959,60.717,28.733,13.0,197105040600,020,7,***,41,*****
960,60.717,28.733,13.0,197105040900,050,9,***,46,*****
961,60.717,28.733,13.0,197105041200,360,7,***,50,*****
962,60.717,28.733,13.0,197105041500,360,9,***,****,*****
963,60.717,28.733,13.0,197105041800,360,9,***,46,*****
964,60.717,28.733,13.0,197105042100,020,9,***,39,*****
965,60.717,28.733,13.0,197105050000,020,9,***,32,*****
966,60.717,28.733,13.0,197105050300,020,9,***,32,*****
967,60.717,28.733,13.0,197105050600,***,0,***,41,*****
968,60.717,28.733,13.0,197105050900,200,14,***,45,*****
969,60.717,28.733,13.0,197105051200,200,18,***,46,*****
970,60.717,28.733,13.0,197105051500,230,16,***,46,*****
971,60.717,28.733,13.0,197105051800,180,7,***,43,*****
972,60.717,28.733,13.0,197105052100,230,5,***,41,*****
973,60.717,28.733,13.0,197105060000,200,7,***,39,*****
974,60.717,28.733,13.0,197105060300,200,5,***,37,*****
975,60.717,28.733,13.0,197105060600,180,9,***,41,*****
976,60.717,28.733,13.0,197105060900,200,16,***,46,*****
977,60.717,28.733,13.0,197105061200,200,22,***,45,*****
978,60.717,28.733,13.0,197105061500,200,11,***,46,*****
979,60.717,28.733,13.0,197105061800,180,7,***,43,*****
980,60.717,28.733,13.0,197105062100,200,5,***,41,*****
981,60.717,28.733,13.0,197105070000,200,2,***,39,*****
982,60.717,28.733,13.0,197105070300,270,2,***,37,*****
983,60.717,28.733,13.0,197105070600,160,5,***,48,*****
984,60.717,28.733,13.0,197105070900,180,16,***,50,*****
985,60.717,28.733,13.0,197105071200,200,16,***,50,*****
986,60.717,28.733,13.0,197105071500,200,11,***,50,*****
987,60.717,28.733,13.0,197105071800,200,2,***,50,*****
988,60.717,28.733,13.0,197105072100,090,2,***,45,*****
989,60.717,28.733,13.0,197105080000,***,0,***,41,*****
990,60.717,28.733,13.0,197105080300,***,0,***,41,*****
991,60.717,28.733,13.0,197105080600,070,7,***,52,*****
992,60.717,28.733,13.0,197105080900,050,7,***,57,*****
993,60.717,28.733,13.0,197105081200,140,5,***,61,*****
994,60.717,28.733,13.0,197105081500,090,5,***,61,*****
995,60.717,28.733,13.0,197105081800,050,2,***,57,*****
996,60.717,28.733,13.0,197105082100,200,2,***,48,*****
997,60.717,28.733,13.0,197105090000,290,5,***,39,*****
998,60.717,28.733,13.0,197105090300,***,0,***,41,*****
999,60.717,28.733,13.0,197105090600,180,7,***,48,*****
1000,60.717,28.733,13.0,197105090900,200,14,***,52,*****
1001,60.717,28.733,13.0,197105091200,200,11,***,54,*****
1002,60.717,28.733,13.0,197105091500,200,9,***,54,*****
1003,60.717,28.733,13.0,197105091800,250,5,***,54,*****
1004,60.717,28.733,13.0,197105092100,***,0,***,48,*****
1005,60.717,28.733,13.0,197105100000,***,0,***,43,*****
1006,60.717,28.733,13.0,197105100300,***,0,***,39,*****
1007,60.717,28.733,13.0,197105100600,180,7,***,46,*****
1008,60.717,28.733,13.0,197105100900,200,9,***,50,*****
1009,60.717,28.733,13.0,197105101200,180,18,***,52,*****
1010,60.717,28.733,13.0,197105101500,180,14,***,54,*****
1011,60.717,28.733,13.0,197105101800,200,5,***,48,*****
1012,60.717,28.733,13.0,197105102100,200,14,***,46,*****
1013,60.717,28.733,13.0,197105110000,200,16,***,46,*****
1014,60.717,28.733,13.0,197105110300,200,18,***,48,*****
1015,60.717,28.733,13.0,197105110600,200,11,***,50,*****
1016,60.717,28.733,13.0,197105110900,180,18,***,50,*****
1017,60.717,28.733,13.0,197105111500,230,22,***,66,*****
1018,60.717,28.733,13.0,197105111800,270,9,***,61,*****
1019,60.717,28.733,13.0,197105112100,290,7,***,54,*****
1020,60.717,28.733,13.0,197105120000,270,7,***,46,*****
1021,60.717,28.733,13.0,197105120300,270,7,***,48,*****
1022,60.717,28.733,13.0,197105120600,270,5,***,55,*****
1023,60.717,28.733,13.0,197105120900,200,18,***,54,*****
1024,60.717,28.733,13.0,197105121200,200,22,***,50,*****
1025,60.717,28.733,13.0,197105121500,200,7,***,52,*****
1026,60.717,28.733,13.0,197105121800,230,9,***,54,*****
1027,60.717,28.733,13.0,197105122100,290,9,***,52,*****
1028,60.717,28.733,13.0,197105130000,***,0,***,45,*****
1029,60.717,28.733,13.0,197105130300,290,7,***,45,*****
1030,60.717,28.733,13.0,197105130600,320,9,***,54,*****
1031,60.717,28.733,13.0,197105130900,270,16,***,59,*****
1032,60.717,28.733,13.0,197105131200,270,11,***,63,*****
1033,60.717,28.733,13.0,197105131500,290,16,***,61,*****
1034,60.717,28.733,13.0,197105131800,320,14,***,55,*****
1035,60.717,28.733,13.0,197105132100,320,11,***,50,*****
1036,60.717,28.733,13.0,197105140000,320,11,***,45,*****
1037,60.717,28.733,13.0,197105140300,320,11,***,43,*****
1038,60.717,28.733,13.0,197105140600,340,18,***,50,*****
1039,60.717,28.733,13.0,197105140900,320,19,***,52,*****
1040,60.717,28.733,13.0,197105141200,340,18,***,52,*****
1041,60.717,28.733,13.0,197105141500,340,9,***,52,*****
1042,60.717,28.733,13.0,197105141800,340,7,***,46,*****
1043,60.717,28.733,13.0,197105142100,340,5,***,43,*****
1044,60.717,28.733,13.0,197105150000,320,7,***,37,*****
1045,60.717,28.733,13.0,197105150300,340,7,***,37,*****
1046,60.717,28.733,13.0,197105150600,020,11,***,43,*****
1047,60.717,28.733,13.0,197105150900,020,7,***,48,*****
1048,60.717,28.733,13.0,197105151200,020,5,***,50,*****
1049,60.717,28.733,13.0,197105151500,200,14,***,50,*****
1050,60.717,28.733,13.0,197105151800,250,11,***,46,*****
1051,60.717,28.733,13.0,197105152100,270,7,***,45,*****
1052,60.717,28.733,13.0,197105160000,180,2,***,41,*****
1053,60.717,28.733,13.0,197105160300,200,11,***,45,*****
1054,60.717,28.733,13.0,197105160600,200,14,***,46,*****
1055,60.717,28.733,13.0,197105160900,200,9,***,48,*****
1056,60.717,28.733,13.0,197105161200,180,11,***,54,*****
1057,60.717,28.733,13.0,197105161500,200,5,***,55,*****
1058,60.717,28.733,13.0,197105161800,***,0,***,55,*****
1059,60.717,28.733,13.0,197105162100,140,7,***,54,*****
1060,60.717,28.733,13.0,197105170000,160,11,***,54,*****
1061,60.717,28.733,13.0,197105170300,160,9,***,54,*****
1062,60.717,28.733,13.0,197105170600,180,11,***,54,*****
1063,60.717,28.733,13.0,197105170900,230,9,***,59,*****
1064,60.717,28.733,13.0,197105171200,200,11,***,57,*****
1065,60.717,28.733,13.0,197105171500,180,11,***,57,*****
1066,60.717,28.733,13.0,197105171800,180,7,***,55,*****
1067,60.717,28.733,13.0,197105172100,180,7,***,54,*****
1068,60.717,28.733,13.0,197105180000,200,7,***,50,*****
1069,60.717,28.733,13.0,197105180300,200,7,***,48,*****
1070,60.717,28.733,13.0,197105180600,180,9,***,50,*****
1071,60.717,28.733,13.0,197105180900,230,14,***,55,*****
1072,60.717,28.733,13.0,197105181200,200,16,***,63,*****
1073,60.717,28.733,13.0,197105181500,200,11,***,57,*****
1074,60.717,28.733,13.0,197105181800,230,16,***,57,*****
1075,60.717,28.733,13.0,197105182100,160,16,***,57,*****
1076,60.717,28.733,13.0,197105190000,200,14,***,57,*****
1077,60.717,28.733,13.0,197105190300,180,11,***,54,*****
1078,60.717,28.733,13.0,197105190600,200,18,***,57,*****
1079,60.717,28.733,13.0,197105190900,200,18,***,57,*****
1080,60.717,28.733,13.0,197105191200,200,18,***,57,*****
1081,60.717,28.733,13.0,197105191500,180,18,***,55,*****
1082,60.717,28.733,13.0,197105191800,180,11,***,54,*****
1083,60.717,28.733,13.0,197105192100,230,5,***,52,*****
1084,60.717,28.733,13.0,197105200000,250,5,***,50,*****
1085,60.717,28.733,13.0,197105200300,360,5,***,48,*****
1086,60.717,28.733,13.0,197105200600,360,5,***,50,*****
1087,60.717,28.733,13.0,197105200900,360,2,***,59,*****
1088,60.717,28.733,13.0,197105201200,070,2,***,64,*****
1089,60.717,28.733,13.0,197105201500,230,2,***,64,*****
1090,60.717,28.733,13.0,197105201800,090,7,***,57,*****
1091,60.717,28.733,13.0,197105202100,160,9,***,54,*****
1092,60.717,28.733,13.0,197105210000,090,5,***,50,*****
1093,60.717,28.733,13.0,197105210300,090,5,***,46,*****
1094,60.717,28.733,13.0,197105210600,180,2,***,52,*****
1095,60.717,28.733,13.0,197105210900,200,16,***,59,*****
1096,60.717,28.733,13.0,197105211200,230,18,***,59,*****
1097,60.717,28.733,13.0,197105211500,200,18,***,55,*****
1098,60.717,28.733,13.0,197105211800,070,11,***,46,*****
1099,60.717,28.733,13.0,197105212100,070,11,***,41,*****
1100,60.717,28.733,13.0,197105220000,070,11,***,39,*****
1101,60.717,28.733,13.0,197105220300,070,11,***,39,*****
1102,60.717,28.733,13.0,197105220600,050,9,***,37,*****
1103,60.717,28.733,13.0,197105220900,070,9,***,39,*****
1104,60.717,28.733,13.0,197105221200,050,7,***,39,*****
1105,60.717,28.733,13.0,197105221500,050,9,***,39,*****
1106,60.717,28.733,13.0,197105221800,020,9,***,37,*****
1107,60.717,28.733,13.0,197105222100,020,9,***,36,*****
1108,60.717,28.733,13.0,197105230000,020,7,***,34,*****
1109,60.717,28.733,13.0,197105230300,020,9,***,32,*****
1110,60.717,28.733,13.0,197105230600,360,7,***,32,*****
1111,60.717,28.733,13.0,197105230900,340,9,***,36,*****
1112,60.717,28.733,13.0,197105231200,340,9,***,37,*****
1113,60.717,28.733,13.0,197105231500,360,7,***,39,*****
1114,60.717,28.733,13.0,197105231800,360,7,***,39,*****
1115,60.717,28.733,13.0,197105232100,340,2,***,37,*****
1116,60.717,28.733,13.0,197105240000,360,2,***,36,*****
1117,60.717,28.733,13.0,197105240300,320,5,***,36,*****
1118,60.717,28.733,13.0,197105240600,320,5,***,39,*****
1119,60.717,28.733,13.0,197105240900,360,5,***,39,*****
1120,60.717,28.733,13.0,197105241200,020,5,***,41,*****
1121,60.717,28.733,13.0,197105241500,050,5,***,41,*****
1122,60.717,28.733,13.0,197105241800,050,5,***,41,*****
1123,60.717,28.733,13.0,197105242100,090,7,***,39,*****
1124,60.717,28.733,13.0,197105250000,050,5,***,37,*****
1125,60.717,28.733,13.0,197105250300,050,9,***,36,*****
1126,60.717,28.733,13.0,197105250600,050,9,***,39,*****
1127,60.717,28.733,13.0,197105250900,050,11,***,39,*****
1128,60.717,28.733,13.0,197105251200,090,11,***,43,*****
1129,60.717,28.733,13.0,197105251500,050,11,***,45,*****
1130,60.717,28.733,13.0,197105251800,070,11,***,43,*****
1131,60.717,28.733,13.0,197105252100,070,9,***,39,*****
1132,60.717,28.733,13.0,197105260000,070,11,***,37,*****
1133,60.717,28.733,13.0,197105260300,090,11,***,39,*****
1134,60.717,28.733,13.0,197105260600,090,9,***,46,*****
1135,60.717,28.733,13.0,197105260900,090,11,***,54,*****
1136,60.717,28.733,13.0,197105261200,110,11,***,59,*****
1137,60.717,28.733,13.0,197105261500,090,11,***,59,*****
1138,60.717,28.733,13.0,197105261800,160,7,***,54,*****
1139,60.717,28.733,13.0,197105262100,090,5,***,48,*****
1140,60.717,28.733,13.0,197105270000,090,7,***,50,*****
1141,60.717,28.733,13.0,197105270300,090,9,***,48,*****
1142,60.717,28.733,13.0,197105270600,140,7,***,50,*****
1143,60.717,28.733,13.0,197105270900,110,5,***,55,*****
1144,60.717,28.733,13.0,197105271200,110,7,***,59,*****
1145,60.717,28.733,13.0,197105271500,090,7,***,64,*****
1146,60.717,28.733,13.0,197105271800,090,7,***,61,*****
1147,60.717,28.733,13.0,197105272100,090,7,***,55,*****
1148,60.717,28.733,13.0,197105280000,070,5,***,54,*****
1149,60.717,28.733,13.0,197105280300,160,7,***,57,*****
1150,60.717,28.733,13.0,197105280600,110,7,***,57,*****
1151,60.717,28.733,13.0,197105280900,140,5,***,57,*****
1152,60.717,28.733,13.0,197105281200,230,9,***,64,*****
1153,60.717,28.733,13.0,197105281500,180,7,***,61,*****
1154,60.717,28.733,13.0,197105281800,180,9,***,59,*****
1155,60.717,28.733,13.0,197105282100,***,0,***,59,*****
1156,60.717,28.733,13.0,197105290000,***,0,***,54,*****
1157,60.717,28.733,13.0,197105290300,***,0,***,52,*****
1158,60.717,28.733,13.0,197105290600,***,0,***,59,*****
1159,60.717,28.733,13.0,197105290900,***,0,***,73,*****
1160,60.717,28.733,13.0,197105291200,180,5,***,72,*****
1161,60.717,28.733,13.0,197105291500,180,2,***,73,*****
1162,60.717,28.733,13.0,197105291800,090,7,***,70,*****
1163,60.717,28.733,13.0,197105292100,090,7,***,61,*****
1164,60.717,28.733,13.0,197105300000,090,11,***,55,*****
1165,60.717,28.733,13.0,197105300300,090,11,***,55,*****
1166,60.717,28.733,13.0,197105300600,090,9,***,63,*****
1167,60.717,28.733,13.0,197105300900,090,11,***,70,*****
1168,60.717,28.733,13.0,197105301200,090,11,***,72,*****
1169,60.717,28.733,13.0,197105301500,050,9,***,72,*****
1170,60.717,28.733,13.0,197105301800,070,7,***,68,*****
1171,60.717,28.733,13.0,197105302100,070,5,***,61,*****
1172,60.717,28.733,13.0,197105310000,050,5,***,54,*****
1173,60.717,28.733,13.0,197105310300,070,7,***,54,*****
1174,60.717,28.733,13.0,197105310600,090,7,***,63,*****
1175,60.717,28.733,13.0,197105310900,050,9,***,70,*****
1176,60.717,28.733,13.0,197105311200,050,11,***,72,*****
1177,60.717,28.733,13.0,197105311500,070,7,***,72,*****
1178,60.717,28.733,13.0,197105311800,090,2,***,70,*****
1179,60.717,28.733,13.0,197105312100,***,0,***,57,*****
1180,60.717,28.733,13.0,197106010000,***,0,***,52,*****
1181,60.717,28.733,13.0,197106010300,***,0,***,52,*****
1182,60.717,28.733,13.0,197106010600,***,0,***,61,*****
1183,60.717,28.733,13.0,197106010900,180,9,***,70,*****
1184,60.717,28.733,13.0,197106011200,230,9,***,73,*****
1185,60.717,28.733,13.0,197106011500,230,11,***,73,*****
1186,60.717,28.733,13.0,197106011800,180,7,***,68,*****
1187,60.717,28.733,13.0,197106012100,***,0,***,63,*****
1188,60.717,28.733,13.0,197106020000,230,2,***,54,*****
1189,60.717,28.733,13.0,197106020300,230,2,***,55,*****
1190,60.717,28.733,13.0,197106020600,180,9,***,63,*****
1191,60.717,28.733,13.0,197106020900,200,16,***,66,*****
1192,60.717,28.733,13.0,197106021200,200,18,***,68,*****
1193,60.717,28.733,13.0,197106021500,200,16,***,66,*****
1194,60.717,28.733,13.0,197106021800,270,11,***,64,*****
1195,60.717,28.733,13.0,197106022100,230,2,***,64,*****
1196,60.717,28.733,13.0,197106030000,250,2,***,61,*****
1197,60.717,28.733,13.0,197106030300,180,5,***,63,*****
1198,60.717,28.733,13.0,197106030600,180,9,***,64,*****
1199,60.717,28.733,13.0,197106030900,200,11,***,72,*****
1200,60.717,28.733,13.0,197106031200,200,18,***,68,*****
1201,60.717,28.733,13.0,197106031500,180,18,***,66,*****
1202,60.717,28.733,13.0,197106031800,200,11,***,63,*****
1203,60.717,28.733,13.0,197106032100,200,11,***,59,*****
1204,60.717,28.733,13.0,197106040000,290,7,***,55,*****
1205,60.717,28.733,13.0,197106040300,290,11,***,55,*****
1206,60.717,28.733,13.0,197106040600,290,11,***,59,*****
1207,60.717,28.733,13.0,197106040900,270,9,***,57,*****
1208,60.717,28.733,13.0,197106041200,290,9,***,54,*****
1209,60.717,28.733,13.0,197106041500,290,9,***,54,*****
1210,60.717,28.733,13.0,197106041800,320,2,***,57,*****
1211,60.717,28.733,13.0,197106042100,340,2,***,55,*****
1212,60.717,28.733,13.0,197106050000,320,2,***,63,*****
1213,60.717,28.733,13.0,197106050300,340,5,***,50,*****
1214,60.717,28.733,13.0,197106050600,360,7,***,52,*****
1215,60.717,28.733,13.0,197106050900,360,9,***,55,*****
1216,60.717,28.733,13.0,197106051200,270,5,***,57,*****
1217,60.717,28.733,13.0,197106051500,270,9,***,59,*****
1218,60.717,28.733,13.0,197106051800,320,7,***,61,*****
1219,60.717,28.733,13.0,197106052100,320,2,***,54,*****
1220,60.717,28.733,13.0,197106060000,320,2,***,50,*****
1221,60.717,28.733,13.0,197106060300,360,5,***,52,*****
1222,60.717,28.733,13.0,197106060600,050,9,***,54,*****
1223,60.717,28.733,13.0,197106060900,070,11,***,54,*****
1224,60.717,28.733,13.0,197106061200,050,11,***,55,*****
1225,60.717,28.733,13.0,197106061500,070,5,***,55,*****
1226,60.717,28.733,13.0,197106061800,090,5,***,55,*****
1227,60.717,28.733,13.0,197106062100,230,7,***,52,*****
1228,60.717,28.733,13.0,197106070000,230,16,***,52,*****
1229,60.717,28.733,13.0,197106070300,230,18,***,52,*****
1230,60.717,28.733,13.0,197106070600,230,22,***,54,*****
1231,60.717,28.733,13.0,197106070900,200,24,***,55,*****
1232,60.717,28.733,13.0,197106071200,230,24,***,57,*****
1233,60.717,28.733,13.0,197106071500,230,24,***,57,*****
1234,60.717,28.733,13.0,197106071800,230,14,***,57,*****
1235,60.717,28.733,13.0,197106072100,290,7,***,52,*****
1236,60.717,28.733,13.0,197106080000,270,2,***,48,*****
1237,60.717,28.733,13.0,197106080300,290,5,***,46,*****
1238,60.717,28.733,13.0,197106080600,160,5,***,55,*****
1239,60.717,28.733,13.0,197106080900,230,11,***,61,*****
1240,60.717,28.733,13.0,197106081200,200,11,***,64,*****
1241,60.717,28.733,13.0,197106081500,230,11,***,68,*****
1242,60.717,28.733,13.0,197106081800,200,9,***,63,*****
1243,60.717,28.733,13.0,197106082100,340,7,***,50,*****
1244,60.717,28.733,13.0,197106090000,340,7,***,48,*****
1245,60.717,28.733,13.0,197106090300,360,7,***,46,*****
1246,60.717,28.733,13.0,197106090600,320,9,***,48,*****
1247,60.717,28.733,13.0,197106090900,320,11,***,52,*****
1248,60.717,28.733,13.0,197106091200,320,9,***,54,*****
1249,60.717,28.733,13.0,197106091500,340,9,***,54,*****
1250,60.717,28.733,13.0,197106091800,320,5,***,54,*****
1251,60.717,28.733,13.0,197106092100,360,2,***,46,*****
1252,60.717,28.733,13.0,197106100000,360,5,***,43,*****
1253,60.717,28.733,13.0,197106100600,090,5,***,54,*****
1254,60.717,28.733,13.0,197106101200,090,9,***,61,*****
1255,60.717,28.733,13.0,197106101500,090,11,***,61,*****
1256,60.717,28.733,13.0,197106101800,070,11,***,57,*****
1257,60.717,28.733,13.0,197106102100,020,7,***,52,*****
1258,60.717,28.733,13.0,197106110000,020,7,***,48,*****
1259,60.717,28.733,13.0,197106110300,050,11,***,50,*****
1260,60.717,28.733,13.0,197106110600,050,11,***,50,*****
1261,60.717,28.733,13.0,197106110900,070,18,***,54,*****
1262,60.717,28.733,13.0,197106111200,070,18,***,54,*****
1263,60.717,28.733,13.0,197106111500,090,16,***,52,*****
1264,60.717,28.733,13.0,197106111800,050,11,***,48,*****
1265,60.717,28.733,13.0,197106112100,050,11,***,48,*****
1266,60.717,28.733,13.0,197106120000,050,11,***,46,*****
1267,60.717,28.733,13.0,197106120300,070,11,***,46,*****
1268,60.717,28.733,13.0,197106120600,070,11,***,46,*****
1269,60.717,28.733,13.0,197106120900,050,9,***,46,*****
1270,60.717,28.733,13.0,197106121200,050,11,***,46,*****
1271,60.717,28.733,13.0,197106121500,050,9,***,46,*****
1272,60.717,28.733,13.0,197106121800,070,7,***,48,*****
1273,60.717,28.733,13.0,197106122100,050,7,***,46,*****
1274,60.717,28.733,13.0,197106130000,090,9,***,46,*****
1275,60.717,28.733,13.0,197106130300,050,9,***,48,*****
1276,60.717,28.733,13.0,197106130600,360,7,***,48,*****
1277,60.717,28.733,13.0,197106130900,020,7,***,50,*****
1278,60.717,28.733,13.0,197106131200,360,7,***,52,*****
1279,60.717,28.733,13.0,197106131500,360,5,***,52,*****
1280,60.717,28.733,13.0,197106131800,050,5,***,52,*****
1281,60.717,28.733,13.0,197106132100,020,2,***,50,*****
1282,60.717,28.733,13.0,197106140000,020,5,***,50,*****
1283,60.717,28.733,13.0,197106140300,020,5,***,50,*****
1284,60.717,28.733,13.0,197106140600,050,5,***,52,*****
1285,60.717,28.733,13.0,197106140900,060,11,***,57,*****
1286,60.717,28.733,13.0,197106141200,090,7,***,61,*****
1287,60.717,28.733,13.0,197106141500,050,7,***,61,*****
1288,60.717,28.733,13.0,197106141800,360,7,***,57,*****
1289,60.717,28.733,13.0,197106142100,360,7,***,57,*****
1290,60.717,28.733,13.0,197106150000,320,5,***,55,*****
1291,60.717,28.733,13.0,197106150300,320,5,***,54,*****
1292,60.717,28.733,13.0,197106150600,320,2,***,59,*****
1293,60.717,28.733,13.0,197106150900,200,11,***,61,*****
1294,60.717,28.733,13.0,197106151200,200,11,***,61,*****
1295,60.717,28.733,13.0,197106151500,200,11,***,63,*****
1296,60.717,28.733,13.0,197106151800,230,14,***,61,*****
1297,60.717,28.733,13.0,197106152100,230,14,***,54,*****
1298,60.717,28.733,13.0,197106160000,230,5,***,50,*****
1299,60.717,28.733,13.0,197106160300,230,7,***,50,*****
1300,60.717,28.733,13.0,197106160600,230,9,***,55,*****
1301,60.717,28.733,13.0,197106160900,290,9,***,61,*****
1302,60.717,28.733,13.0,197106161200,230,7,***,66,*****
1303,60.717,28.733,13.0,197106161500,***,0,***,72,*****
1304,60.717,28.733,13.0,197106161800,160,9,***,72,*****
1305,60.717,28.733,13.0,197106162100,090,11,***,61,*****
1306,60.717,28.733,13.0,197106170000,090,11,***,57,*****
1307,60.717,28.733,13.0,197106170300,090,9,***,57,*****
1308,60.717,28.733,13.0,197106170600,090,9,***,64,*****
1309,60.717,28.733,13.0,197106170900,140,16,***,70,*****
1310,60.717,28.733,13.0,197106171200,180,18,***,57,*****
1311,60.717,28.733,13.0,197106171500,230,14,***,54,*****
1312,60.717,28.733,13.0,197106171800,250,11,***,52,*****
1313,60.717,28.733,13.0,197106172100,250,9,***,50,*****
1314,60.717,28.733,13.0,197106180000,270,5,***,50,*****
1315,60.717,28.733,13.0,197106180300,270,7,***,50,*****
1316,60.717,28.733,13.0,197106180600,230,2,***,55,*****
1317,60.717,28.733,13.0,197106180900,180,16,***,57,*****
1318,60.717,28.733,13.0,197106181200,200,18,***,55,*****
1319,60.717,28.733,13.0,197106181500,230,16,***,57,*****
1320,60.717,28.733,13.0,197106181800,180,11,***,54,*****
1321,60.717,28.733,13.0,197106182100,250,5,***,54,*****
1322,60.717,28.733,13.0,197106190000,270,5,***,50,*****
1323,60.717,28.733,13.0,197106190300,320,5,***,52,*****
1324,60.717,28.733,13.0,197106190600,320,7,***,59,*****
1325,60.717,28.733,13.0,197106190900,360,5,***,64,*****
1326,60.717,28.733,13.0,197106191200,340,5,***,68,*****
1327,60.717,28.733,13.0,197106191500,340,5,***,68,*****
1328,60.717,28.733,13.0,197106191800,340,2,***,64,*****
1329,60.717,28.733,13.0,197106192100,050,5,***,59,*****
1330,60.717,28.733,13.0,197106200000,360,5,***,57,*****
1331,60.717,28.733,13.0,197106200300,020,2,***,55,*****
1332,60.717,28.733,13.0,197106200600,020,5,***,63,*****
1333,60.717,28.733,13.0,197106200900,140,2,***,73,*****
1334,60.717,28.733,13.0,197106201200,020,7,***,73,*****
1335,60.717,28.733,13.0,197106201500,090,7,***,72,*****
1336,60.717,28.733,13.0,197106201800,090,5,***,68,*****
1337,60.717,28.733,13.0,197106202100,360,2,***,57,*****
1338,60.717,28.733,13.0,197106210000,050,5,***,54,*****
1339,60.717,28.733,13.0,197106210300,050,9,***,52,*****
1340,60.717,28.733,13.0,197106210600,070,5,***,59,*****
1341,60.717,28.733,13.0,197106210900,020,5,***,66,*****
1342,60.717,28.733,13.0,197106211200,050,7,***,68,*****
1343,60.717,28.733,13.0,197106211500,090,5,***,70,*****
1344,60.717,28.733,13.0,197106211800,090,5,***,68,*****
1345,60.717,28.733,13.0,197106212100,***,0,***,61,*****
1346,60.717,28.733,13.0,197106220000,***,0,***,52,*****
1347,60.717,28.733,13.0,197106220300,***,0,***,54,*****
1348,60.717,28.733,13.0,197106220600,200,2,***,61,*****
1349,60.717,28.733,13.0,197106220900,180,11,***,66,*****
1350,60.717,28.733,13.0,197106221200,290,2,***,64,*****
1351,60.717,28.733,13.0,197106221500,090,2,***,68,*****
1352,60.717,28.733,13.0,197106221800,090,7,***,64,*****
1353,60.717,28.733,13.0,197106222100,140,5,***,59,*****
1354,60.717,28.733,13.0,197106230000,230,2,***,54,*****
1355,60.717,28.733,13.0,197106230300,290,2,***,52,*****
1356,60.717,28.733,13.0,197106230600,320,5,***,59,*****
1357,60.717,28.733,13.0,197106230900,360,9,***,66,*****
1358,60.717,28.733,13.0,197106231200,360,9,***,63,*****
1359,60.717,28.733,13.0,197106231500,360,11,***,61,*****
1360,60.717,28.733,13.0,197106231800,360,7,***,57,*****
1361,60.717,28.733,13.0,197106232100,360,5,***,52,*****
1362,60.717,28.733,13.0,197106240000,290,2,***,50,*****
1363,60.717,28.733,13.0,197106240300,320,5,***,48,*****
1364,60.717,28.733,13.0,197106240600,270,2,***,50,*****
1365,60.717,28.733,13.0,197106240900,290,5,***,54,*****
1366,60.717,28.733,13.0,197106241200,320,5,***,55,*****
1367,60.717,28.733,13.0,197106241500,320,5,***,55,*****
1368,60.717,28.733,13.0,197106241800,290,5,***,54,*****
1369,60.717,28.733,13.0,197106242100,270,5,***,50,*****
1370,60.717,28.733,13.0,197106250000,320,2,***,46,*****
1371,60.717,28.733,13.0,197106250300,320,5,***,48,*****
1372,60.717,28.733,13.0,197106250600,200,5,***,59,*****
1373,60.717,28.733,13.0,197106250900,230,11,***,57,*****
1374,60.717,28.733,13.0,197106251200,200,16,***,59,*****
1375,60.717,28.733,13.0,197106251500,200,16,***,59,*****
1376,60.717,28.733,13.0,197106251800,200,11,***,59,*****
1377,60.717,28.733,13.0,197106252100,230,9,***,57,*****
1378,60.717,28.733,13.0,197106260000,250,9,***,55,*****
1379,60.717,28.733,13.0,197106260300,270,5,***,54,*****
1380,60.717,28.733,13.0,197106260600,250,5,***,57,*****
1381,60.717,28.733,13.0,197106260900,230,9,***,63,*****
1382,60.717,28.733,13.0,197106261200,180,16,***,63,*****
1383,60.717,28.733,13.0,197106261500,140,5,***,59,*****
1384,60.717,28.733,13.0,197106261800,230,9,***,61,*****
1385,60.717,28.733,13.0,197106262100,230,5,***,57,*****
1386,60.717,28.733,13.0,197106270000,230,2,***,54,*****
1387,60.717,28.733,13.0,197106270300,***,0,***,54,*****
1388,60.717,28.733,13.0,197106270600,200,2,***,59,*****
1389,60.717,28.733,13.0,197106270900,180,9,***,66,*****
1390,60.717,28.733,13.0,197106271200,200,11,***,66,*****
1391,60.717,28.733,13.0,197106271800,200,2,***,64,*****
1392,60.717,28.733,13.0,197106272100,140,2,***,61,*****
1393,60.717,28.733,13.0,197106280000,050,5,***,59,*****
1394,60.717,28.733,13.0,197106280300,140,5,***,59,*****
1395,60.717,28.733,13.0,197106280600,200,11,***,66,*****
1396,60.717,28.733,13.0,197106280900,200,9,***,70,*****
1397,60.717,28.733,13.0,197106281200,200,16,***,73,*****
1398,60.717,28.733,13.0,197106281500,230,11,***,75,*****
1399,60.717,28.733,13.0,197106281800,250,11,***,68,*****
1400,60.717,28.733,13.0,197106282100,180,11,***,63,*****
1401,60.717,28.733,13.0,197106290000,200,11,***,59,*****
1402,60.717,28.733,13.0,197106290300,230,11,***,57,*****
1403,60.717,28.733,13.0,197106290600,230,11,***,61,*****
1404,60.717,28.733,13.0,197106290900,270,11,***,63,*****
1405,60.717,28.733,13.0,197106291200,360,2,***,64,*****
1406,60.717,28.733,13.0,197106291500,360,5,***,61,*****
1407,60.717,28.733,13.0,197106291800,050,7,***,57,*****
1408,60.717,28.733,13.0,197106292100,050,2,***,54,*****
1409,60.717,28.733,13.0,197106300000,020,5,***,52,*****
1410,60.717,28.733,13.0,197106300300,050,5,***,54,*****
1411,60.717,28.733,13.0,197106300600,090,5,***,61,*****
1412,60.717,28.733,13.0,197106300900,090,5,***,64,*****
1413,60.717,28.733,13.0,197106301200,050,11,***,66,*****
1414,60.717,28.733,13.0,197106301500,070,7,***,68,*****
1415,60.717,28.733,13.0,197106301800,070,5,***,64,*****
1416,60.717,28.733,13.0,197106302100,050,7,***,64,*****
